# step, world, group,control
0.000000000000000000e+00 2.635914332784184566e+01 2.500000000000000000e+01 3.333333333333332860e+01 9.000000000000000000e+00
1.000000000000000000e+00 2.487644151565073969e+01 3.333333333333332860e+01 3.888888888888889284e+01 1.200000000000000000e+01
2.000000000000000000e+00 2.458813838550247155e+01 1.666666666666666430e+01 2.777777777777777857e+01 6.000000000000000000e+00
3.000000000000000000e+00 2.392915980230642248e+01 2.500000000000000000e+01 3.055555555555555358e+01 9.000000000000000000e+00
4.000000000000000000e+00 2.191103789126853485e+01 1.666666666666666430e+01 2.777777777777777857e+01 6.000000000000000000e+00
5.000000000000000000e+00 2.026359143327841750e+01 2.777777777777777857e+01 2.500000000000000000e+01 1.000000000000000000e+01
6.000000000000000000e+00 2.088138385502471195e+01 3.611111111111110716e+01 3.333333333333332860e+01 1.300000000000000000e+01
7.000000000000000000e+00 2.055189456342668919e+01 3.055555555555555358e+01 4.722222222222222854e+01 1.100000000000000000e+01
8.000000000000000000e+00 2.009884678747940612e+01 3.611111111111110716e+01 2.777777777777777857e+01 1.300000000000000000e+01
9.000000000000000000e+00 2.108731466227347795e+01 3.333333333333332860e+01 3.333333333333332860e+01 1.200000000000000000e+01
1.000000000000000000e+01 1.816309719934102063e+01 3.611111111111110716e+01 3.055555555555555358e+01 1.300000000000000000e+01
1.100000000000000000e+01 1.841021416803953770e+01 3.611111111111110716e+01 3.055555555555555358e+01 1.300000000000000000e+01
1.200000000000000000e+01 1.676276771004942390e+01 3.055555555555555358e+01 3.888888888888889284e+01 1.100000000000000000e+01
1.300000000000000000e+01 1.680395387149917852e+01 4.722222222222222854e+01 3.333333333333332860e+01 1.700000000000000000e+01
1.400000000000000000e+01 1.680395387149917852e+01 3.055555555555555358e+01 3.611111111111110716e+01 1.100000000000000000e+01
1.500000000000000000e+01 1.593904448105436522e+01 4.722222222222222854e+01 4.444444444444444287e+01 1.700000000000000000e+01
1.600000000000000000e+01 1.577429983525535384e+01 3.611111111111110716e+01 1.944444444444444642e+01 1.300000000000000000e+01
1.700000000000000000e+01 1.569192751235584993e+01 4.166666666666667140e+01 3.055555555555555358e+01 1.500000000000000000e+01
1.800000000000000000e+01 1.441515650741350996e+01 3.055555555555555358e+01 2.777777777777777857e+01 1.100000000000000000e+01
1.900000000000000000e+01 1.334431630971993421e+01 4.166666666666667140e+01 2.777777777777777857e+01 1.500000000000000000e+01
2.000000000000000000e+01 1.182042833607907717e+01 2.222222222222222143e+01 1.944444444444444642e+01 8.000000000000000000e+00
2.100000000000000000e+01 1.153212520593080725e+01 3.611111111111110716e+01 2.222222222222222143e+01 1.300000000000000000e+01
2.200000000000000000e+01 1.247940691927512447e+01 2.777777777777777857e+01 2.222222222222222143e+01 1.000000000000000000e+01
2.300000000000000000e+01 1.223228995057660740e+01 3.888888888888889284e+01 1.944444444444444642e+01 1.400000000000000000e+01
2.400000000000000000e+01 1.338550247116968528e+01 3.055555555555555358e+01 2.222222222222222143e+01 1.100000000000000000e+01
2.500000000000000000e+01 1.223228995057660740e+01 4.444444444444444287e+01 1.666666666666666430e+01 1.600000000000000000e+01
2.600000000000000000e+01 1.256177924217462838e+01 2.500000000000000000e+01 8.333333333333332149e+00 9.000000000000000000e+00
2.700000000000000000e+01 1.293245469522240576e+01 3.333333333333332860e+01 8.333333333333332149e+00 1.200000000000000000e+01
2.800000000000000000e+01 1.355024711696869666e+01 3.333333333333332860e+01 1.388888888888888928e+01 1.200000000000000000e+01
2.900000000000000000e+01 1.202635914332784139e+01 3.888888888888889284e+01 1.388888888888888928e+01 1.400000000000000000e+01
3.000000000000000000e+01 1.214991762767710171e+01 3.888888888888889284e+01 1.666666666666666430e+01 1.400000000000000000e+01
3.100000000000000000e+01 1.227347611202635846e+01 2.222222222222222143e+01 1.388888888888888928e+01 8.000000000000000000e+00
3.200000000000000000e+01 1.235584843492586415e+01 3.611111111111110716e+01 1.111111111111111072e+01 1.300000000000000000e+01
3.300000000000000000e+01 1.235584843492586415e+01 2.777777777777777857e+01 1.388888888888888928e+01 1.000000000000000000e+01
3.400000000000000000e+01 1.173805601317957148e+01 3.055555555555555358e+01 1.388888888888888928e+01 1.100000000000000000e+01
3.500000000000000000e+01 1.169686985172981863e+01 3.055555555555555358e+01 1.666666666666666430e+01 1.100000000000000000e+01
3.600000000000000000e+01 1.202635914332784139e+01 3.055555555555555358e+01 1.944444444444444642e+01 1.100000000000000000e+01
3.700000000000000000e+01 1.317957166392092283e+01 1.666666666666666430e+01 1.388888888888888928e+01 6.000000000000000000e+00
3.800000000000000000e+01 1.350906095551894559e+01 2.222222222222222143e+01 2.222222222222222143e+01 8.000000000000000000e+00
3.900000000000000000e+01 1.338550247116968528e+01 3.055555555555555358e+01 1.666666666666666430e+01 1.100000000000000000e+01
4.000000000000000000e+01 1.425041186161449858e+01 1.944444444444444642e+01 2.777777777777777857e+01 7.000000000000000000e+00
4.100000000000000000e+01 1.560955518945634246e+01 1.388888888888888928e+01 1.944444444444444642e+01 5.000000000000000000e+00
4.200000000000000000e+01 1.462108731466227241e+01 1.388888888888888928e+01 1.666666666666666430e+01 5.000000000000000000e+00
4.300000000000000000e+01 1.536243822075782717e+01 8.333333333333332149e+00 2.500000000000000000e+01 3.000000000000000000e+00
4.400000000000000000e+01 1.445634266886326103e+01 5.555555555555555358e+00 2.500000000000000000e+01 2.000000000000000000e+00
4.500000000000000000e+01 1.453871499176276849e+01 1.944444444444444642e+01 2.500000000000000000e+01 7.000000000000000000e+00
4.600000000000000000e+01 1.305601317957166252e+01 2.500000000000000000e+01 2.222222222222222143e+01 9.000000000000000000e+00
4.700000000000000000e+01 1.280889621087314723e+01 2.500000000000000000e+01 3.888888888888889284e+01 9.000000000000000000e+00
4.800000000000000000e+01 1.309719934102141714e+01 2.222222222222222143e+01 2.222222222222222143e+01 8.000000000000000000e+00
4.900000000000000000e+01 1.346787479406919275e+01 1.944444444444444642e+01 2.500000000000000000e+01 7.000000000000000000e+00
5.000000000000000000e+01 1.276771004942339438e+01 3.333333333333332860e+01 2.777777777777777857e+01 1.200000000000000000e+01
5.100000000000000000e+01 1.260296540362438300e+01 2.500000000000000000e+01 2.222222222222222143e+01 9.000000000000000000e+00
5.200000000000000000e+01 1.214991762767710171e+01 1.944444444444444642e+01 3.333333333333332860e+01 7.000000000000000000e+00
5.300000000000000000e+01 9.637561779242174609e+00 1.944444444444444642e+01 3.055555555555555358e+01 7.000000000000000000e+00
5.400000000000000000e+01 9.143327841845140469e+00 2.222222222222222143e+01 3.888888888888889284e+01 8.000000000000000000e+00
5.500000000000000000e+01 8.607907742998351708e+00 2.500000000000000000e+01 3.333333333333332860e+01 9.000000000000000000e+00
5.600000000000000000e+01 9.390444810543657539e+00 2.500000000000000000e+01 1.944444444444444642e+01 9.000000000000000000e+00
5.700000000000000000e+01 8.896210873146623399e+00 2.500000000000000000e+01 8.333333333333332149e+00 9.000000000000000000e+00
5.800000000000000000e+01 9.637561779242174609e+00 3.333333333333332860e+01 0.000000000000000000e+00 1.200000000000000000e+01
5.900000000000000000e+01 9.431630971993410384e+00 4.166666666666667140e+01 0.000000000000000000e+00 1.500000000000000000e+01
6.000000000000000000e+01 1.062602965403624466e+01 3.611111111111110716e+01 0.000000000000000000e+00 1.300000000000000000e+01
6.100000000000000000e+01 1.046128500823723328e+01 4.166666666666667140e+01 2.777777777777777679e+00 1.500000000000000000e+01
6.200000000000000000e+01 9.472817133443163229e+00 3.611111111111110716e+01 5.555555555555555358e+00 1.300000000000000000e+01
6.300000000000000000e+01 1.091433278418451280e+01 3.611111111111110716e+01 1.111111111111111072e+01 1.300000000000000000e+01
6.400000000000000000e+01 1.042009884678747866e+01 1.944444444444444642e+01 1.944444444444444642e+01 7.000000000000000000e+00
6.500000000000000000e+01 9.967051070840197369e+00 1.944444444444444642e+01 1.388888888888888928e+01 7.000000000000000000e+00
6.600000000000000000e+01 1.083196046128500711e+01 1.388888888888888928e+01 1.111111111111111072e+01 5.000000000000000000e+00
6.700000000000000000e+01 1.062602965403624466e+01 1.111111111111111072e+01 8.333333333333332149e+00 4.000000000000000000e+00
6.800000000000000000e+01 1.062602965403624466e+01 1.944444444444444642e+01 8.333333333333332149e+00 7.000000000000000000e+00
6.900000000000000000e+01 1.013179571663920875e+01 1.388888888888888928e+01 5.555555555555555358e+00 5.000000000000000000e+00
7.000000000000000000e+01 1.149093904448105441e+01 2.222222222222222143e+01 8.333333333333332149e+00 8.000000000000000000e+00
7.100000000000000000e+01 1.116144975288303165e+01 2.222222222222222143e+01 1.111111111111111072e+01 8.000000000000000000e+00
7.200000000000000000e+01 1.223228995057660740e+01 2.222222222222222143e+01 1.388888888888888928e+01 8.000000000000000000e+00
7.300000000000000000e+01 1.177924217462932432e+01 2.777777777777777857e+01 5.555555555555555358e+00 1.000000000000000000e+01
7.400000000000000000e+01 1.285008237232289829e+01 2.500000000000000000e+01 0.000000000000000000e+00 9.000000000000000000e+00
7.500000000000000000e+01 1.087314662273476173e+01 2.777777777777777857e+01 0.000000000000000000e+00 1.000000000000000000e+01
7.600000000000000000e+01 1.190280065897858286e+01 3.333333333333332860e+01 2.777777777777777679e+00 1.200000000000000000e+01
7.700000000000000000e+01 1.186161449752883001e+01 2.222222222222222143e+01 8.333333333333332149e+00 8.000000000000000000e+00
7.800000000000000000e+01 1.313838550247116999e+01 2.500000000000000000e+01 8.333333333333332149e+00 9.000000000000000000e+00
7.900000000000000000e+01 1.285008237232289829e+01 1.944444444444444642e+01 1.111111111111111072e+01 7.000000000000000000e+00
8.000000000000000000e+01 1.371499176276770804e+01 3.333333333333332860e+01 1.388888888888888928e+01 1.200000000000000000e+01
8.100000000000000000e+01 1.214991762767710171e+01 3.611111111111110716e+01 2.777777777777777857e+01 1.300000000000000000e+01
8.200000000000000000e+01 1.346787479406919275e+01 3.611111111111110716e+01 2.777777777777777857e+01 1.300000000000000000e+01
8.300000000000000000e+01 1.334431630971993421e+01 2.777777777777777857e+01 3.888888888888889284e+01 1.000000000000000000e+01
8.400000000000000000e+01 1.383855024711696835e+01 5.555555555555555713e+01 3.333333333333332860e+01 2.000000000000000000e+01
8.500000000000000000e+01 1.371499176276770804e+01 1.944444444444444642e+01 4.444444444444444287e+01 7.000000000000000000e+00
8.600000000000000000e+01 1.379736408566721551e+01 3.055555555555555358e+01 3.055555555555555358e+01 1.100000000000000000e+01
8.700000000000000000e+01 1.449752883031301387e+01 1.944444444444444642e+01 1.388888888888888928e+01 7.000000000000000000e+00
8.800000000000000000e+01 1.264415156507413585e+01 3.888888888888889284e+01 1.666666666666666430e+01 1.400000000000000000e+01
8.900000000000000000e+01 1.334431630971993421e+01 2.222222222222222143e+01 1.666666666666666430e+01 8.000000000000000000e+00
9.000000000000000000e+01 1.363261943986820413e+01 1.944444444444444642e+01 2.222222222222222143e+01 7.000000000000000000e+00
9.100000000000000000e+01 1.330313014827018137e+01 2.500000000000000000e+01 1.666666666666666430e+01 9.000000000000000000e+00
9.200000000000000000e+01 1.280889621087314723e+01 2.500000000000000000e+01 1.944444444444444642e+01 9.000000000000000000e+00
9.300000000000000000e+01 1.293245469522240576e+01 3.333333333333332860e+01 2.222222222222222143e+01 1.200000000000000000e+01
9.400000000000000000e+01 1.140856672158154872e+01 1.111111111111111072e+01 2.222222222222222143e+01 4.000000000000000000e+00
9.500000000000000000e+01 1.182042833607907717e+01 1.111111111111111072e+01 2.500000000000000000e+01 4.000000000000000000e+00
9.600000000000000000e+01 1.144975288303130156e+01 5.555555555555555358e+00 1.944444444444444642e+01 2.000000000000000000e+00
9.700000000000000000e+01 1.058484349258649004e+01 8.333333333333332149e+00 1.944444444444444642e+01 3.000000000000000000e+00
9.800000000000000000e+01 1.087314662273476173e+01 1.666666666666666430e+01 1.666666666666666430e+01 6.000000000000000000e+00
9.900000000000000000e+01 1.042009884678747866e+01 1.388888888888888928e+01 1.388888888888888928e+01 5.000000000000000000e+00
1.000000000000000000e+02 1.124382207578253734e+01 2.222222222222222143e+01 2.777777777777777857e+01 8.000000000000000000e+00
1.010000000000000000e+02 1.042009884678747866e+01 1.111111111111111072e+01 1.944444444444444642e+01 4.000000000000000000e+00
1.020000000000000000e+02 1.103789126853377311e+01 0.000000000000000000e+00 1.388888888888888928e+01 -6.000000000000000000e+03
