# step, world, group,control
0.000000000000000000e+00 2.808896210873146870e+01 2.222222222222222143e+01 2.500000000000000000e+01 8.000000000000000000e+00
1.000000000000000000e+00 2.681219110378912873e+01 3.888888888888889284e+01 3.333333333333332860e+01 1.400000000000000000e+01
2.000000000000000000e+00 2.487644151565073969e+01 2.777777777777777857e+01 4.722222222222222854e+01 1.000000000000000000e+01
3.000000000000000000e+00 2.475288303130148293e+01 3.611111111111110716e+01 3.888888888888889284e+01 1.300000000000000000e+01
4.000000000000000000e+00 2.302306425041186344e+01 2.777777777777777857e+01 3.055555555555555358e+01 1.000000000000000000e+01
5.000000000000000000e+00 2.397034596375618065e+01 4.166666666666667140e+01 2.500000000000000000e+01 1.500000000000000000e+01
6.000000000000000000e+00 2.211696869851729730e+01 2.222222222222222143e+01 2.777777777777777857e+01 8.000000000000000000e+00
7.000000000000000000e+00 2.046952224052718350e+01 2.777777777777777857e+01 3.333333333333332860e+01 1.000000000000000000e+01
8.000000000000000000e+00 1.985172981878088905e+01 2.777777777777777857e+01 3.611111111111110716e+01 1.000000000000000000e+01
9.000000000000000000e+00 1.915156507413509246e+01 2.777777777777777857e+01 3.055555555555555358e+01 1.000000000000000000e+01
1.000000000000000000e+01 1.795716639209225818e+01 1.944444444444444642e+01 3.055555555555555358e+01 7.000000000000000000e+00
1.100000000000000000e+01 1.783360790774299787e+01 2.500000000000000000e+01 3.888888888888889284e+01 9.000000000000000000e+00
1.200000000000000000e+01 1.754530477759472973e+01 5.555555555555555358e+00 3.055555555555555358e+01 2.000000000000000000e+00
1.300000000000000000e+01 1.808072487644151494e+01 2.777777777777777679e+00 2.777777777777777857e+01 1.000000000000000000e+00
1.400000000000000000e+01 1.775123558484349218e+01 5.555555555555555358e+00 1.111111111111111072e+01 2.000000000000000000e+00
1.500000000000000000e+01 1.841021416803953770e+01 8.333333333333332149e+00 1.388888888888888928e+01 3.000000000000000000e+00
1.600000000000000000e+01 1.721581548599670342e+01 1.111111111111111072e+01 1.111111111111111072e+01 4.000000000000000000e+00
1.700000000000000000e+01 1.779242174629324680e+01 1.666666666666666430e+01 1.111111111111111072e+01 6.000000000000000000e+00
1.800000000000000000e+01 1.795716639209225818e+01 1.388888888888888928e+01 1.111111111111111072e+01 5.000000000000000000e+00
1.900000000000000000e+01 1.771004942339374111e+01 1.388888888888888928e+01 1.111111111111111072e+01 5.000000000000000000e+00
2.000000000000000000e+01 1.771004942339374111e+01 1.388888888888888928e+01 1.111111111111111072e+01 5.000000000000000000e+00
2.100000000000000000e+01 1.635090609555189545e+01 1.388888888888888928e+01 1.111111111111111072e+01 5.000000000000000000e+00
2.200000000000000000e+01 1.705107084019769204e+01 1.111111111111111072e+01 1.111111111111111072e+01 4.000000000000000000e+00
2.300000000000000000e+01 1.396210873146622689e+01 2.777777777777777679e+00 1.111111111111111072e+01 1.000000000000000000e+00
2.400000000000000000e+01 1.560955518945634246e+01 5.555555555555555358e+00 1.111111111111111072e+01 2.000000000000000000e+00
2.500000000000000000e+01 1.338550247116968528e+01 2.777777777777777679e+00 1.111111111111111072e+01 1.000000000000000000e+00
2.600000000000000000e+01 1.466227347611202525e+01 2.777777777777777679e+00 1.111111111111111072e+01 1.000000000000000000e+00
2.700000000000000000e+01 1.466227347611202525e+01 5.555555555555555358e+00 1.111111111111111072e+01 2.000000000000000000e+00
2.800000000000000000e+01 1.486820428336079125e+01 5.555555555555555358e+00 1.111111111111111072e+01 2.000000000000000000e+00
2.900000000000000000e+01 1.560955518945634246e+01 8.333333333333332149e+00 1.111111111111111072e+01 3.000000000000000000e+00
3.000000000000000000e+01 1.466227347611202525e+01 1.111111111111111072e+01 1.111111111111111072e+01 4.000000000000000000e+00
3.100000000000000000e+01 1.519769357495881579e+01 8.333333333333332149e+00 1.111111111111111072e+01 3.000000000000000000e+00
3.200000000000000000e+01 1.577429983525535384e+01 8.333333333333332149e+00 1.111111111111111072e+01 3.000000000000000000e+00
3.300000000000000000e+01 1.560955518945634246e+01 8.333333333333332149e+00 1.111111111111111072e+01 3.000000000000000000e+00
3.400000000000000000e+01 1.420922570016474573e+01 1.111111111111111072e+01 1.111111111111111072e+01 4.000000000000000000e+00
3.500000000000000000e+01 1.503294892915980263e+01 1.666666666666666430e+01 1.111111111111111072e+01 6.000000000000000000e+00
3.600000000000000000e+01 1.412685337726523827e+01 1.111111111111111072e+01 1.111111111111111072e+01 4.000000000000000000e+00
3.700000000000000000e+01 1.396210873146622689e+01 1.388888888888888928e+01 1.111111111111111072e+01 5.000000000000000000e+00
3.800000000000000000e+01 1.326194398682042852e+01 1.111111111111111072e+01 1.111111111111111072e+01 4.000000000000000000e+00
3.900000000000000000e+01 1.289126853377265114e+01 2.222222222222222143e+01 1.111111111111111072e+01 8.000000000000000000e+00
4.000000000000000000e+01 1.223228995057660740e+01 1.666666666666666430e+01 1.111111111111111072e+01 6.000000000000000000e+00
4.100000000000000000e+01 1.235584843492586415e+01 2.500000000000000000e+01 1.111111111111111072e+01 9.000000000000000000e+00
4.200000000000000000e+01 1.272652388797363976e+01 2.222222222222222143e+01 1.111111111111111072e+01 8.000000000000000000e+00
4.300000000000000000e+01 1.309719934102141714e+01 2.222222222222222143e+01 1.111111111111111072e+01 8.000000000000000000e+00
4.400000000000000000e+01 1.219110378912685277e+01 4.166666666666667140e+01 1.111111111111111072e+01 1.500000000000000000e+01
4.500000000000000000e+01 1.330313014827018137e+01 2.222222222222222143e+01 1.111111111111111072e+01 8.000000000000000000e+00
4.600000000000000000e+01 1.404448105436573435e+01 1.666666666666666430e+01 1.111111111111111072e+01 6.000000000000000000e+00
4.700000000000000000e+01 1.297364085667215861e+01 1.944444444444444642e+01 1.111111111111111072e+01 7.000000000000000000e+00
4.800000000000000000e+01 1.470345963756177987e+01 2.500000000000000000e+01 1.111111111111111072e+01 9.000000000000000000e+00
4.900000000000000000e+01 1.359143327841845306e+01 1.388888888888888928e+01 1.111111111111111072e+01 5.000000000000000000e+00
5.000000000000000000e+01 1.363261943986820413e+01 1.388888888888888928e+01 1.111111111111111072e+01 5.000000000000000000e+00
5.100000000000000000e+01 1.309719934102141714e+01 1.111111111111111072e+01 1.111111111111111072e+01 4.000000000000000000e+00
5.200000000000000000e+01 1.264415156507413585e+01 1.111111111111111072e+01 1.111111111111111072e+01 4.000000000000000000e+00
5.300000000000000000e+01 1.293245469522240576e+01 1.111111111111111072e+01 1.111111111111111072e+01 4.000000000000000000e+00
5.400000000000000000e+01 1.272652388797363976e+01 1.111111111111111072e+01 1.111111111111111072e+01 4.000000000000000000e+00
5.500000000000000000e+01 1.161449752883031294e+01 1.111111111111111072e+01 1.111111111111111072e+01 4.000000000000000000e+00
5.600000000000000000e+01 1.112026359143327880e+01 1.666666666666666430e+01 1.111111111111111072e+01 6.000000000000000000e+00
5.700000000000000000e+01 1.140856672158154872e+01 1.666666666666666430e+01 1.111111111111111072e+01 6.000000000000000000e+00
5.800000000000000000e+01 1.198517298187809033e+01 1.388888888888888928e+01 1.111111111111111072e+01 5.000000000000000000e+00
5.900000000000000000e+01 1.227347611202635846e+01 2.222222222222222143e+01 1.111111111111111072e+01 8.000000000000000000e+00
6.000000000000000000e+01 1.330313014827018137e+01 1.666666666666666430e+01 1.111111111111111072e+01 6.000000000000000000e+00
6.100000000000000000e+01 1.260296540362438300e+01 2.777777777777777857e+01 1.111111111111111072e+01 1.000000000000000000e+01
6.200000000000000000e+01 1.252059308072487553e+01 1.666666666666666430e+01 1.111111111111111072e+01 6.000000000000000000e+00
6.300000000000000000e+01 1.132619439868204303e+01 2.777777777777777857e+01 1.111111111111111072e+01 1.000000000000000000e+01
6.400000000000000000e+01 1.194398682042833570e+01 3.055555555555555358e+01 1.388888888888888928e+01 1.100000000000000000e+01
6.500000000000000000e+01 1.227347611202635846e+01 4.722222222222222854e+01 1.111111111111111072e+01 1.700000000000000000e+01
6.600000000000000000e+01 1.317957166392092283e+01 3.888888888888889284e+01 1.111111111111111072e+01 1.400000000000000000e+01
6.700000000000000000e+01 1.437397034596375711e+01 3.888888888888889284e+01 1.111111111111111072e+01 1.400000000000000000e+01
6.800000000000000000e+01 1.359143327841845306e+01 3.333333333333332860e+01 1.111111111111111072e+01 1.200000000000000000e+01
6.900000000000000000e+01 1.355024711696869666e+01 4.166666666666667140e+01 1.388888888888888928e+01 1.500000000000000000e+01
7.000000000000000000e+01 1.437397034596375711e+01 3.333333333333332860e+01 1.388888888888888928e+01 1.200000000000000000e+01
7.100000000000000000e+01 1.425041186161449858e+01 3.333333333333332860e+01 1.111111111111111072e+01 1.200000000000000000e+01
7.200000000000000000e+01 1.478583196046128556e+01 5.000000000000000000e+01 1.944444444444444642e+01 1.800000000000000000e+01
7.300000000000000000e+01 1.445634266886326103e+01 2.500000000000000000e+01 1.111111111111111072e+01 9.000000000000000000e+00
7.400000000000000000e+01 1.420922570016474573e+01 3.333333333333332860e+01 1.388888888888888928e+01 1.200000000000000000e+01
7.500000000000000000e+01 1.569192751235584993e+01 1.666666666666666430e+01 1.388888888888888928e+01 6.000000000000000000e+00
7.600000000000000000e+01 1.668039538714991821e+01 1.944444444444444642e+01 1.388888888888888928e+01 7.000000000000000000e+00
7.700000000000000000e+01 1.573311367380560100e+01 1.944444444444444642e+01 1.666666666666666430e+01 7.000000000000000000e+00
7.800000000000000000e+01 1.457990115321252134e+01 1.666666666666666430e+01 8.333333333333332149e+00 6.000000000000000000e+00
7.900000000000000000e+01 1.392092257001647582e+01 1.111111111111111072e+01 5.555555555555555358e+00 4.000000000000000000e+00
8.000000000000000000e+01 1.379736408566721551e+01 8.333333333333332149e+00 0.000000000000000000e+00 3.000000000000000000e+00
8.100000000000000000e+01 1.334431630971993421e+01 1.944444444444444642e+01 0.000000000000000000e+00 7.000000000000000000e+00
8.200000000000000000e+01 1.392092257001647582e+01 1.111111111111111072e+01 0.000000000000000000e+00 4.000000000000000000e+00
8.300000000000000000e+01 1.346787479406919275e+01 1.111111111111111072e+01 0.000000000000000000e+00 4.000000000000000000e+00
8.400000000000000000e+01 1.359143327841845306e+01 1.388888888888888928e+01 0.000000000000000000e+00 5.000000000000000000e+00
8.500000000000000000e+01 1.367380560131795697e+01 1.666666666666666430e+01 0.000000000000000000e+00 6.000000000000000000e+00
8.600000000000000000e+01 1.383855024711696835e+01 1.388888888888888928e+01 0.000000000000000000e+00 5.000000000000000000e+00
8.700000000000000000e+01 1.313838550247116999e+01 1.944444444444444642e+01 0.000000000000000000e+00 7.000000000000000000e+00
8.800000000000000000e+01 1.445634266886326103e+01 1.388888888888888928e+01 0.000000000000000000e+00 5.000000000000000000e+00
8.900000000000000000e+01 1.342668863261943990e+01 2.222222222222222143e+01 5.555555555555555358e+00 8.000000000000000000e+00
9.000000000000000000e+01 1.334431630971993421e+01 1.388888888888888928e+01 1.111111111111111072e+01 5.000000000000000000e+00
9.100000000000000000e+01 1.400329489291597973e+01 5.555555555555555358e+00 1.388888888888888928e+01 2.000000000000000000e+00
9.200000000000000000e+01 1.268533772652388691e+01 5.555555555555555358e+00 1.666666666666666430e+01 2.000000000000000000e+00
9.300000000000000000e+01 1.276771004942339438e+01 2.777777777777777679e+00 1.666666666666666430e+01 1.000000000000000000e+00
9.400000000000000000e+01 1.202635914332784139e+01 2.777777777777777679e+00 1.111111111111111072e+01 1.000000000000000000e+00
9.500000000000000000e+01 1.206754530477759602e+01 8.333333333333332149e+00 1.388888888888888928e+01 3.000000000000000000e+00
9.600000000000000000e+01 1.313838550247116999e+01 8.333333333333332149e+00 1.666666666666666430e+01 3.000000000000000000e+00
9.700000000000000000e+01 1.264415156507413585e+01 8.333333333333332149e+00 1.388888888888888928e+01 3.000000000000000000e+00
9.800000000000000000e+01 1.383855024711696835e+01 8.333333333333332149e+00 2.777777777777777857e+01 3.000000000000000000e+00
9.900000000000000000e+01 1.359143327841845306e+01 1.388888888888888928e+01 8.333333333333332149e+00 5.000000000000000000e+00
1.000000000000000000e+02 1.495057660626029694e+01 1.944444444444444642e+01 8.333333333333332149e+00 7.000000000000000000e+00
1.010000000000000000e+02 1.392092257001647582e+01 1.388888888888888928e+01 8.333333333333332149e+00 5.000000000000000000e+00
1.020000000000000000e+02 1.495057660626029694e+01 8.333333333333332149e+00 8.333333333333332149e+00 3.000000000000000000e+00
1.030000000000000000e+02 1.581548599670510669e+01 0.000000000000000000e+00 8.333333333333332149e+00 -6.000000000000000000e+03
