# step, world, group,control
0.000000000000000000e+00 2.442339373970345662e+01 1.944444444444444642e+01 1.666666666666666430e+01 7.000000000000000000e+00
1.000000000000000000e+00 2.257001647446458037e+01 1.666666666666666430e+01 2.222222222222222143e+01 6.000000000000000000e+00
2.000000000000000000e+00 2.302306425041186344e+01 2.222222222222222143e+01 2.500000000000000000e+01 8.000000000000000000e+00
3.000000000000000000e+00 2.166392092257001423e+01 1.944444444444444642e+01 2.222222222222222143e+01 7.000000000000000000e+00
4.000000000000000000e+00 2.100494233937396871e+01 1.944444444444444642e+01 2.777777777777777857e+01 7.000000000000000000e+00
5.000000000000000000e+00 2.022240527182866643e+01 1.666666666666666430e+01 2.222222222222222143e+01 6.000000000000000000e+00
6.000000000000000000e+00 2.030477759472817212e+01 2.500000000000000000e+01 2.500000000000000000e+01 9.000000000000000000e+00
7.000000000000000000e+00 1.964579901153212660e+01 3.055555555555555358e+01 2.500000000000000000e+01 1.100000000000000000e+01
8.000000000000000000e+00 1.861614497528830370e+01 3.055555555555555358e+01 3.055555555555555358e+01 1.100000000000000000e+01
9.000000000000000000e+00 1.771004942339374111e+01 2.500000000000000000e+01 2.777777777777777857e+01 9.000000000000000000e+00
1.000000000000000000e+01 1.676276771004942390e+01 2.777777777777777857e+01 3.611111111111110716e+01 1.000000000000000000e+01
1.100000000000000000e+01 1.635090609555189545e+01 3.055555555555555358e+01 3.333333333333332860e+01 1.100000000000000000e+01
1.200000000000000000e+01 1.639209225700164652e+01 4.722222222222222854e+01 3.055555555555555358e+01 1.700000000000000000e+01
1.300000000000000000e+01 1.614497528830312945e+01 4.444444444444444287e+01 3.055555555555555358e+01 1.600000000000000000e+01
1.400000000000000000e+01 1.532125205930807077e+01 3.055555555555555358e+01 2.222222222222222143e+01 1.100000000000000000e+01
1.500000000000000000e+01 1.528006589785831970e+01 3.055555555555555358e+01 3.611111111111110716e+01 1.100000000000000000e+01
1.600000000000000000e+01 1.383855024711696835e+01 1.944444444444444642e+01 2.222222222222222143e+01 7.000000000000000000e+00
1.700000000000000000e+01 1.309719934102141714e+01 1.666666666666666430e+01 2.777777777777777857e+01 6.000000000000000000e+00
1.800000000000000000e+01 1.342668863261943990e+01 1.944444444444444642e+01 2.222222222222222143e+01 7.000000000000000000e+00
1.900000000000000000e+01 1.264415156507413585e+01 1.388888888888888928e+01 1.388888888888888928e+01 5.000000000000000000e+00
2.000000000000000000e+01 1.313838550247116999e+01 1.111111111111111072e+01 1.666666666666666430e+01 4.000000000000000000e+00
2.100000000000000000e+01 1.219110378912685277e+01 1.666666666666666430e+01 1.388888888888888928e+01 6.000000000000000000e+00
2.200000000000000000e+01 1.169686985172981863e+01 2.222222222222222143e+01 1.388888888888888928e+01 8.000000000000000000e+00
2.300000000000000000e+01 1.091433278418451280e+01 3.055555555555555358e+01 8.333333333333332149e+00 1.100000000000000000e+01
2.400000000000000000e+01 1.079077429983525604e+01 2.222222222222222143e+01 1.388888888888888928e+01 8.000000000000000000e+00
2.500000000000000000e+01 1.009060955518945590e+01 3.333333333333332860e+01 8.333333333333332149e+00 1.200000000000000000e+01
2.600000000000000000e+01 1.153212520593080725e+01 3.055555555555555358e+01 1.111111111111111072e+01 1.100000000000000000e+01
2.700000000000000000e+01 8.896210873146623399e+00 3.055555555555555358e+01 1.111111111111111072e+01 1.100000000000000000e+01
2.800000000000000000e+01 9.802306425041185989e+00 2.777777777777777857e+01 1.944444444444444642e+01 1.000000000000000000e+01
2.900000000000000000e+01 9.143327841845140469e+00 2.222222222222222143e+01 8.333333333333332149e+00 8.000000000000000000e+00
3.000000000000000000e+01 1.107907742998352418e+01 1.666666666666666430e+01 1.388888888888888928e+01 6.000000000000000000e+00
3.100000000000000000e+01 9.514003294892916074e+00 1.944444444444444642e+01 1.111111111111111072e+01 7.000000000000000000e+00
3.200000000000000000e+01 9.843492586490938834e+00 2.777777777777777857e+01 1.666666666666666430e+01 1.000000000000000000e+01
3.300000000000000000e+01 9.843492586490938834e+00 2.500000000000000000e+01 1.111111111111111072e+01 9.000000000000000000e+00
3.400000000000000000e+01 9.967051070840197369e+00 2.222222222222222143e+01 1.666666666666666430e+01 8.000000000000000000e+00
3.500000000000000000e+01 8.772652388797364864e+00 2.777777777777777857e+01 8.333333333333332149e+00 1.000000000000000000e+01
3.600000000000000000e+01 9.225700164744646159e+00 2.777777777777777857e+01 8.333333333333332149e+00 1.000000000000000000e+01
3.700000000000000000e+01 9.019769357495881934e+00 2.222222222222222143e+01 5.555555555555555358e+00 8.000000000000000000e+00
3.800000000000000000e+01 8.607907742998351708e+00 1.666666666666666430e+01 0.000000000000000000e+00 6.000000000000000000e+00
3.900000000000000000e+01 9.225700164744646159e+00 1.666666666666666430e+01 0.000000000000000000e+00 6.000000000000000000e+00
4.000000000000000000e+01 8.566721581548600639e+00 1.944444444444444642e+01 0.000000000000000000e+00 7.000000000000000000e+00
4.100000000000000000e+01 9.761120263591433144e+00 8.333333333333332149e+00 0.000000000000000000e+00 3.000000000000000000e+00
4.200000000000000000e+01 9.184514003294893314e+00 8.333333333333332149e+00 0.000000000000000000e+00 3.000000000000000000e+00
4.300000000000000000e+01 9.143327841845140469e+00 1.111111111111111072e+01 0.000000000000000000e+00 4.000000000000000000e+00
4.400000000000000000e+01 8.607907742998351708e+00 1.666666666666666430e+01 0.000000000000000000e+00 6.000000000000000000e+00
4.500000000000000000e+01 8.319604612850081793e+00 1.944444444444444642e+01 0.000000000000000000e+00 7.000000000000000000e+00
4.600000000000000000e+01 8.772652388797364864e+00 2.222222222222222143e+01 0.000000000000000000e+00 8.000000000000000000e+00
4.700000000000000000e+01 8.237232289950576103e+00 2.777777777777777857e+01 0.000000000000000000e+00 1.000000000000000000e+01
4.800000000000000000e+01 7.948929159802306188e+00 3.055555555555555358e+01 0.000000000000000000e+00 1.100000000000000000e+01
4.900000000000000000e+01 8.154859967051070413e+00 3.611111111111110716e+01 0.000000000000000000e+00 1.300000000000000000e+01
5.000000000000000000e+01 7.866556836902800498e+00 3.333333333333332860e+01 0.000000000000000000e+00 1.200000000000000000e+01
5.100000000000000000e+01 7.784184514003294808e+00 3.333333333333332860e+01 2.777777777777777679e+00 1.200000000000000000e+01
5.200000000000000000e+01 7.166392092257001245e+00 3.611111111111110716e+01 2.777777777777777679e+00 1.300000000000000000e+01
5.300000000000000000e+01 6.672158154859967105e+00 4.166666666666667140e+01 2.777777777777777679e+00 1.500000000000000000e+01
5.400000000000000000e+01 7.537067545304777738e+00 3.333333333333332860e+01 0.000000000000000000e+00 1.200000000000000000e+01
5.500000000000000000e+01 7.784184514003294808e+00 4.722222222222222854e+01 2.777777777777777679e+00 1.700000000000000000e+01
5.600000000000000000e+01 9.225700164744646159e+00 2.500000000000000000e+01 2.777777777777777679e+00 9.000000000000000000e+00
5.700000000000000000e+01 8.360790774299834638e+00 3.888888888888889284e+01 2.777777777777777679e+00 1.400000000000000000e+01
5.800000000000000000e+01 9.019769357495881934e+00 2.500000000000000000e+01 2.777777777777777679e+00 9.000000000000000000e+00
5.900000000000000000e+01 8.731466227347612019e+00 3.333333333333332860e+01 8.333333333333332149e+00 1.200000000000000000e+01
6.000000000000000000e+01 8.731466227347612019e+00 5.000000000000000000e+01 5.555555555555555358e+00 1.800000000000000000e+01
6.100000000000000000e+01 8.649093904448106329e+00 3.888888888888889284e+01 0.000000000000000000e+00 1.400000000000000000e+01
6.200000000000000000e+01 8.237232289950576103e+00 5.555555555555555713e+01 2.777777777777777679e+00 2.000000000000000000e+01
6.300000000000000000e+01 7.742998352553541075e+00 1.666666666666666430e+01 2.777777777777777679e+00 6.000000000000000000e+00
6.400000000000000000e+01 7.866556836902800498e+00 2.222222222222222143e+01 0.000000000000000000e+00 8.000000000000000000e+00
6.500000000000000000e+01 7.166392092257001245e+00 2.777777777777777857e+01 0.000000000000000000e+00 1.000000000000000000e+01
6.600000000000000000e+01 7.207578253706754978e+00 4.444444444444444287e+01 0.000000000000000000e+00 1.600000000000000000e+01
6.700000000000000000e+01 6.919275123558484175e+00 2.500000000000000000e+01 0.000000000000000000e+00 9.000000000000000000e+00
6.800000000000000000e+01 7.125205930807249288e+00 3.888888888888889284e+01 0.000000000000000000e+00 1.400000000000000000e+01
6.900000000000000000e+01 7.825370675453047653e+00 2.777777777777777857e+01 0.000000000000000000e+00 1.000000000000000000e+01
7.000000000000000000e+01 6.548599670510708570e+00 3.333333333333332860e+01 0.000000000000000000e+00 1.200000000000000000e+01
7.100000000000000000e+01 6.919275123558484175e+00 3.333333333333332860e+01 0.000000000000000000e+00 1.200000000000000000e+01
7.200000000000000000e+01 6.507413509060954837e+00 3.333333333333332860e+01 0.000000000000000000e+00 1.200000000000000000e+01
7.300000000000000000e+01 7.166392092257001245e+00 2.500000000000000000e+01 0.000000000000000000e+00 9.000000000000000000e+00
7.400000000000000000e+01 7.125205930807249288e+00 2.222222222222222143e+01 0.000000000000000000e+00 8.000000000000000000e+00
7.500000000000000000e+01 7.660626029654035385e+00 3.611111111111110716e+01 0.000000000000000000e+00 1.300000000000000000e+01
7.600000000000000000e+01 7.701812191103789118e+00 2.500000000000000000e+01 0.000000000000000000e+00 9.000000000000000000e+00
7.700000000000000000e+01 7.331136738056012625e+00 3.333333333333332860e+01 0.000000000000000000e+00 1.200000000000000000e+01
7.800000000000000000e+01 7.207578253706754978e+00 4.166666666666667140e+01 0.000000000000000000e+00 1.500000000000000000e+01
7.900000000000000000e+01 6.836902800658978485e+00 3.055555555555555358e+01 0.000000000000000000e+00 1.100000000000000000e+01
8.000000000000000000e+01 7.907742998352553343e+00 3.611111111111110716e+01 0.000000000000000000e+00 1.300000000000000000e+01
8.100000000000000000e+01 7.454695222405272048e+00 4.722222222222222854e+01 0.000000000000000000e+00 1.700000000000000000e+01
8.200000000000000000e+01 9.143327841845140469e+00 3.611111111111110716e+01 0.000000000000000000e+00 1.300000000000000000e+01
8.300000000000000000e+01 7.701812191103789118e+00 3.611111111111110716e+01 0.000000000000000000e+00 1.300000000000000000e+01
8.400000000000000000e+01 7.866556836902800498e+00 2.777777777777777857e+01 0.000000000000000000e+00 1.000000000000000000e+01
8.500000000000000000e+01 8.607907742998351708e+00 3.611111111111110716e+01 0.000000000000000000e+00 1.300000000000000000e+01
8.600000000000000000e+01 8.484349258649094949e+00 3.888888888888889284e+01 0.000000000000000000e+00 1.400000000000000000e+01
8.700000000000000000e+01 8.154859967051070413e+00 2.222222222222222143e+01 0.000000000000000000e+00 8.000000000000000000e+00
8.800000000000000000e+01 8.978583196046129089e+00 2.777777777777777857e+01 0.000000000000000000e+00 1.000000000000000000e+01
8.900000000000000000e+01 8.484349258649094949e+00 2.777777777777777857e+01 0.000000000000000000e+00 1.000000000000000000e+01
9.000000000000000000e+01 8.525535420098846018e+00 1.944444444444444642e+01 0.000000000000000000e+00 7.000000000000000000e+00
9.100000000000000000e+01 7.578253706754529695e+00 2.500000000000000000e+01 0.000000000000000000e+00 9.000000000000000000e+00
9.200000000000000000e+01 8.401976935749589259e+00 1.388888888888888928e+01 0.000000000000000000e+00 5.000000000000000000e+00
9.300000000000000000e+01 8.196046128500823258e+00 1.111111111111111072e+01 0.000000000000000000e+00 4.000000000000000000e+00
9.400000000000000000e+01 8.031301482701811878e+00 1.944444444444444642e+01 0.000000000000000000e+00 7.000000000000000000e+00
9.500000000000000000e+01 8.154859967051070413e+00 1.111111111111111072e+01 0.000000000000000000e+00 4.000000000000000000e+00
9.600000000000000000e+01 7.866556836902800498e+00 2.222222222222222143e+01 0.000000000000000000e+00 8.000000000000000000e+00
9.700000000000000000e+01 7.825370675453047653e+00 1.388888888888888928e+01 0.000000000000000000e+00 5.000000000000000000e+00
9.800000000000000000e+01 8.731466227347612019e+00 2.222222222222222143e+01 0.000000000000000000e+00 8.000000000000000000e+00
9.900000000000000000e+01 7.660626029654035385e+00 1.666666666666666430e+01 0.000000000000000000e+00 6.000000000000000000e+00
1.000000000000000000e+02 8.031301482701811878e+00 3.333333333333332860e+01 0.000000000000000000e+00 1.200000000000000000e+01
1.010000000000000000e+02 7.207578253706754978e+00 3.333333333333332860e+01 0.000000000000000000e+00 1.200000000000000000e+01
1.020000000000000000e+02 7.207578253706754978e+00 3.611111111111110716e+01 0.000000000000000000e+00 1.300000000000000000e+01
1.030000000000000000e+02 7.372322899505766358e+00 3.888888888888889284e+01 0.000000000000000000e+00 1.400000000000000000e+01
1.040000000000000000e+02 8.031301482701811878e+00 3.611111111111110716e+01 0.000000000000000000e+00 1.300000000000000000e+01
1.050000000000000000e+02 7.948929159802306188e+00 3.055555555555555358e+01 0.000000000000000000e+00 1.100000000000000000e+01
1.060000000000000000e+02 8.278418451400328948e+00 4.166666666666667140e+01 0.000000000000000000e+00 1.500000000000000000e+01
1.070000000000000000e+02 8.031301482701811878e+00 4.166666666666667140e+01 0.000000000000000000e+00 1.500000000000000000e+01
1.080000000000000000e+02 8.196046128500823258e+00 2.500000000000000000e+01 0.000000000000000000e+00 9.000000000000000000e+00
1.090000000000000000e+02 8.731466227347612019e+00 2.222222222222222143e+01 0.000000000000000000e+00 8.000000000000000000e+00
1.100000000000000000e+02 9.019769357495881934e+00 2.777777777777777857e+01 0.000000000000000000e+00 1.000000000000000000e+01
1.110000000000000000e+02 8.731466227347612019e+00 2.777777777777777857e+01 0.000000000000000000e+00 1.000000000000000000e+01
1.120000000000000000e+02 8.855024711696870554e+00 4.166666666666667140e+01 0.000000000000000000e+00 1.500000000000000000e+01
1.130000000000000000e+02 9.514003294892916074e+00 2.777777777777777857e+01 0.000000000000000000e+00 1.000000000000000000e+01
1.140000000000000000e+02 9.184514003294893314e+00 3.055555555555555358e+01 0.000000000000000000e+00 1.100000000000000000e+01
1.150000000000000000e+02 9.843492586490938834e+00 3.888888888888889284e+01 0.000000000000000000e+00 1.400000000000000000e+01
1.160000000000000000e+02 1.017298187808896159e+01 2.777777777777777857e+01 0.000000000000000000e+00 1.000000000000000000e+01
1.170000000000000000e+02 9.060955518945634779e+00 3.888888888888889284e+01 0.000000000000000000e+00 1.400000000000000000e+01
1.180000000000000000e+02 9.143327841845140469e+00 1.666666666666666430e+01 0.000000000000000000e+00 6.000000000000000000e+00
1.190000000000000000e+02 8.319604612850081793e+00 8.333333333333332149e+00 0.000000000000000000e+00 3.000000000000000000e+00
1.200000000000000000e+02 8.690280065897857398e+00 1.666666666666666430e+01 0.000000000000000000e+00 6.000000000000000000e+00
1.210000000000000000e+02 8.566721581548600639e+00 1.388888888888888928e+01 0.000000000000000000e+00 5.000000000000000000e+00
1.220000000000000000e+02 9.596375617792421764e+00 1.666666666666666430e+01 0.000000000000000000e+00 6.000000000000000000e+00
1.230000000000000000e+02 8.937397034596376244e+00 1.388888888888888928e+01 0.000000000000000000e+00 5.000000000000000000e+00
1.240000000000000000e+02 8.690280065897857398e+00 3.055555555555555358e+01 0.000000000000000000e+00 1.100000000000000000e+01
1.250000000000000000e+02 8.978583196046129089e+00 5.555555555555555358e+00 0.000000000000000000e+00 2.000000000000000000e+00
1.260000000000000000e+02 9.184514003294893314e+00 8.333333333333332149e+00 0.000000000000000000e+00 3.000000000000000000e+00
1.270000000000000000e+02 8.813838550247117709e+00 1.111111111111111072e+01 0.000000000000000000e+00 4.000000000000000000e+00
1.280000000000000000e+02 8.113673805601317568e+00 1.111111111111111072e+01 0.000000000000000000e+00 4.000000000000000000e+00
1.290000000000000000e+02 8.937397034596376244e+00 8.333333333333332149e+00 0.000000000000000000e+00 3.000000000000000000e+00
1.300000000000000000e+02 8.649093904448106329e+00 1.111111111111111072e+01 0.000000000000000000e+00 4.000000000000000000e+00
1.310000000000000000e+02 8.690280065897857398e+00 1.388888888888888928e+01 0.000000000000000000e+00 5.000000000000000000e+00
1.320000000000000000e+02 9.060955518945634779e+00 1.111111111111111072e+01 0.000000000000000000e+00 4.000000000000000000e+00
1.330000000000000000e+02 9.019769357495881934e+00 2.777777777777777679e+00 0.000000000000000000e+00 1.000000000000000000e+00
1.340000000000000000e+02 8.113673805601317568e+00 0.000000000000000000e+00 0.000000000000000000e+00 -6.000000000000000000e+03
