# step, world, group,control
0.000000000000000000e+00 2.734761120263591394e+01 4.722222222222222854e+01 2.222222222222222143e+01 1.700000000000000000e+01
1.000000000000000000e+00 2.561779242174629445e+01 3.055555555555555358e+01 2.777777777777777857e+01 1.100000000000000000e+01
2.000000000000000000e+00 2.347611202635914296e+01 3.333333333333332860e+01 3.055555555555555358e+01 1.200000000000000000e+01
3.000000000000000000e+00 2.425864909390444524e+01 4.444444444444444287e+01 2.777777777777777857e+01 1.600000000000000000e+01
4.000000000000000000e+00 2.207578253706754623e+01 4.166666666666667140e+01 2.777777777777777857e+01 1.500000000000000000e+01
5.000000000000000000e+00 2.055189456342668919e+01 3.888888888888889284e+01 4.722222222222222854e+01 1.400000000000000000e+01
6.000000000000000000e+00 2.005766062602965505e+01 3.333333333333332860e+01 3.055555555555555358e+01 1.200000000000000000e+01
7.000000000000000000e+00 2.108731466227347795e+01 2.500000000000000000e+01 2.222222222222222143e+01 9.000000000000000000e+00
8.000000000000000000e+00 2.055189456342668919e+01 2.777777777777777857e+01 1.666666666666666430e+01 1.000000000000000000e+01
9.000000000000000000e+00 2.162273476112026316e+01 2.777777777777777857e+01 1.944444444444444642e+01 1.000000000000000000e+01
1.000000000000000000e+01 2.005766062602965505e+01 3.055555555555555358e+01 1.388888888888888928e+01 1.100000000000000000e+01
1.100000000000000000e+01 1.812191103789126956e+01 2.777777777777777857e+01 1.944444444444444642e+01 1.000000000000000000e+01
1.200000000000000000e+01 1.906919275123558322e+01 3.333333333333332860e+01 1.111111111111111072e+01 1.200000000000000000e+01
1.300000000000000000e+01 1.717462932454695235e+01 5.000000000000000000e+01 5.555555555555555358e+00 1.800000000000000000e+01
1.400000000000000000e+01 1.873970345963756046e+01 2.222222222222222143e+01 2.777777777777777679e+00 8.000000000000000000e+00
1.500000000000000000e+01 1.659802306425041252e+01 3.333333333333332860e+01 5.555555555555555358e+00 1.200000000000000000e+01
1.600000000000000000e+01 1.721581548599670342e+01 1.944444444444444642e+01 5.555555555555555358e+00 7.000000000000000000e+00
1.700000000000000000e+01 1.758649093904448080e+01 8.333333333333332149e+00 1.111111111111111072e+01 3.000000000000000000e+00
1.800000000000000000e+01 1.626853377265238976e+01 1.944444444444444642e+01 5.555555555555555358e+00 7.000000000000000000e+00
1.900000000000000000e+01 1.688632619439868066e+01 1.388888888888888928e+01 5.555555555555555358e+00 5.000000000000000000e+00
2.000000000000000000e+01 1.700988467874794097e+01 1.944444444444444642e+01 2.777777777777777679e+00 7.000000000000000000e+00
2.100000000000000000e+01 1.672158154859966928e+01 1.944444444444444642e+01 0.000000000000000000e+00 7.000000000000000000e+00
2.200000000000000000e+01 1.762767710049423542e+01 2.222222222222222143e+01 5.555555555555555358e+00 8.000000000000000000e+00
2.300000000000000000e+01 1.474464579901153272e+01 3.888888888888889284e+01 5.555555555555555358e+00 1.400000000000000000e+01
2.400000000000000000e+01 1.668039538714991821e+01 2.777777777777777857e+01 2.777777777777777679e+00 1.000000000000000000e+01
2.500000000000000000e+01 1.585667215815486131e+01 4.444444444444444287e+01 5.555555555555555358e+00 1.600000000000000000e+01
2.600000000000000000e+01 1.556836902800658962e+01 1.944444444444444642e+01 5.555555555555555358e+00 7.000000000000000000e+00
2.700000000000000000e+01 1.387973640856671942e+01 2.222222222222222143e+01 2.777777777777777679e+00 8.000000000000000000e+00
2.800000000000000000e+01 1.548599670510708215e+01 1.944444444444444642e+01 2.777777777777777679e+00 7.000000000000000000e+00
2.900000000000000000e+01 1.301482701812190967e+01 3.055555555555555358e+01 2.777777777777777679e+00 1.100000000000000000e+01
3.000000000000000000e+01 1.363261943986820413e+01 3.611111111111110716e+01 0.000000000000000000e+00 1.300000000000000000e+01
3.100000000000000000e+01 1.272652388797363976e+01 4.444444444444444287e+01 0.000000000000000000e+00 1.600000000000000000e+01
3.200000000000000000e+01 1.280889621087314723e+01 4.444444444444444287e+01 0.000000000000000000e+00 1.600000000000000000e+01
3.300000000000000000e+01 1.367380560131795697e+01 4.444444444444444287e+01 0.000000000000000000e+00 1.600000000000000000e+01
3.400000000000000000e+01 1.326194398682042852e+01 6.111111111111110716e+01 0.000000000000000000e+00 2.200000000000000000e+01
3.500000000000000000e+01 1.441515650741350996e+01 1.388888888888888928e+01 0.000000000000000000e+00 5.000000000000000000e+00
3.600000000000000000e+01 1.350906095551894559e+01 1.388888888888888928e+01 0.000000000000000000e+00 5.000000000000000000e+00
3.700000000000000000e+01 1.375617792421746444e+01 2.777777777777777857e+01 0.000000000000000000e+00 1.000000000000000000e+01
3.800000000000000000e+01 1.301482701812190967e+01 4.166666666666667140e+01 0.000000000000000000e+00 1.500000000000000000e+01
3.900000000000000000e+01 1.503294892915980263e+01 3.333333333333332860e+01 0.000000000000000000e+00 1.200000000000000000e+01
4.000000000000000000e+01 1.416803953871499111e+01 3.055555555555555358e+01 0.000000000000000000e+00 1.100000000000000000e+01
4.100000000000000000e+01 1.420922570016474573e+01 3.888888888888889284e+01 0.000000000000000000e+00 1.400000000000000000e+01
4.200000000000000000e+01 1.453871499176276849e+01 3.888888888888889284e+01 0.000000000000000000e+00 1.400000000000000000e+01
4.300000000000000000e+01 1.499176276771004801e+01 3.611111111111110716e+01 0.000000000000000000e+00 1.300000000000000000e+01
4.400000000000000000e+01 1.462108731466227241e+01 3.055555555555555358e+01 0.000000000000000000e+00 1.100000000000000000e+01
4.500000000000000000e+01 1.404448105436573435e+01 4.444444444444444287e+01 0.000000000000000000e+00 1.600000000000000000e+01
4.600000000000000000e+01 1.219110378912685277e+01 4.444444444444444287e+01 0.000000000000000000e+00 1.600000000000000000e+01
4.700000000000000000e+01 1.252059308072487553e+01 3.888888888888889284e+01 0.000000000000000000e+00 1.400000000000000000e+01
4.800000000000000000e+01 1.256177924217462838e+01 3.333333333333332860e+01 0.000000000000000000e+00 1.200000000000000000e+01
4.900000000000000000e+01 1.313838550247116999e+01 4.166666666666667140e+01 0.000000000000000000e+00 1.500000000000000000e+01
5.000000000000000000e+01 1.276771004942339438e+01 3.888888888888889284e+01 0.000000000000000000e+00 1.400000000000000000e+01
5.100000000000000000e+01 1.276771004942339438e+01 5.000000000000000000e+01 0.000000000000000000e+00 1.800000000000000000e+01
5.200000000000000000e+01 1.272652388797363976e+01 3.055555555555555358e+01 0.000000000000000000e+00 1.100000000000000000e+01
5.300000000000000000e+01 1.317957166392092283e+01 2.777777777777777857e+01 0.000000000000000000e+00 1.000000000000000000e+01
5.400000000000000000e+01 1.330313014827018137e+01 3.333333333333332860e+01 0.000000000000000000e+00 1.200000000000000000e+01
5.500000000000000000e+01 1.289126853377265114e+01 3.611111111111110716e+01 0.000000000000000000e+00 1.300000000000000000e+01
5.600000000000000000e+01 1.140856672158154872e+01 3.611111111111110716e+01 0.000000000000000000e+00 1.300000000000000000e+01
5.700000000000000000e+01 1.120263591433278449e+01 3.888888888888889284e+01 0.000000000000000000e+00 1.400000000000000000e+01
5.800000000000000000e+01 1.004942339373970306e+01 3.611111111111110716e+01 0.000000000000000000e+00 1.300000000000000000e+01
5.900000000000000000e+01 9.802306425041185989e+00 3.888888888888889284e+01 0.000000000000000000e+00 1.400000000000000000e+01
6.000000000000000000e+01 9.225700164744646159e+00 3.055555555555555358e+01 0.000000000000000000e+00 1.100000000000000000e+01
6.100000000000000000e+01 8.525535420098846018e+00 2.777777777777777857e+01 0.000000000000000000e+00 1.000000000000000000e+01
6.200000000000000000e+01 9.184514003294893314e+00 3.611111111111110716e+01 0.000000000000000000e+00 1.300000000000000000e+01
6.300000000000000000e+01 9.884678747940691679e+00 3.888888888888889284e+01 0.000000000000000000e+00 1.400000000000000000e+01
6.400000000000000000e+01 9.102141680395387624e+00 5.000000000000000000e+01 0.000000000000000000e+00 1.800000000000000000e+01
6.500000000000000000e+01 9.761120263591433144e+00 2.500000000000000000e+01 0.000000000000000000e+00 9.000000000000000000e+00
6.600000000000000000e+01 9.390444810543657539e+00 3.055555555555555358e+01 0.000000000000000000e+00 1.100000000000000000e+01
6.700000000000000000e+01 9.761120263591433144e+00 3.055555555555555358e+01 0.000000000000000000e+00 1.100000000000000000e+01
6.800000000000000000e+01 9.431630971993410384e+00 3.611111111111110716e+01 0.000000000000000000e+00 1.300000000000000000e+01
6.900000000000000000e+01 1.033772652388797297e+01 3.055555555555555358e+01 0.000000000000000000e+00 1.100000000000000000e+01
7.000000000000000000e+01 1.037891268533772759e+01 4.444444444444444287e+01 0.000000000000000000e+00 1.600000000000000000e+01
7.100000000000000000e+01 1.062602965403624466e+01 1.666666666666666430e+01 0.000000000000000000e+00 6.000000000000000000e+00
7.200000000000000000e+01 1.099670510708401849e+01 3.055555555555555358e+01 0.000000000000000000e+00 1.100000000000000000e+01
7.300000000000000000e+01 1.074958813838550142e+01 3.055555555555555358e+01 0.000000000000000000e+00 1.100000000000000000e+01
7.400000000000000000e+01 1.033772652388797297e+01 4.444444444444444287e+01 0.000000000000000000e+00 1.600000000000000000e+01
7.500000000000000000e+01 1.021416803953871444e+01 2.500000000000000000e+01 0.000000000000000000e+00 9.000000000000000000e+00
7.600000000000000000e+01 1.103789126853377311e+01 1.666666666666666430e+01 0.000000000000000000e+00 6.000000000000000000e+00
7.700000000000000000e+01 1.103789126853377311e+01 2.500000000000000000e+01 0.000000000000000000e+00 9.000000000000000000e+00
7.800000000000000000e+01 1.091433278418451280e+01 2.777777777777777857e+01 0.000000000000000000e+00 1.000000000000000000e+01
7.900000000000000000e+01 1.103789126853377311e+01 3.055555555555555358e+01 0.000000000000000000e+00 1.100000000000000000e+01
8.000000000000000000e+01 1.107907742998352418e+01 4.166666666666667140e+01 0.000000000000000000e+00 1.500000000000000000e+01
8.100000000000000000e+01 1.046128500823723328e+01 3.888888888888889284e+01 0.000000000000000000e+00 1.400000000000000000e+01
8.200000000000000000e+01 1.120263591433278449e+01 3.055555555555555358e+01 0.000000000000000000e+00 1.100000000000000000e+01
8.300000000000000000e+01 1.128500823723229018e+01 4.722222222222222854e+01 0.000000000000000000e+00 1.700000000000000000e+01
8.400000000000000000e+01 1.169686985172981863e+01 3.055555555555555358e+01 0.000000000000000000e+00 1.100000000000000000e+01
8.500000000000000000e+01 1.136738056013179587e+01 2.777777777777777857e+01 2.777777777777777679e+00 1.000000000000000000e+01
8.600000000000000000e+01 1.132619439868204303e+01 3.333333333333332860e+01 2.777777777777777679e+00 1.200000000000000000e+01
8.700000000000000000e+01 1.161449752883031294e+01 3.333333333333332860e+01 2.777777777777777679e+00 1.200000000000000000e+01
8.800000000000000000e+01 1.206754530477759602e+01 2.777777777777777857e+01 2.777777777777777679e+00 1.000000000000000000e+01
8.900000000000000000e+01 1.046128500823723328e+01 4.166666666666667140e+01 5.555555555555555358e+00 1.500000000000000000e+01
9.000000000000000000e+01 1.161449752883031294e+01 3.888888888888889284e+01 2.777777777777777679e+00 1.400000000000000000e+01
9.100000000000000000e+01 1.074958813838550142e+01 3.888888888888889284e+01 0.000000000000000000e+00 1.400000000000000000e+01
9.200000000000000000e+01 1.095551894563426742e+01 3.611111111111110716e+01 2.777777777777777679e+00 1.300000000000000000e+01
9.300000000000000000e+01 1.112026359143327880e+01 2.777777777777777857e+01 5.555555555555555358e+00 1.000000000000000000e+01
9.400000000000000000e+01 1.062602965403624466e+01 1.944444444444444642e+01 5.555555555555555358e+00 7.000000000000000000e+00
9.500000000000000000e+01 1.046128500823723328e+01 3.333333333333332860e+01 5.555555555555555358e+00 1.200000000000000000e+01
9.600000000000000000e+01 9.761120263591433144e+00 3.055555555555555358e+01 2.777777777777777679e+00 1.100000000000000000e+01
9.700000000000000000e+01 1.000823723228995021e+01 2.222222222222222143e+01 5.555555555555555358e+00 8.000000000000000000e+00
9.800000000000000000e+01 9.761120263591433144e+00 3.333333333333332860e+01 5.555555555555555358e+00 1.200000000000000000e+01
9.900000000000000000e+01 1.046128500823723328e+01 2.222222222222222143e+01 5.555555555555555358e+00 8.000000000000000000e+00
1.000000000000000000e+02 1.066721581548599573e+01 1.944444444444444642e+01 2.777777777777777679e+00 7.000000000000000000e+00
1.010000000000000000e+02 1.120263591433278449e+01 8.333333333333332149e+00 0.000000000000000000e+00 3.000000000000000000e+00
1.020000000000000000e+02 1.124382207578253734e+01 2.777777777777777679e+00 0.000000000000000000e+00 1.000000000000000000e+00
1.030000000000000000e+02 1.095551894563426742e+01 2.777777777777777679e+00 2.777777777777777679e+00 1.000000000000000000e+00
1.040000000000000000e+02 1.231466227347611309e+01 2.777777777777777679e+00 2.777777777777777679e+00 1.000000000000000000e+00
1.050000000000000000e+02 1.103789126853377311e+01 5.555555555555555358e+00 5.555555555555555358e+00 2.000000000000000000e+00
1.060000000000000000e+02 1.136738056013179587e+01 5.555555555555555358e+00 2.777777777777777679e+00 2.000000000000000000e+00
1.070000000000000000e+02 1.149093904448105441e+01 1.388888888888888928e+01 0.000000000000000000e+00 5.000000000000000000e+00
1.080000000000000000e+02 1.120263591433278449e+01 1.666666666666666430e+01 0.000000000000000000e+00 6.000000000000000000e+00
1.090000000000000000e+02 1.153212520593080725e+01 1.388888888888888928e+01 0.000000000000000000e+00 5.000000000000000000e+00
1.100000000000000000e+02 1.021416803953871444e+01 3.611111111111110716e+01 5.555555555555555358e+00 1.300000000000000000e+01
1.110000000000000000e+02 1.103789126853377311e+01 1.666666666666666430e+01 8.333333333333332149e+00 6.000000000000000000e+00
1.120000000000000000e+02 1.021416803953871444e+01 2.777777777777777857e+01 8.333333333333332149e+00 1.000000000000000000e+01
1.130000000000000000e+02 1.128500823723229018e+01 2.222222222222222143e+01 5.555555555555555358e+00 8.000000000000000000e+00
1.140000000000000000e+02 9.761120263591433144e+00 4.166666666666667140e+01 0.000000000000000000e+00 1.500000000000000000e+01
1.150000000000000000e+02 1.099670510708401849e+01 1.944444444444444642e+01 0.000000000000000000e+00 7.000000000000000000e+00
1.160000000000000000e+02 9.143327841845140469e+00 2.222222222222222143e+01 0.000000000000000000e+00 8.000000000000000000e+00
1.170000000000000000e+02 9.143327841845140469e+00 3.055555555555555358e+01 2.777777777777777679e+00 1.100000000000000000e+01
1.180000000000000000e+02 8.566721581548600639e+00 4.444444444444444287e+01 8.333333333333332149e+00 1.600000000000000000e+01
1.190000000000000000e+02 9.019769357495881934e+00 2.777777777777777857e+01 8.333333333333332149e+00 1.000000000000000000e+01
1.200000000000000000e+02 9.060955518945634779e+00 1.666666666666666430e+01 1.111111111111111072e+01 6.000000000000000000e+00
1.210000000000000000e+02 9.308072487644151849e+00 1.666666666666666430e+01 1.111111111111111072e+01 6.000000000000000000e+00
1.220000000000000000e+02 9.225700164744646159e+00 1.388888888888888928e+01 2.222222222222222143e+01 5.000000000000000000e+00
1.230000000000000000e+02 8.896210873146623399e+00 1.666666666666666430e+01 1.388888888888888928e+01 6.000000000000000000e+00
1.240000000000000000e+02 9.060955518945634779e+00 1.944444444444444642e+01 2.500000000000000000e+01 7.000000000000000000e+00
1.250000000000000000e+02 9.266886326194399004e+00 1.944444444444444642e+01 1.666666666666666430e+01 7.000000000000000000e+00
1.260000000000000000e+02 9.308072487644151849e+00 2.222222222222222143e+01 2.777777777777777857e+01 8.000000000000000000e+00
1.270000000000000000e+02 1.062602965403624466e+01 1.388888888888888928e+01 1.944444444444444642e+01 5.000000000000000000e+00
1.280000000000000000e+02 1.013179571663920875e+01 2.222222222222222143e+01 2.500000000000000000e+01 8.000000000000000000e+00
1.290000000000000000e+02 1.058484349258649004e+01 2.222222222222222143e+01 1.944444444444444642e+01 8.000000000000000000e+00
1.300000000000000000e+02 1.120263591433278449e+01 2.222222222222222143e+01 1.944444444444444642e+01 8.000000000000000000e+00
1.310000000000000000e+02 1.276771004942339438e+01 2.500000000000000000e+01 3.055555555555555358e+01 9.000000000000000000e+00
1.320000000000000000e+02 1.136738056013179587e+01 2.500000000000000000e+01 3.055555555555555358e+01 9.000000000000000000e+00
1.330000000000000000e+02 1.206754530477759602e+01 2.777777777777777857e+01 3.055555555555555358e+01 1.000000000000000000e+01
1.340000000000000000e+02 1.074958813838550142e+01 1.388888888888888928e+01 2.222222222222222143e+01 5.000000000000000000e+00
1.350000000000000000e+02 1.112026359143327880e+01 5.555555555555555358e+00 1.666666666666666430e+01 2.000000000000000000e+00
1.360000000000000000e+02 9.843492586490938834e+00 1.666666666666666430e+01 1.944444444444444642e+01 6.000000000000000000e+00
1.370000000000000000e+02 1.009060955518945590e+01 1.944444444444444642e+01 2.500000000000000000e+01 7.000000000000000000e+00
1.380000000000000000e+02 1.025535420098846728e+01 2.500000000000000000e+01 2.500000000000000000e+01 9.000000000000000000e+00
1.390000000000000000e+02 8.978583196046129089e+00 2.222222222222222143e+01 1.944444444444444642e+01 8.000000000000000000e+00
1.400000000000000000e+02 8.401976935749589259e+00 3.055555555555555358e+01 1.944444444444444642e+01 1.100000000000000000e+01
1.410000000000000000e+02 8.113673805601317568e+00 2.222222222222222143e+01 2.777777777777777857e+01 8.000000000000000000e+00
1.420000000000000000e+02 8.607907742998351708e+00 2.222222222222222143e+01 1.666666666666666430e+01 8.000000000000000000e+00
1.430000000000000000e+02 9.060955518945634779e+00 2.777777777777777857e+01 1.388888888888888928e+01 1.000000000000000000e+01
1.440000000000000000e+02 8.690280065897857398e+00 2.777777777777777857e+01 1.944444444444444642e+01 1.000000000000000000e+01
1.450000000000000000e+02 8.484349258649094949e+00 2.500000000000000000e+01 1.944444444444444642e+01 9.000000000000000000e+00
1.460000000000000000e+02 8.319604612850081793e+00 1.666666666666666430e+01 1.944444444444444642e+01 6.000000000000000000e+00
1.470000000000000000e+02 8.731466227347612019e+00 1.944444444444444642e+01 1.666666666666666430e+01 7.000000000000000000e+00
1.480000000000000000e+02 8.196046128500823258e+00 1.944444444444444642e+01 1.111111111111111072e+01 7.000000000000000000e+00
1.490000000000000000e+02 8.731466227347612019e+00 2.777777777777777679e+00 8.333333333333332149e+00 1.000000000000000000e+00
1.500000000000000000e+02 9.349258649093904694e+00 8.333333333333332149e+00 1.111111111111111072e+01 3.000000000000000000e+00
1.510000000000000000e+02 7.948929159802306188e+00 5.555555555555555358e+00 8.333333333333332149e+00 2.000000000000000000e+00
1.520000000000000000e+02 7.948929159802306188e+00 5.555555555555555358e+00 1.111111111111111072e+01 2.000000000000000000e+00
1.530000000000000000e+02 7.578253706754529695e+00 8.333333333333332149e+00 1.666666666666666430e+01 3.000000000000000000e+00
1.540000000000000000e+02 7.454695222405272048e+00 0.000000000000000000e+00 1.388888888888888928e+01 -6.000000000000000000e+03
