# step, world, group,control
0.000000000000000000e+00 2.759472817133443101e+01 2.500000000000000000e+01 2.500000000000000000e+01 9.000000000000000000e+00
1.000000000000000000e+00 2.462932454695222617e+01 1.388888888888888928e+01 3.333333333333332860e+01 5.000000000000000000e+00
2.000000000000000000e+00 2.289950576606260313e+01 1.111111111111111072e+01 1.944444444444444642e+01 4.000000000000000000e+00
3.000000000000000000e+00 2.063426688632619488e+01 1.944444444444444642e+01 2.777777777777777857e+01 7.000000000000000000e+00
4.000000000000000000e+00 1.886326194398682077e+01 8.333333333333332149e+00 2.222222222222222143e+01 3.000000000000000000e+00
5.000000000000000000e+00 2.034596375617792319e+01 5.555555555555555358e+00 2.222222222222222143e+01 2.000000000000000000e+00
6.000000000000000000e+00 1.816309719934102063e+01 1.111111111111111072e+01 2.222222222222222143e+01 4.000000000000000000e+00
7.000000000000000000e+00 1.663920922570016359e+01 8.333333333333332149e+00 2.222222222222222143e+01 3.000000000000000000e+00
8.000000000000000000e+00 1.766886326194398649e+01 5.555555555555555358e+00 2.777777777777777857e+01 2.000000000000000000e+00
9.000000000000000000e+00 1.622734761120263514e+01 0.000000000000000000e+00 2.777777777777777857e+01 -6.000000000000000000e+03
