# step, world, group,control
0.000000000000000000e+00 2.516474464579901493e+01 1.111111111111111072e+01 2.500000000000000000e+01 4.000000000000000000e+00
1.000000000000000000e+00 2.471169686985172831e+01 8.333333333333332149e+00 2.500000000000000000e+01 3.000000000000000000e+00
2.000000000000000000e+00 2.327018121911037696e+01 1.388888888888888928e+01 3.055555555555555358e+01 5.000000000000000000e+00
3.000000000000000000e+00 2.228171334431630868e+01 1.666666666666666430e+01 1.111111111111111072e+01 6.000000000000000000e+00
4.000000000000000000e+00 2.228171334431630868e+01 1.388888888888888928e+01 1.111111111111111072e+01 5.000000000000000000e+00
5.000000000000000000e+00 2.067545304777594595e+01 1.388888888888888928e+01 1.111111111111111072e+01 5.000000000000000000e+00
6.000000000000000000e+00 2.046952224052718350e+01 1.388888888888888928e+01 8.333333333333332149e+00 5.000000000000000000e+00
7.000000000000000000e+00 2.084019769357495733e+01 1.111111111111111072e+01 1.111111111111111072e+01 4.000000000000000000e+00
8.000000000000000000e+00 2.051070840197693457e+01 1.666666666666666430e+01 1.388888888888888928e+01 6.000000000000000000e+00
9.000000000000000000e+00 2.001647446457990043e+01 1.944444444444444642e+01 1.944444444444444642e+01 7.000000000000000000e+00
1.000000000000000000e+01 2.112850082372322902e+01 1.666666666666666430e+01 1.944444444444444642e+01 6.000000000000000000e+00
1.100000000000000000e+01 2.051070840197693457e+01 1.666666666666666430e+01 1.388888888888888928e+01 6.000000000000000000e+00
1.200000000000000000e+01 1.902800658978583215e+01 1.388888888888888928e+01 1.388888888888888928e+01 5.000000000000000000e+00
1.300000000000000000e+01 1.869851729818780939e+01 1.111111111111111072e+01 1.944444444444444642e+01 4.000000000000000000e+00
1.400000000000000000e+01 1.659802306425041252e+01 1.388888888888888928e+01 1.944444444444444642e+01 5.000000000000000000e+00
1.500000000000000000e+01 1.705107084019769204e+01 1.388888888888888928e+01 2.777777777777777857e+01 5.000000000000000000e+00
1.600000000000000000e+01 1.585667215815486131e+01 1.388888888888888928e+01 2.222222222222222143e+01 5.000000000000000000e+00
1.700000000000000000e+01 1.598023064250411807e+01 1.111111111111111072e+01 2.500000000000000000e+01 4.000000000000000000e+00
1.800000000000000000e+01 1.565074135090609531e+01 1.111111111111111072e+01 3.888888888888889284e+01 4.000000000000000000e+00
1.900000000000000000e+01 1.651565074135090683e+01 8.333333333333332149e+00 2.500000000000000000e+01 3.000000000000000000e+00
2.000000000000000000e+01 1.478583196046128556e+01 0.000000000000000000e+00 3.888888888888889284e+01 -6.000000000000000000e+03
