# step, world, group,control
0.000000000000000000e+00 2.574135090609555121e+01 4.166666666666667140e+01 2.777777777777777679e+00 1.500000000000000000e+01
1.000000000000000000e+00 2.475288303130148293e+01 3.055555555555555358e+01 0.000000000000000000e+00 1.100000000000000000e+01
2.000000000000000000e+00 2.409390444810543386e+01 4.444444444444444287e+01 2.777777777777777679e+00 1.600000000000000000e+01
3.000000000000000000e+00 2.306425041186161451e+01 3.055555555555555358e+01 2.777777777777777679e+00 1.100000000000000000e+01
4.000000000000000000e+00 2.133443163097199147e+01 3.055555555555555358e+01 5.555555555555555358e+00 1.100000000000000000e+01
5.000000000000000000e+00 2.162273476112026316e+01 3.611111111111110716e+01 5.555555555555555358e+00 1.300000000000000000e+01
6.000000000000000000e+00 1.931630971993410384e+01 4.444444444444444287e+01 2.777777777777777679e+00 1.600000000000000000e+01
7.000000000000000000e+00 1.927512355848434922e+01 3.611111111111110716e+01 5.555555555555555358e+00 1.300000000000000000e+01
8.000000000000000000e+00 1.931630971993410384e+01 3.888888888888889284e+01 5.555555555555555358e+00 1.400000000000000000e+01
9.000000000000000000e+00 1.931630971993410384e+01 3.611111111111110716e+01 5.555555555555555358e+00 1.300000000000000000e+01
1.000000000000000000e+01 1.738056013179571480e+01 5.000000000000000000e+01 8.333333333333332149e+00 1.800000000000000000e+01
1.100000000000000000e+01 1.746293245469522404e+01 2.500000000000000000e+01 1.388888888888888928e+01 9.000000000000000000e+00
1.200000000000000000e+01 1.680395387149917852e+01 3.611111111111110716e+01 8.333333333333332149e+00 1.300000000000000000e+01
1.300000000000000000e+01 1.709225700164744666e+01 2.777777777777777857e+01 1.111111111111111072e+01 1.000000000000000000e+01
1.400000000000000000e+01 1.602141680395387269e+01 4.444444444444444287e+01 8.333333333333332149e+00 1.600000000000000000e+01
1.500000000000000000e+01 1.602141680395387269e+01 2.222222222222222143e+01 1.111111111111111072e+01 8.000000000000000000e+00
1.600000000000000000e+01 1.705107084019769204e+01 4.444444444444444287e+01 1.111111111111111072e+01 1.600000000000000000e+01
1.700000000000000000e+01 1.507413509060955548e+01 2.222222222222222143e+01 1.666666666666666430e+01 8.000000000000000000e+00
1.800000000000000000e+01 1.626853377265238976e+01 1.944444444444444642e+01 1.944444444444444642e+01 7.000000000000000000e+00
1.900000000000000000e+01 1.437397034596375711e+01 3.055555555555555358e+01 1.666666666666666430e+01 1.100000000000000000e+01
2.000000000000000000e+01 1.606260296540362376e+01 2.500000000000000000e+01 1.666666666666666430e+01 9.000000000000000000e+00
2.100000000000000000e+01 1.466227347611202525e+01 1.944444444444444642e+01 1.944444444444444642e+01 7.000000000000000000e+00
2.200000000000000000e+01 1.544481054365733108e+01 3.055555555555555358e+01 2.777777777777777857e+01 1.100000000000000000e+01
2.300000000000000000e+01 1.371499176276770804e+01 4.166666666666667140e+01 3.333333333333332860e+01 1.500000000000000000e+01
2.400000000000000000e+01 1.474464579901153272e+01 2.500000000000000000e+01 2.222222222222222143e+01 9.000000000000000000e+00
2.500000000000000000e+01 1.507413509060955548e+01 1.944444444444444642e+01 2.222222222222222143e+01 7.000000000000000000e+00
2.600000000000000000e+01 1.462108731466227241e+01 2.500000000000000000e+01 2.500000000000000000e+01 9.000000000000000000e+00
2.700000000000000000e+01 1.367380560131795697e+01 2.222222222222222143e+01 3.055555555555555358e+01 8.000000000000000000e+00
2.800000000000000000e+01 1.478583196046128556e+01 2.777777777777777857e+01 2.777777777777777857e+01 1.000000000000000000e+01
2.900000000000000000e+01 1.429159802306424965e+01 2.222222222222222143e+01 3.055555555555555358e+01 8.000000000000000000e+00
3.000000000000000000e+01 1.301482701812190967e+01 1.944444444444444642e+01 2.777777777777777857e+01 7.000000000000000000e+00
3.100000000000000000e+01 1.219110378912685277e+01 2.222222222222222143e+01 3.055555555555555358e+01 8.000000000000000000e+00
3.200000000000000000e+01 1.231466227347611309e+01 1.388888888888888928e+01 3.055555555555555358e+01 5.000000000000000000e+00
3.300000000000000000e+01 1.223228995057660740e+01 1.388888888888888928e+01 3.055555555555555358e+01 5.000000000000000000e+00
3.400000000000000000e+01 1.243822075782536984e+01 1.388888888888888928e+01 2.500000000000000000e+01 5.000000000000000000e+00
3.500000000000000000e+01 1.132619439868204303e+01 2.222222222222222143e+01 4.166666666666667140e+01 8.000000000000000000e+00
3.600000000000000000e+01 1.260296540362438300e+01 1.944444444444444642e+01 1.666666666666666430e+01 7.000000000000000000e+00
3.700000000000000000e+01 1.247940691927512447e+01 5.555555555555555358e+00 8.333333333333332149e+00 2.000000000000000000e+00
3.800000000000000000e+01 1.231466227347611309e+01 5.555555555555555358e+00 5.555555555555555358e+00 2.000000000000000000e+00
3.900000000000000000e+01 1.309719934102141714e+01 5.555555555555555358e+00 2.777777777777777679e+00 2.000000000000000000e+00
4.000000000000000000e+01 1.268533772652388691e+01 1.111111111111111072e+01 0.000000000000000000e+00 4.000000000000000000e+00
4.100000000000000000e+01 1.276771004942339438e+01 1.111111111111111072e+01 0.000000000000000000e+00 4.000000000000000000e+00
4.200000000000000000e+01 1.330313014827018137e+01 2.777777777777777679e+00 0.000000000000000000e+00 1.000000000000000000e+00
4.300000000000000000e+01 1.305601317957166252e+01 2.777777777777777679e+00 0.000000000000000000e+00 1.000000000000000000e+00
4.400000000000000000e+01 1.227347611202635846e+01 0.000000000000000000e+00 2.777777777777777679e+00 -6.000000000000000000e+03
