# step, world, group,control
0.000000000000000000e+00 2.697693574958813656e+01 2.500000000000000000e+01 1.388888888888888928e+01 9.000000000000000000e+00
1.000000000000000000e+00 2.495881383855024893e+01 2.777777777777777857e+01 1.666666666666666430e+01 1.000000000000000000e+01
2.000000000000000000e+00 2.434102141680395448e+01 3.888888888888889284e+01 8.333333333333332149e+00 1.400000000000000000e+01
3.000000000000000000e+00 2.397034596375618065e+01 2.777777777777777857e+01 1.111111111111111072e+01 1.000000000000000000e+01
4.000000000000000000e+00 2.252883031301482930e+01 4.166666666666667140e+01 1.388888888888888928e+01 1.500000000000000000e+01
5.000000000000000000e+00 2.191103789126853485e+01 3.333333333333332860e+01 1.111111111111111072e+01 1.200000000000000000e+01
6.000000000000000000e+00 1.943986820428336060e+01 3.333333333333332860e+01 1.388888888888888928e+01 1.200000000000000000e+01
7.000000000000000000e+00 2.051070840197693457e+01 3.888888888888889284e+01 1.944444444444444642e+01 1.400000000000000000e+01
8.000000000000000000e+00 1.816309719934102063e+01 3.611111111111110716e+01 3.333333333333332860e+01 1.300000000000000000e+01
9.000000000000000000e+00 1.902800658978583215e+01 2.777777777777777857e+01 1.944444444444444642e+01 1.000000000000000000e+01
1.000000000000000000e+01 1.902800658978583215e+01 3.333333333333332860e+01 1.388888888888888928e+01 1.200000000000000000e+01
1.100000000000000000e+01 1.902800658978583215e+01 3.055555555555555358e+01 1.388888888888888928e+01 1.100000000000000000e+01
1.200000000000000000e+01 1.836902800658978663e+01 2.222222222222222143e+01 1.666666666666666430e+01 8.000000000000000000e+00
1.300000000000000000e+01 1.795716639209225818e+01 2.777777777777777857e+01 1.388888888888888928e+01 1.000000000000000000e+01
1.400000000000000000e+01 1.795716639209225818e+01 3.333333333333332860e+01 2.500000000000000000e+01 1.200000000000000000e+01
1.500000000000000000e+01 1.943986820428336060e+01 3.333333333333332860e+01 2.222222222222222143e+01 1.200000000000000000e+01
1.600000000000000000e+01 1.890444810543657184e+01 3.888888888888889284e+01 2.222222222222222143e+01 1.400000000000000000e+01
1.700000000000000000e+01 1.919275123558484353e+01 2.222222222222222143e+01 1.666666666666666430e+01 8.000000000000000000e+00
1.800000000000000000e+01 1.750411861614497511e+01 1.666666666666666430e+01 2.500000000000000000e+01 6.000000000000000000e+00
1.900000000000000000e+01 1.865733113673805477e+01 2.500000000000000000e+01 1.944444444444444642e+01 9.000000000000000000e+00
2.000000000000000000e+01 1.713344316309720128e+01 1.944444444444444642e+01 2.777777777777777857e+01 7.000000000000000000e+00
2.100000000000000000e+01 1.729818780889621266e+01 2.777777777777777857e+01 4.444444444444444287e+01 1.000000000000000000e+01
2.200000000000000000e+01 1.721581548599670342e+01 1.111111111111111072e+01 2.500000000000000000e+01 4.000000000000000000e+00
2.300000000000000000e+01 1.758649093904448080e+01 2.222222222222222143e+01 2.222222222222222143e+01 8.000000000000000000e+00
2.400000000000000000e+01 1.803953871499176387e+01 1.944444444444444642e+01 2.777777777777777857e+01 7.000000000000000000e+00
2.500000000000000000e+01 1.738056013179571480e+01 3.055555555555555358e+01 2.222222222222222143e+01 1.100000000000000000e+01
2.600000000000000000e+01 1.836902800658978663e+01 1.944444444444444642e+01 3.611111111111110716e+01 7.000000000000000000e+00
2.700000000000000000e+01 1.808072487644151494e+01 1.944444444444444642e+01 1.666666666666666430e+01 7.000000000000000000e+00
2.800000000000000000e+01 1.643327841845140114e+01 2.222222222222222143e+01 2.500000000000000000e+01 8.000000000000000000e+00
2.900000000000000000e+01 1.544481054365733108e+01 2.500000000000000000e+01 3.055555555555555358e+01 9.000000000000000000e+00
3.000000000000000000e+01 1.474464579901153272e+01 1.388888888888888928e+01 3.333333333333332860e+01 5.000000000000000000e+00
3.100000000000000000e+01 1.371499176276770804e+01 1.944444444444444642e+01 2.500000000000000000e+01 7.000000000000000000e+00
3.200000000000000000e+01 1.264415156507413585e+01 1.388888888888888928e+01 4.166666666666667140e+01 5.000000000000000000e+00
3.300000000000000000e+01 1.334431630971993421e+01 8.333333333333332149e+00 3.611111111111110716e+01 3.000000000000000000e+00
3.400000000000000000e+01 1.182042833607907717e+01 1.388888888888888928e+01 6.111111111111110716e+01 5.000000000000000000e+00
3.500000000000000000e+01 1.285008237232289829e+01 1.388888888888888928e+01 1.666666666666666430e+01 5.000000000000000000e+00
3.600000000000000000e+01 1.173805601317957148e+01 1.666666666666666430e+01 2.222222222222222143e+01 6.000000000000000000e+00
3.700000000000000000e+01 1.243822075782536984e+01 2.500000000000000000e+01 2.500000000000000000e+01 9.000000000000000000e+00
3.800000000000000000e+01 1.107907742998352418e+01 1.666666666666666430e+01 2.222222222222222143e+01 6.000000000000000000e+00
3.900000000000000000e+01 1.243822075782536984e+01 8.333333333333332149e+00 2.500000000000000000e+01 3.000000000000000000e+00
4.000000000000000000e+01 1.112026359143327880e+01 1.111111111111111072e+01 2.222222222222222143e+01 4.000000000000000000e+00
4.100000000000000000e+01 1.247940691927512447e+01 1.388888888888888928e+01 1.388888888888888928e+01 5.000000000000000000e+00
4.200000000000000000e+01 1.144975288303130156e+01 1.944444444444444642e+01 8.333333333333332149e+00 7.000000000000000000e+00
4.300000000000000000e+01 1.231466227347611309e+01 2.222222222222222143e+01 8.333333333333332149e+00 8.000000000000000000e+00
4.400000000000000000e+01 1.363261943986820413e+01 2.222222222222222143e+01 5.555555555555555358e+00 8.000000000000000000e+00
4.500000000000000000e+01 1.322075782537067390e+01 2.222222222222222143e+01 2.777777777777777679e+00 8.000000000000000000e+00
4.600000000000000000e+01 1.317957166392092283e+01 1.111111111111111072e+01 5.555555555555555358e+00 4.000000000000000000e+00
4.700000000000000000e+01 1.165568369028006579e+01 1.111111111111111072e+01 5.555555555555555358e+00 4.000000000000000000e+00
4.800000000000000000e+01 1.268533772652388691e+01 5.555555555555555358e+00 5.555555555555555358e+00 2.000000000000000000e+00
4.900000000000000000e+01 1.186161449752883001e+01 5.555555555555555358e+00 8.333333333333332149e+00 2.000000000000000000e+00
5.000000000000000000e+01 1.210873146622734708e+01 0.000000000000000000e+00 8.333333333333332149e+00 -6.000000000000000000e+03
