# step, world, group,control
0.000000000000000000e+00 2.677100494233937056e+01 2.222222222222222143e+01 3.888888888888889284e+01 8.000000000000000000e+00
1.000000000000000000e+00 2.508237232289950569e+01 1.666666666666666430e+01 2.222222222222222143e+01 6.000000000000000000e+00
2.000000000000000000e+00 2.446457990115321479e+01 2.222222222222222143e+01 2.777777777777777857e+01 8.000000000000000000e+00
3.000000000000000000e+00 2.331136738056013158e+01 3.888888888888889284e+01 2.222222222222222143e+01 1.400000000000000000e+01
4.000000000000000000e+00 2.129324546952224040e+01 3.055555555555555358e+01 3.611111111111110716e+01 1.100000000000000000e+01
5.000000000000000000e+00 2.018121911037891181e+01 4.166666666666667140e+01 3.055555555555555358e+01 1.500000000000000000e+01
6.000000000000000000e+00 2.125205930807248933e+01 3.611111111111110716e+01 2.777777777777777857e+01 1.300000000000000000e+01
7.000000000000000000e+00 2.162273476112026316e+01 3.055555555555555358e+01 3.333333333333332860e+01 1.100000000000000000e+01
8.000000000000000000e+00 2.034596375617792319e+01 3.055555555555555358e+01 3.611111111111110716e+01 1.100000000000000000e+01
9.000000000000000000e+00 1.993410214168039474e+01 3.055555555555555358e+01 3.333333333333332860e+01 1.100000000000000000e+01
1.000000000000000000e+01 1.771004942339374111e+01 1.666666666666666430e+01 3.611111111111110716e+01 6.000000000000000000e+00
1.100000000000000000e+01 1.791598023064250356e+01 5.555555555555555358e+00 2.222222222222222143e+01 2.000000000000000000e+00
1.200000000000000000e+01 1.733937397034596373e+01 5.555555555555555358e+00 3.333333333333332860e+01 2.000000000000000000e+00
1.300000000000000000e+01 1.729818780889621266e+01 5.555555555555555358e+00 2.777777777777777857e+01 2.000000000000000000e+00
1.400000000000000000e+01 1.651565074135090683e+01 5.555555555555555358e+00 1.388888888888888928e+01 2.000000000000000000e+00
1.500000000000000000e+01 1.573311367380560100e+01 5.555555555555555358e+00 1.111111111111111072e+01 2.000000000000000000e+00
1.600000000000000000e+01 1.532125205930807077e+01 5.555555555555555358e+00 8.333333333333332149e+00 2.000000000000000000e+00
1.700000000000000000e+01 1.651565074135090683e+01 5.555555555555555358e+00 2.777777777777777679e+00 2.000000000000000000e+00
1.800000000000000000e+01 1.507413509060955548e+01 5.555555555555555358e+00 0.000000000000000000e+00 2.000000000000000000e+00
1.900000000000000000e+01 1.602141680395387269e+01 8.333333333333332149e+00 5.555555555555555358e+00 3.000000000000000000e+00
2.000000000000000000e+01 1.470345963756177987e+01 1.111111111111111072e+01 8.333333333333332149e+00 4.000000000000000000e+00
2.100000000000000000e+01 1.404448105436573435e+01 1.388888888888888928e+01 1.666666666666666430e+01 5.000000000000000000e+00
2.200000000000000000e+01 1.437397034596375711e+01 2.222222222222222143e+01 2.222222222222222143e+01 8.000000000000000000e+00
2.300000000000000000e+01 1.355024711696869666e+01 1.666666666666666430e+01 3.333333333333332860e+01 6.000000000000000000e+00
2.400000000000000000e+01 1.383855024711696835e+01 2.222222222222222143e+01 3.611111111111110716e+01 8.000000000000000000e+00
2.500000000000000000e+01 1.326194398682042852e+01 2.222222222222222143e+01 3.055555555555555358e+01 8.000000000000000000e+00
2.600000000000000000e+01 1.375617792421746444e+01 3.055555555555555358e+01 4.444444444444444287e+01 1.100000000000000000e+01
2.700000000000000000e+01 1.247940691927512447e+01 1.944444444444444642e+01 3.055555555555555358e+01 7.000000000000000000e+00
2.800000000000000000e+01 1.293245469522240576e+01 3.611111111111110716e+01 1.944444444444444642e+01 1.300000000000000000e+01
2.900000000000000000e+01 1.252059308072487553e+01 2.777777777777777857e+01 1.944444444444444642e+01 1.000000000000000000e+01
3.000000000000000000e+01 1.243822075782536984e+01 4.166666666666667140e+01 2.222222222222222143e+01 1.500000000000000000e+01
3.100000000000000000e+01 1.219110378912685277e+01 3.055555555555555358e+01 2.222222222222222143e+01 1.100000000000000000e+01
3.200000000000000000e+01 1.231466227347611309e+01 2.500000000000000000e+01 2.500000000000000000e+01 9.000000000000000000e+00
3.300000000000000000e+01 1.153212520593080725e+01 3.055555555555555358e+01 3.055555555555555358e+01 1.100000000000000000e+01
3.400000000000000000e+01 1.128500823723229018e+01 3.888888888888889284e+01 3.611111111111110716e+01 1.400000000000000000e+01
3.500000000000000000e+01 1.247940691927512447e+01 2.222222222222222143e+01 3.055555555555555358e+01 8.000000000000000000e+00
3.600000000000000000e+01 1.219110378912685277e+01 1.944444444444444642e+01 3.333333333333332860e+01 7.000000000000000000e+00
3.700000000000000000e+01 1.165568369028006579e+01 1.388888888888888928e+01 3.055555555555555358e+01 5.000000000000000000e+00
3.800000000000000000e+01 1.223228995057660740e+01 1.388888888888888928e+01 3.888888888888889284e+01 5.000000000000000000e+00
3.900000000000000000e+01 1.182042833607907717e+01 8.333333333333332149e+00 4.166666666666667140e+01 3.000000000000000000e+00
4.000000000000000000e+01 1.301482701812190967e+01 1.388888888888888928e+01 3.611111111111110716e+01 5.000000000000000000e+00
4.100000000000000000e+01 1.268533772652388691e+01 1.666666666666666430e+01 2.500000000000000000e+01 6.000000000000000000e+00
4.200000000000000000e+01 1.194398682042833570e+01 2.500000000000000000e+01 2.777777777777777857e+01 9.000000000000000000e+00
4.300000000000000000e+01 1.070840197693575035e+01 1.666666666666666430e+01 3.611111111111110716e+01 6.000000000000000000e+00
4.400000000000000000e+01 1.070840197693575035e+01 2.222222222222222143e+01 2.500000000000000000e+01 8.000000000000000000e+00
4.500000000000000000e+01 1.017298187808896159e+01 2.222222222222222143e+01 2.777777777777777857e+01 8.000000000000000000e+00
4.600000000000000000e+01 9.761120263591433144e+00 3.055555555555555358e+01 2.222222222222222143e+01 1.100000000000000000e+01
4.700000000000000000e+01 9.884678747940691679e+00 2.222222222222222143e+01 2.222222222222222143e+01 8.000000000000000000e+00
4.800000000000000000e+01 9.843492586490938834e+00 3.055555555555555358e+01 1.666666666666666430e+01 1.100000000000000000e+01
4.900000000000000000e+01 9.678747940691927454e+00 2.500000000000000000e+01 1.388888888888888928e+01 9.000000000000000000e+00
5.000000000000000000e+01 1.021416803953871444e+01 3.888888888888889284e+01 2.222222222222222143e+01 1.400000000000000000e+01
5.100000000000000000e+01 9.143327841845140469e+00 2.222222222222222143e+01 2.222222222222222143e+01 8.000000000000000000e+00
5.200000000000000000e+01 9.266886326194399004e+00 3.611111111111110716e+01 2.222222222222222143e+01 1.300000000000000000e+01
5.300000000000000000e+01 7.784184514003294808e+00 1.666666666666666430e+01 1.944444444444444642e+01 6.000000000000000000e+00
5.400000000000000000e+01 8.113673805601317568e+00 1.111111111111111072e+01 1.666666666666666430e+01 4.000000000000000000e+00
5.500000000000000000e+01 8.031301482701811878e+00 1.388888888888888928e+01 8.333333333333332149e+00 5.000000000000000000e+00
5.600000000000000000e+01 8.319604612850081793e+00 1.388888888888888928e+01 8.333333333333332149e+00 5.000000000000000000e+00
5.700000000000000000e+01 8.401976935749589259e+00 1.111111111111111072e+01 5.555555555555555358e+00 4.000000000000000000e+00
5.800000000000000000e+01 8.154859967051070413e+00 1.944444444444444642e+01 2.777777777777777679e+00 7.000000000000000000e+00
5.900000000000000000e+01 8.978583196046129089e+00 1.388888888888888928e+01 0.000000000000000000e+00 5.000000000000000000e+00
6.000000000000000000e+01 9.308072487644151849e+00 5.555555555555555358e+00 0.000000000000000000e+00 2.000000000000000000e+00
6.100000000000000000e+01 1.004942339373970306e+01 8.333333333333332149e+00 0.000000000000000000e+00 3.000000000000000000e+00
6.200000000000000000e+01 8.896210873146623399e+00 1.111111111111111072e+01 2.777777777777777679e+00 4.000000000000000000e+00
6.300000000000000000e+01 9.884678747940691679e+00 8.333333333333332149e+00 2.777777777777777679e+00 3.000000000000000000e+00
6.400000000000000000e+01 9.060955518945634779e+00 1.388888888888888928e+01 5.555555555555555358e+00 5.000000000000000000e+00
6.500000000000000000e+01 9.266886326194399004e+00 1.944444444444444642e+01 5.555555555555555358e+00 7.000000000000000000e+00
6.600000000000000000e+01 8.443163097199340328e+00 1.944444444444444642e+01 8.333333333333332149e+00 7.000000000000000000e+00
6.700000000000000000e+01 9.184514003294893314e+00 1.111111111111111072e+01 1.111111111111111072e+01 4.000000000000000000e+00
6.800000000000000000e+01 9.349258649093904694e+00 2.222222222222222143e+01 1.666666666666666430e+01 8.000000000000000000e+00
6.900000000000000000e+01 1.017298187808896159e+01 1.388888888888888928e+01 1.111111111111111072e+01 5.000000000000000000e+00
7.000000000000000000e+01 1.054365733113673897e+01 1.388888888888888928e+01 2.222222222222222143e+01 5.000000000000000000e+00
7.100000000000000000e+01 1.083196046128500711e+01 1.944444444444444642e+01 1.388888888888888928e+01 7.000000000000000000e+00
7.200000000000000000e+01 9.555189456342668919e+00 1.944444444444444642e+01 1.111111111111111072e+01 7.000000000000000000e+00
7.300000000000000000e+01 9.514003294892916074e+00 8.333333333333332149e+00 1.111111111111111072e+01 3.000000000000000000e+00
7.400000000000000000e+01 1.013179571663920875e+01 5.555555555555555358e+00 1.111111111111111072e+01 2.000000000000000000e+00
7.500000000000000000e+01 1.000823723228995021e+01 5.555555555555555358e+00 1.111111111111111072e+01 2.000000000000000000e+00
7.600000000000000000e+01 1.025535420098846728e+01 5.555555555555555358e+00 1.111111111111111072e+01 2.000000000000000000e+00
7.700000000000000000e+01 8.813838550247117709e+00 5.555555555555555358e+00 1.111111111111111072e+01 2.000000000000000000e+00
7.800000000000000000e+01 9.349258649093904694e+00 8.333333333333332149e+00 1.111111111111111072e+01 3.000000000000000000e+00
7.900000000000000000e+01 9.143327841845140469e+00 1.111111111111111072e+01 1.111111111111111072e+01 4.000000000000000000e+00
8.000000000000000000e+01 9.102141680395387624e+00 5.555555555555555358e+00 1.111111111111111072e+01 2.000000000000000000e+00
8.100000000000000000e+01 8.360790774299834638e+00 0.000000000000000000e+00 1.111111111111111072e+01 -6.000000000000000000e+03
