# step, world, group,control
0.000000000000000000e+00 2.652388797364085704e+01 5.000000000000000000e+01 1.388888888888888928e+01 1.800000000000000000e+01
1.000000000000000000e+00 2.755354200988467994e+01 4.444444444444444287e+01 1.388888888888888928e+01 1.600000000000000000e+01
2.000000000000000000e+00 2.372322899505766003e+01 4.722222222222222854e+01 1.111111111111111072e+01 1.700000000000000000e+01
3.000000000000000000e+00 2.458813838550247155e+01 3.888888888888889284e+01 8.333333333333332149e+00 1.400000000000000000e+01
4.000000000000000000e+00 2.339373970345963727e+01 3.611111111111110716e+01 1.111111111111111072e+01 1.300000000000000000e+01
5.000000000000000000e+00 2.368204283360790896e+01 3.055555555555555358e+01 8.333333333333332149e+00 1.100000000000000000e+01
6.000000000000000000e+00 2.479406919275123755e+01 3.333333333333332860e+01 8.333333333333332149e+00 1.200000000000000000e+01
7.000000000000000000e+00 2.257001647446458037e+01 2.222222222222222143e+01 1.111111111111111072e+01 8.000000000000000000e+00
8.000000000000000000e+00 2.359967051070839972e+01 2.777777777777777857e+01 1.388888888888888928e+01 1.000000000000000000e+01
9.000000000000000000e+00 2.203459637561779161e+01 2.222222222222222143e+01 1.944444444444444642e+01 8.000000000000000000e+00
1.000000000000000000e+01 2.195222405271828592e+01 3.055555555555555358e+01 2.777777777777777857e+01 1.100000000000000000e+01
1.100000000000000000e+01 2.125205930807248933e+01 1.388888888888888928e+01 2.222222222222222143e+01 5.000000000000000000e+00
1.200000000000000000e+01 2.079901153212520626e+01 1.666666666666666430e+01 3.611111111111110716e+01 6.000000000000000000e+00
1.300000000000000000e+01 2.092257001647446657e+01 1.111111111111111072e+01 2.777777777777777857e+01 4.000000000000000000e+00
1.400000000000000000e+01 2.022240527182866643e+01 1.666666666666666430e+01 1.666666666666666430e+01 6.000000000000000000e+00
1.500000000000000000e+01 1.857495881383854908e+01 1.944444444444444642e+01 8.333333333333332149e+00 7.000000000000000000e+00
1.600000000000000000e+01 1.902800658978583215e+01 2.222222222222222143e+01 1.111111111111111072e+01 8.000000000000000000e+00
1.700000000000000000e+01 1.849258649093904339e+01 3.888888888888889284e+01 1.111111111111111072e+01 1.400000000000000000e+01
1.800000000000000000e+01 1.762767710049423542e+01 3.055555555555555358e+01 1.388888888888888928e+01 1.100000000000000000e+01
1.900000000000000000e+01 1.639209225700164652e+01 3.611111111111110716e+01 2.500000000000000000e+01 1.300000000000000000e+01
2.000000000000000000e+01 1.700988467874794097e+01 3.055555555555555358e+01 8.333333333333332149e+00 1.100000000000000000e+01
2.100000000000000000e+01 1.684514003294892959e+01 4.166666666666667140e+01 8.333333333333332149e+00 1.500000000000000000e+01
2.200000000000000000e+01 1.639209225700164652e+01 3.888888888888889284e+01 8.333333333333332149e+00 1.400000000000000000e+01
2.300000000000000000e+01 1.598023064250411807e+01 4.444444444444444287e+01 8.333333333333332149e+00 1.600000000000000000e+01
2.400000000000000000e+01 1.552718286655683855e+01 4.444444444444444287e+01 1.111111111111111072e+01 1.600000000000000000e+01
2.500000000000000000e+01 1.445634266886326103e+01 5.277777777777777857e+01 1.111111111111111072e+01 1.900000000000000000e+01
2.600000000000000000e+01 1.552718286655683855e+01 3.611111111111110716e+01 1.388888888888888928e+01 1.300000000000000000e+01
2.700000000000000000e+01 1.280889621087314723e+01 5.277777777777777857e+01 8.333333333333332149e+00 1.900000000000000000e+01
2.800000000000000000e+01 1.313838550247116999e+01 3.888888888888889284e+01 1.388888888888888928e+01 1.400000000000000000e+01
2.900000000000000000e+01 1.317957166392092283e+01 3.611111111111110716e+01 8.333333333333332149e+00 1.300000000000000000e+01
3.000000000000000000e+01 1.272652388797363976e+01 3.611111111111110716e+01 2.777777777777777679e+00 1.300000000000000000e+01
3.100000000000000000e+01 1.285008237232289829e+01 5.277777777777777857e+01 0.000000000000000000e+00 1.900000000000000000e+01
3.200000000000000000e+01 1.231466227347611309e+01 3.888888888888889284e+01 0.000000000000000000e+00 1.400000000000000000e+01
3.300000000000000000e+01 1.235584843492586415e+01 3.055555555555555358e+01 0.000000000000000000e+00 1.100000000000000000e+01
3.400000000000000000e+01 1.214991762767710171e+01 4.444444444444444287e+01 0.000000000000000000e+00 1.600000000000000000e+01
3.500000000000000000e+01 1.194398682042833570e+01 3.333333333333332860e+01 0.000000000000000000e+00 1.200000000000000000e+01
3.600000000000000000e+01 1.219110378912685277e+01 2.222222222222222143e+01 0.000000000000000000e+00 8.000000000000000000e+00
3.700000000000000000e+01 1.107907742998352418e+01 4.444444444444444287e+01 0.000000000000000000e+00 1.600000000000000000e+01
3.800000000000000000e+01 1.190280065897858286e+01 2.222222222222222143e+01 0.000000000000000000e+00 8.000000000000000000e+00
3.900000000000000000e+01 1.132619439868204303e+01 2.777777777777777857e+01 2.777777777777777679e+00 1.000000000000000000e+01
4.000000000000000000e+01 1.103789126853377311e+01 3.333333333333332860e+01 8.333333333333332149e+00 1.200000000000000000e+01
4.100000000000000000e+01 1.070840197693575035e+01 1.944444444444444642e+01 1.388888888888888928e+01 7.000000000000000000e+00
4.200000000000000000e+01 1.050247116968698435e+01 1.666666666666666430e+01 1.388888888888888928e+01 6.000000000000000000e+00
4.300000000000000000e+01 1.091433278418451280e+01 1.666666666666666430e+01 2.222222222222222143e+01 6.000000000000000000e+00
4.400000000000000000e+01 1.136738056013179587e+01 1.388888888888888928e+01 2.222222222222222143e+01 5.000000000000000000e+00
4.500000000000000000e+01 1.116144975288303165e+01 8.333333333333332149e+00 1.944444444444444642e+01 3.000000000000000000e+00
4.600000000000000000e+01 1.099670510708401849e+01 8.333333333333332149e+00 2.500000000000000000e+01 3.000000000000000000e+00
4.700000000000000000e+01 9.802306425041185989e+00 8.333333333333332149e+00 1.666666666666666430e+01 3.000000000000000000e+00
4.800000000000000000e+01 1.004942339373970306e+01 0.000000000000000000e+00 2.222222222222222143e+01 -6.000000000000000000e+03
