# step, world, group,control
0.000000000000000000e+00 2.413509060955519203e+01 3.055555555555555358e+01 3.055555555555555358e+01 1.100000000000000000e+01
1.000000000000000000e+00 2.273476112026359175e+01 3.333333333333332860e+01 1.944444444444444642e+01 1.200000000000000000e+01
2.000000000000000000e+00 2.322899505766062589e+01 3.611111111111110716e+01 8.333333333333332149e+00 1.300000000000000000e+01
3.000000000000000000e+00 2.191103789126853485e+01 2.222222222222222143e+01 8.333333333333332149e+00 8.000000000000000000e+00
4.000000000000000000e+00 2.129324546952224040e+01 3.888888888888889284e+01 1.388888888888888928e+01 1.400000000000000000e+01
5.000000000000000000e+00 2.158154859967051209e+01 2.222222222222222143e+01 1.388888888888888928e+01 8.000000000000000000e+00
6.000000000000000000e+00 2.178747940691927454e+01 2.500000000000000000e+01 2.222222222222222143e+01 9.000000000000000000e+00
7.000000000000000000e+00 2.100494233937396871e+01 3.333333333333332860e+01 2.777777777777777857e+01 1.200000000000000000e+01
8.000000000000000000e+00 1.976935749588138336e+01 2.500000000000000000e+01 2.777777777777777857e+01 9.000000000000000000e+00
9.000000000000000000e+00 2.009884678747940612e+01 1.666666666666666430e+01 2.500000000000000000e+01 6.000000000000000000e+00
1.000000000000000000e+01 1.857495881383854908e+01 2.500000000000000000e+01 2.500000000000000000e+01 9.000000000000000000e+00
1.100000000000000000e+01 1.742174629324546942e+01 3.333333333333332860e+01 3.888888888888889284e+01 1.200000000000000000e+01
1.200000000000000000e+01 1.717462932454695235e+01 3.333333333333332860e+01 2.222222222222222143e+01 1.200000000000000000e+01
1.300000000000000000e+01 1.816309719934102063e+01 3.888888888888889284e+01 1.944444444444444642e+01 1.400000000000000000e+01
1.400000000000000000e+01 1.717462932454695235e+01 3.888888888888889284e+01 2.500000000000000000e+01 1.400000000000000000e+01
1.500000000000000000e+01 1.663920922570016359e+01 3.888888888888889284e+01 1.944444444444444642e+01 1.400000000000000000e+01
1.600000000000000000e+01 1.643327841845140114e+01 3.888888888888889284e+01 1.666666666666666430e+01 1.400000000000000000e+01
1.700000000000000000e+01 1.528006589785831970e+01 4.444444444444444287e+01 2.500000000000000000e+01 1.600000000000000000e+01
1.800000000000000000e+01 1.569192751235584993e+01 3.611111111111110716e+01 3.888888888888889284e+01 1.300000000000000000e+01
1.900000000000000000e+01 1.433278418451400249e+01 4.166666666666667140e+01 2.777777777777777857e+01 1.500000000000000000e+01
2.000000000000000000e+01 1.416803953871499111e+01 4.166666666666667140e+01 2.777777777777777857e+01 1.500000000000000000e+01
2.100000000000000000e+01 1.383855024711696835e+01 3.888888888888889284e+01 5.833333333333333570e+01 1.400000000000000000e+01
2.200000000000000000e+01 1.387973640856671942e+01 3.611111111111110716e+01 3.055555555555555358e+01 1.300000000000000000e+01
2.300000000000000000e+01 1.474464579901153272e+01 4.444444444444444287e+01 1.388888888888888928e+01 1.600000000000000000e+01
2.400000000000000000e+01 1.490939044481054410e+01 1.666666666666666430e+01 1.944444444444444642e+01 6.000000000000000000e+00
2.500000000000000000e+01 1.622734761120263514e+01 1.388888888888888928e+01 2.222222222222222143e+01 5.000000000000000000e+00
2.600000000000000000e+01 1.457990115321252134e+01 1.666666666666666430e+01 2.222222222222222143e+01 6.000000000000000000e+00
2.700000000000000000e+01 1.346787479406919275e+01 1.388888888888888928e+01 3.055555555555555358e+01 5.000000000000000000e+00
2.800000000000000000e+01 1.371499176276770804e+01 2.222222222222222143e+01 1.944444444444444642e+01 8.000000000000000000e+00
2.900000000000000000e+01 1.243822075782536984e+01 2.222222222222222143e+01 2.500000000000000000e+01 8.000000000000000000e+00
3.000000000000000000e+01 1.256177924217462838e+01 2.222222222222222143e+01 3.611111111111110716e+01 8.000000000000000000e+00
3.100000000000000000e+01 1.338550247116968528e+01 2.500000000000000000e+01 1.388888888888888928e+01 9.000000000000000000e+00
3.200000000000000000e+01 1.387973640856671942e+01 2.500000000000000000e+01 1.388888888888888928e+01 9.000000000000000000e+00
3.300000000000000000e+01 1.264415156507413585e+01 2.777777777777777857e+01 1.111111111111111072e+01 1.000000000000000000e+01
3.400000000000000000e+01 1.359143327841845306e+01 3.333333333333332860e+01 1.944444444444444642e+01 1.200000000000000000e+01
3.500000000000000000e+01 1.334431630971993421e+01 1.388888888888888928e+01 5.555555555555555358e+00 5.000000000000000000e+00
3.600000000000000000e+01 1.367380560131795697e+01 1.111111111111111072e+01 0.000000000000000000e+00 4.000000000000000000e+00
3.700000000000000000e+01 1.198517298187809033e+01 1.111111111111111072e+01 0.000000000000000000e+00 4.000000000000000000e+00
3.800000000000000000e+01 1.223228995057660740e+01 1.111111111111111072e+01 0.000000000000000000e+00 4.000000000000000000e+00
3.900000000000000000e+01 1.285008237232289829e+01 1.944444444444444642e+01 0.000000000000000000e+00 7.000000000000000000e+00
4.000000000000000000e+01 1.330313014827018137e+01 1.666666666666666430e+01 0.000000000000000000e+00 6.000000000000000000e+00
4.100000000000000000e+01 1.297364085667215861e+01 1.944444444444444642e+01 2.777777777777777679e+00 7.000000000000000000e+00
4.200000000000000000e+01 1.420922570016474573e+01 1.666666666666666430e+01 5.555555555555555358e+00 6.000000000000000000e+00
4.300000000000000000e+01 1.342668863261943990e+01 3.055555555555555358e+01 8.333333333333332149e+00 1.100000000000000000e+01
4.400000000000000000e+01 1.330313014827018137e+01 1.944444444444444642e+01 1.111111111111111072e+01 7.000000000000000000e+00
4.500000000000000000e+01 1.387973640856671942e+01 2.500000000000000000e+01 8.333333333333332149e+00 9.000000000000000000e+00
4.600000000000000000e+01 1.350906095551894559e+01 3.333333333333332860e+01 1.666666666666666430e+01 1.200000000000000000e+01
4.700000000000000000e+01 1.375617792421746444e+01 2.500000000000000000e+01 1.388888888888888928e+01 9.000000000000000000e+00
4.800000000000000000e+01 1.429159802306424965e+01 4.444444444444444287e+01 1.388888888888888928e+01 1.600000000000000000e+01
4.900000000000000000e+01 1.519769357495881579e+01 1.388888888888888928e+01 1.666666666666666430e+01 5.000000000000000000e+00
5.000000000000000000e+01 1.350906095551894559e+01 1.666666666666666430e+01 2.222222222222222143e+01 6.000000000000000000e+00
5.100000000000000000e+01 1.297364085667215861e+01 1.944444444444444642e+01 2.222222222222222143e+01 7.000000000000000000e+00
5.200000000000000000e+01 1.317957166392092283e+01 2.500000000000000000e+01 1.666666666666666430e+01 9.000000000000000000e+00
5.300000000000000000e+01 1.239703459637561878e+01 2.222222222222222143e+01 1.944444444444444642e+01 8.000000000000000000e+00
5.400000000000000000e+01 1.247940691927512447e+01 2.500000000000000000e+01 2.222222222222222143e+01 9.000000000000000000e+00
5.500000000000000000e+01 1.289126853377265114e+01 3.333333333333332860e+01 1.944444444444444642e+01 1.200000000000000000e+01
5.600000000000000000e+01 1.210873146622734708e+01 3.055555555555555358e+01 2.500000000000000000e+01 1.100000000000000000e+01
5.700000000000000000e+01 1.280889621087314723e+01 1.944444444444444642e+01 1.388888888888888928e+01 7.000000000000000000e+00
5.800000000000000000e+01 1.375617792421746444e+01 3.333333333333332860e+01 1.666666666666666430e+01 1.200000000000000000e+01
5.900000000000000000e+01 1.231466227347611309e+01 2.777777777777777857e+01 1.388888888888888928e+01 1.000000000000000000e+01
6.000000000000000000e+01 1.322075782537067390e+01 2.222222222222222143e+01 1.388888888888888928e+01 8.000000000000000000e+00
6.100000000000000000e+01 1.429159802306424965e+01 1.111111111111111072e+01 1.666666666666666430e+01 4.000000000000000000e+00
6.200000000000000000e+01 1.338550247116968528e+01 8.333333333333332149e+00 2.500000000000000000e+01 3.000000000000000000e+00
6.300000000000000000e+01 1.326194398682042852e+01 8.333333333333332149e+00 1.944444444444444642e+01 3.000000000000000000e+00
6.400000000000000000e+01 1.202635914332784139e+01 8.333333333333332149e+00 3.055555555555555358e+01 3.000000000000000000e+00
6.500000000000000000e+01 1.392092257001647582e+01 1.388888888888888928e+01 1.388888888888888928e+01 5.000000000000000000e+00
6.600000000000000000e+01 1.268533772652388691e+01 5.555555555555555358e+00 1.388888888888888928e+01 2.000000000000000000e+00
6.700000000000000000e+01 1.239703459637561878e+01 1.666666666666666430e+01 1.666666666666666430e+01 6.000000000000000000e+00
6.800000000000000000e+01 1.260296540362438300e+01 1.666666666666666430e+01 1.666666666666666430e+01 6.000000000000000000e+00
6.900000000000000000e+01 1.301482701812190967e+01 1.944444444444444642e+01 1.388888888888888928e+01 7.000000000000000000e+00
7.000000000000000000e+01 1.214991762767710171e+01 2.500000000000000000e+01 1.111111111111111072e+01 9.000000000000000000e+00
7.100000000000000000e+01 1.276771004942339438e+01 2.500000000000000000e+01 8.333333333333332149e+00 9.000000000000000000e+00
7.200000000000000000e+01 1.227347611202635846e+01 1.666666666666666430e+01 2.777777777777777679e+00 6.000000000000000000e+00
7.300000000000000000e+01 1.260296540362438300e+01 2.222222222222222143e+01 5.555555555555555358e+00 8.000000000000000000e+00
7.400000000000000000e+01 1.140856672158154872e+01 2.222222222222222143e+01 8.333333333333332149e+00 8.000000000000000000e+00
7.500000000000000000e+01 1.173805601317957148e+01 2.500000000000000000e+01 1.111111111111111072e+01 9.000000000000000000e+00
7.600000000000000000e+01 1.116144975288303165e+01 1.944444444444444642e+01 8.333333333333332149e+00 7.000000000000000000e+00
7.700000000000000000e+01 1.058484349258649004e+01 1.944444444444444642e+01 5.555555555555555358e+00 7.000000000000000000e+00
7.800000000000000000e+01 1.042009884678747866e+01 2.222222222222222143e+01 8.333333333333332149e+00 8.000000000000000000e+00
7.900000000000000000e+01 1.099670510708401849e+01 2.500000000000000000e+01 8.333333333333332149e+00 9.000000000000000000e+00
8.000000000000000000e+01 1.079077429983525604e+01 2.777777777777777857e+01 1.111111111111111072e+01 1.000000000000000000e+01
8.100000000000000000e+01 1.054365733113673897e+01 2.500000000000000000e+01 1.111111111111111072e+01 9.000000000000000000e+00
8.200000000000000000e+01 1.029654036243822013e+01 3.333333333333332860e+01 1.111111111111111072e+01 1.200000000000000000e+01
8.300000000000000000e+01 1.095551894563426742e+01 2.500000000000000000e+01 1.111111111111111072e+01 9.000000000000000000e+00
8.400000000000000000e+01 9.884678747940691679e+00 2.777777777777777857e+01 1.944444444444444642e+01 1.000000000000000000e+01
8.500000000000000000e+01 9.308072487644151849e+00 3.333333333333332860e+01 1.944444444444444642e+01 1.200000000000000000e+01
8.600000000000000000e+01 8.978583196046129089e+00 3.333333333333332860e+01 2.500000000000000000e+01 1.200000000000000000e+01
8.700000000000000000e+01 1.000823723228995021e+01 3.055555555555555358e+01 1.666666666666666430e+01 1.100000000000000000e+01
8.800000000000000000e+01 8.978583196046129089e+00 5.000000000000000000e+01 1.388888888888888928e+01 1.800000000000000000e+01
8.900000000000000000e+01 9.884678747940691679e+00 4.166666666666667140e+01 1.944444444444444642e+01 1.500000000000000000e+01
9.000000000000000000e+01 9.143327841845140469e+00 5.000000000000000000e+01 1.388888888888888928e+01 1.800000000000000000e+01
9.100000000000000000e+01 1.103789126853377311e+01 3.888888888888889284e+01 1.666666666666666430e+01 1.400000000000000000e+01
9.200000000000000000e+01 1.074958813838550142e+01 2.500000000000000000e+01 1.666666666666666430e+01 9.000000000000000000e+00
9.300000000000000000e+01 9.802306425041185989e+00 3.055555555555555358e+01 2.222222222222222143e+01 1.100000000000000000e+01
9.400000000000000000e+01 1.058484349258649004e+01 3.888888888888889284e+01 1.388888888888888928e+01 1.400000000000000000e+01
9.500000000000000000e+01 1.017298187808896159e+01 5.000000000000000000e+01 1.388888888888888928e+01 1.800000000000000000e+01
9.600000000000000000e+01 1.033772652388797297e+01 3.055555555555555358e+01 8.333333333333332149e+00 1.100000000000000000e+01
9.700000000000000000e+01 1.103789126853377311e+01 4.722222222222222854e+01 8.333333333333332149e+00 1.700000000000000000e+01
9.800000000000000000e+01 1.165568369028006579e+01 2.222222222222222143e+01 5.555555555555555358e+00 8.000000000000000000e+00
9.900000000000000000e+01 1.165568369028006579e+01 2.500000000000000000e+01 0.000000000000000000e+00 9.000000000000000000e+00
1.000000000000000000e+02 1.161449752883031294e+01 1.666666666666666430e+01 0.000000000000000000e+00 6.000000000000000000e+00
1.010000000000000000e+02 1.165568369028006579e+01 2.222222222222222143e+01 0.000000000000000000e+00 8.000000000000000000e+00
1.020000000000000000e+02 1.153212520593080725e+01 8.333333333333332149e+00 8.333333333333332149e+00 3.000000000000000000e+00
1.030000000000000000e+02 1.173805601317957148e+01 2.777777777777777679e+00 0.000000000000000000e+00 1.000000000000000000e+00
1.040000000000000000e+02 1.268533772652388691e+01 5.555555555555555358e+00 0.000000000000000000e+00 2.000000000000000000e+00
1.050000000000000000e+02 1.128500823723229018e+01 0.000000000000000000e+00 0.000000000000000000e+00 -6.000000000000000000e+03
