# step, world, group,control
0.000000000000000000e+00 2.578253706754530228e+01 1.944444444444444642e+01 1.944444444444444642e+01 7.000000000000000000e+00
1.000000000000000000e+00 2.318780889621087482e+01 1.388888888888888928e+01 1.944444444444444642e+01 5.000000000000000000e+00
2.000000000000000000e+00 2.359967051070839972e+01 8.333333333333332149e+00 1.944444444444444642e+01 3.000000000000000000e+00
3.000000000000000000e+00 2.149917627677100285e+01 1.111111111111111072e+01 1.666666666666666430e+01 4.000000000000000000e+00
4.000000000000000000e+00 2.154036243822075747e+01 8.333333333333332149e+00 1.944444444444444642e+01 3.000000000000000000e+00
5.000000000000000000e+00 2.158154859967051209e+01 1.111111111111111072e+01 1.944444444444444642e+01 4.000000000000000000e+00
6.000000000000000000e+00 2.088138385502471195e+01 1.111111111111111072e+01 1.666666666666666430e+01 4.000000000000000000e+00
7.000000000000000000e+00 2.026359143327841750e+01 2.777777777777777679e+00 1.666666666666666430e+01 1.000000000000000000e+00
8.000000000000000000e+00 2.046952224052718350e+01 5.555555555555555358e+00 2.777777777777777857e+01 2.000000000000000000e+00
9.000000000000000000e+00 1.948105436573311522e+01 5.555555555555555358e+00 1.388888888888888928e+01 2.000000000000000000e+00
1.000000000000000000e+01 1.795716639209225818e+01 0.000000000000000000e+00 1.388888888888888928e+01 -6.000000000000000000e+03
