# step, world, group,control
0.000000000000000000e+00 2.714168039538715149e+01 4.166666666666667140e+01 2.500000000000000000e+01 1.500000000000000000e+01
1.000000000000000000e+00 2.504118616144975107e+01 3.611111111111110716e+01 3.611111111111110716e+01 1.300000000000000000e+01
2.000000000000000000e+00 2.397034596375618065e+01 2.500000000000000000e+01 2.222222222222222143e+01 9.000000000000000000e+00
3.000000000000000000e+00 2.384678747940692034e+01 1.944444444444444642e+01 3.333333333333332860e+01 7.000000000000000000e+00
4.000000000000000000e+00 2.322899505766062589e+01 1.388888888888888928e+01 1.388888888888888928e+01 5.000000000000000000e+00
5.000000000000000000e+00 2.327018121911037696e+01 1.944444444444444642e+01 8.333333333333332149e+00 7.000000000000000000e+00
6.000000000000000000e+00 2.125205930807248933e+01 3.333333333333332860e+01 1.111111111111111072e+01 1.200000000000000000e+01
7.000000000000000000e+00 1.948105436573311522e+01 2.777777777777777857e+01 1.111111111111111072e+01 1.000000000000000000e+01
8.000000000000000000e+00 1.943986820428336060e+01 1.944444444444444642e+01 1.111111111111111072e+01 7.000000000000000000e+00
9.000000000000000000e+00 2.063426688632619488e+01 2.777777777777777857e+01 1.111111111111111072e+01 1.000000000000000000e+01
1.000000000000000000e+01 1.906919275123558322e+01 1.944444444444444642e+01 1.111111111111111072e+01 7.000000000000000000e+00
1.100000000000000000e+01 1.836902800658978663e+01 2.222222222222222143e+01 2.500000000000000000e+01 8.000000000000000000e+00
1.200000000000000000e+01 1.824546952224052632e+01 1.388888888888888928e+01 1.666666666666666430e+01 5.000000000000000000e+00
1.300000000000000000e+01 1.733937397034596373e+01 2.222222222222222143e+01 5.555555555555555358e+00 8.000000000000000000e+00
1.400000000000000000e+01 1.803953871499176387e+01 1.944444444444444642e+01 0.000000000000000000e+00 7.000000000000000000e+00
1.500000000000000000e+01 1.729818780889621266e+01 2.500000000000000000e+01 0.000000000000000000e+00 9.000000000000000000e+00
1.600000000000000000e+01 1.952224052718286629e+01 2.500000000000000000e+01 0.000000000000000000e+00 9.000000000000000000e+00
1.700000000000000000e+01 1.733937397034596373e+01 3.611111111111110716e+01 0.000000000000000000e+00 1.300000000000000000e+01
1.800000000000000000e+01 1.721581548599670342e+01 4.444444444444444287e+01 0.000000000000000000e+00 1.600000000000000000e+01
1.900000000000000000e+01 1.659802306425041252e+01 4.444444444444444287e+01 0.000000000000000000e+00 1.600000000000000000e+01
2.000000000000000000e+01 1.717462932454695235e+01 6.111111111111110716e+01 0.000000000000000000e+00 2.200000000000000000e+01
2.100000000000000000e+01 1.577429983525535384e+01 1.388888888888888928e+01 2.777777777777777679e+00 5.000000000000000000e+00
2.200000000000000000e+01 1.705107084019769204e+01 5.555555555555555358e+00 0.000000000000000000e+00 2.000000000000000000e+00
2.300000000000000000e+01 1.523887973640856686e+01 8.333333333333332149e+00 2.777777777777777679e+00 3.000000000000000000e+00
2.400000000000000000e+01 1.577429983525535384e+01 8.333333333333332149e+00 0.000000000000000000e+00 3.000000000000000000e+00
2.500000000000000000e+01 1.602141680395387269e+01 1.388888888888888928e+01 0.000000000000000000e+00 5.000000000000000000e+00
2.600000000000000000e+01 1.445634266886326103e+01 8.333333333333332149e+00 0.000000000000000000e+00 3.000000000000000000e+00
2.700000000000000000e+01 1.416803953871499111e+01 1.111111111111111072e+01 0.000000000000000000e+00 4.000000000000000000e+00
2.800000000000000000e+01 1.453871499176276849e+01 1.111111111111111072e+01 0.000000000000000000e+00 4.000000000000000000e+00
2.900000000000000000e+01 1.474464579901153272e+01 1.388888888888888928e+01 2.777777777777777679e+00 5.000000000000000000e+00
3.000000000000000000e+01 1.416803953871499111e+01 1.944444444444444642e+01 2.777777777777777679e+00 7.000000000000000000e+00
3.100000000000000000e+01 1.317957166392092283e+01 1.944444444444444642e+01 0.000000000000000000e+00 7.000000000000000000e+00
3.200000000000000000e+01 1.359143327841845306e+01 2.222222222222222143e+01 0.000000000000000000e+00 8.000000000000000000e+00
3.300000000000000000e+01 1.289126853377265114e+01 2.500000000000000000e+01 0.000000000000000000e+00 9.000000000000000000e+00
3.400000000000000000e+01 1.355024711696869666e+01 1.666666666666666430e+01 0.000000000000000000e+00 6.000000000000000000e+00
3.500000000000000000e+01 1.330313014827018137e+01 1.666666666666666430e+01 0.000000000000000000e+00 6.000000000000000000e+00
3.600000000000000000e+01 1.375617792421746444e+01 1.388888888888888928e+01 0.000000000000000000e+00 5.000000000000000000e+00
3.700000000000000000e+01 1.297364085667215861e+01 1.111111111111111072e+01 0.000000000000000000e+00 4.000000000000000000e+00
3.800000000000000000e+01 1.313838550247116999e+01 2.222222222222222143e+01 0.000000000000000000e+00 8.000000000000000000e+00
3.900000000000000000e+01 1.264415156507413585e+01 1.944444444444444642e+01 0.000000000000000000e+00 7.000000000000000000e+00
4.000000000000000000e+01 1.223228995057660740e+01 3.055555555555555358e+01 0.000000000000000000e+00 1.100000000000000000e+01
4.100000000000000000e+01 1.330313014827018137e+01 1.666666666666666430e+01 0.000000000000000000e+00 6.000000000000000000e+00
4.200000000000000000e+01 1.206754530477759602e+01 2.500000000000000000e+01 0.000000000000000000e+00 9.000000000000000000e+00
4.300000000000000000e+01 1.182042833607907717e+01 2.777777777777777857e+01 0.000000000000000000e+00 1.000000000000000000e+01
4.400000000000000000e+01 1.214991762767710171e+01 3.333333333333332860e+01 0.000000000000000000e+00 1.200000000000000000e+01
4.500000000000000000e+01 1.140856672158154872e+01 1.944444444444444642e+01 0.000000000000000000e+00 7.000000000000000000e+00
4.600000000000000000e+01 1.107907742998352418e+01 1.666666666666666430e+01 0.000000000000000000e+00 6.000000000000000000e+00
4.700000000000000000e+01 1.116144975288303165e+01 1.666666666666666430e+01 0.000000000000000000e+00 6.000000000000000000e+00
4.800000000000000000e+01 1.169686985172981863e+01 1.944444444444444642e+01 0.000000000000000000e+00 7.000000000000000000e+00
4.900000000000000000e+01 1.103789126853377311e+01 1.666666666666666430e+01 0.000000000000000000e+00 6.000000000000000000e+00
5.000000000000000000e+01 1.062602965403624466e+01 2.500000000000000000e+01 0.000000000000000000e+00 9.000000000000000000e+00
5.100000000000000000e+01 1.099670510708401849e+01 2.500000000000000000e+01 0.000000000000000000e+00 9.000000000000000000e+00
5.200000000000000000e+01 1.066721581548599573e+01 2.222222222222222143e+01 0.000000000000000000e+00 8.000000000000000000e+00
5.300000000000000000e+01 9.843492586490938834e+00 2.222222222222222143e+01 0.000000000000000000e+00 8.000000000000000000e+00
5.400000000000000000e+01 1.009060955518945590e+01 2.222222222222222143e+01 0.000000000000000000e+00 8.000000000000000000e+00
5.500000000000000000e+01 1.017298187808896159e+01 8.333333333333332149e+00 0.000000000000000000e+00 3.000000000000000000e+00
5.600000000000000000e+01 1.103789126853377311e+01 5.555555555555555358e+00 0.000000000000000000e+00 2.000000000000000000e+00
5.700000000000000000e+01 1.062602965403624466e+01 0.000000000000000000e+00 0.000000000000000000e+00 -6.000000000000000000e+03
