# step, world, group,control
0.000000000000000000e+00 2.701812191103789118e+01 1.666666666666666430e+01 2.500000000000000000e+01 6.000000000000000000e+00
1.000000000000000000e+00 2.446457990115321479e+01 1.388888888888888928e+01 2.222222222222222143e+01 5.000000000000000000e+00
2.000000000000000000e+00 2.537067545304777383e+01 1.666666666666666430e+01 1.666666666666666430e+01 6.000000000000000000e+00
3.000000000000000000e+00 2.269357495881384068e+01 2.222222222222222143e+01 1.388888888888888928e+01 8.000000000000000000e+00
4.000000000000000000e+00 2.401153212520593172e+01 3.611111111111110716e+01 1.388888888888888928e+01 1.300000000000000000e+01
5.000000000000000000e+00 2.141680395387150071e+01 5.555555555555555713e+01 1.666666666666666430e+01 2.000000000000000000e+01
6.000000000000000000e+00 2.277594728171334282e+01 3.333333333333332860e+01 1.388888888888888928e+01 1.200000000000000000e+01
7.000000000000000000e+00 1.997528830313014936e+01 1.388888888888888928e+01 1.666666666666666430e+01 5.000000000000000000e+00
8.000000000000000000e+00 2.051070840197693457e+01 2.500000000000000000e+01 1.666666666666666430e+01 9.000000000000000000e+00
9.000000000000000000e+00 1.783360790774299787e+01 3.055555555555555358e+01 1.944444444444444642e+01 1.100000000000000000e+01
1.000000000000000000e+01 1.783360790774299787e+01 2.222222222222222143e+01 2.222222222222222143e+01 8.000000000000000000e+00
1.100000000000000000e+01 1.688632619439868066e+01 2.777777777777777857e+01 1.666666666666666430e+01 1.000000000000000000e+01
1.200000000000000000e+01 1.676276771004942390e+01 3.611111111111110716e+01 1.666666666666666430e+01 1.300000000000000000e+01
1.300000000000000000e+01 1.668039538714991821e+01 3.055555555555555358e+01 1.944444444444444642e+01 1.100000000000000000e+01
1.400000000000000000e+01 1.589785831960461238e+01 2.777777777777777857e+01 1.388888888888888928e+01 1.000000000000000000e+01
1.500000000000000000e+01 1.523887973640856686e+01 3.333333333333332860e+01 1.388888888888888928e+01 1.200000000000000000e+01
1.600000000000000000e+01 1.733937397034596373e+01 5.555555555555555358e+00 1.666666666666666430e+01 2.000000000000000000e+00
1.700000000000000000e+01 1.680395387149917852e+01 2.777777777777777679e+00 1.111111111111111072e+01 1.000000000000000000e+00
1.800000000000000000e+01 1.738056013179571480e+01 5.555555555555555358e+00 1.388888888888888928e+01 2.000000000000000000e+00
1.900000000000000000e+01 1.639209225700164652e+01 8.333333333333332149e+00 1.388888888888888928e+01 3.000000000000000000e+00
2.000000000000000000e+01 1.713344316309720128e+01 1.111111111111111072e+01 1.388888888888888928e+01 4.000000000000000000e+00
2.100000000000000000e+01 1.478583196046128556e+01 1.944444444444444642e+01 1.666666666666666430e+01 7.000000000000000000e+00
2.200000000000000000e+01 1.581548599670510669e+01 1.666666666666666430e+01 1.666666666666666430e+01 6.000000000000000000e+00
2.300000000000000000e+01 1.457990115321252134e+01 2.222222222222222143e+01 2.222222222222222143e+01 8.000000000000000000e+00
2.400000000000000000e+01 1.309719934102141714e+01 1.666666666666666430e+01 1.388888888888888928e+01 6.000000000000000000e+00
2.500000000000000000e+01 1.313838550247116999e+01 1.666666666666666430e+01 1.944444444444444642e+01 6.000000000000000000e+00
2.600000000000000000e+01 1.285008237232289829e+01 1.111111111111111072e+01 3.055555555555555358e+01 4.000000000000000000e+00
2.700000000000000000e+01 1.293245469522240576e+01 5.555555555555555358e+00 5.555555555555555358e+00 2.000000000000000000e+00
2.800000000000000000e+01 1.355024711696869666e+01 5.555555555555555358e+00 2.777777777777777679e+00 2.000000000000000000e+00
2.900000000000000000e+01 1.272652388797363976e+01 5.555555555555555358e+00 2.777777777777777679e+00 2.000000000000000000e+00
3.000000000000000000e+01 1.392092257001647582e+01 0.000000000000000000e+00 0.000000000000000000e+00 -6.000000000000000000e+03
