# step, world, group,control
0.000000000000000000e+00 2.602965403624381935e+01 3.055555555555555358e+01 1.388888888888888928e+01 1.100000000000000000e+01
1.000000000000000000e+00 2.619439868204283428e+01 3.055555555555555358e+01 1.388888888888888928e+01 1.100000000000000000e+01
2.000000000000000000e+00 2.450576606260296586e+01 2.500000000000000000e+01 1.666666666666666430e+01 9.000000000000000000e+00
3.000000000000000000e+00 2.252883031301482930e+01 3.888888888888889284e+01 1.666666666666666430e+01 1.400000000000000000e+01
4.000000000000000000e+00 2.252883031301482930e+01 2.500000000000000000e+01 1.944444444444444642e+01 9.000000000000000000e+00
5.000000000000000000e+00 2.071663920922570057e+01 1.111111111111111072e+01 2.500000000000000000e+01 4.000000000000000000e+00
6.000000000000000000e+00 1.997528830313014936e+01 2.777777777777777679e+00 1.666666666666666430e+01 1.000000000000000000e+00
7.000000000000000000e+00 1.898682042833607753e+01 2.777777777777777679e+00 2.222222222222222143e+01 1.000000000000000000e+00
8.000000000000000000e+00 1.960461285008237198e+01 5.555555555555555358e+00 1.388888888888888928e+01 2.000000000000000000e+00
9.000000000000000000e+00 1.836902800658978663e+01 8.333333333333332149e+00 1.944444444444444642e+01 3.000000000000000000e+00
1.000000000000000000e+01 1.766886326194398649e+01 1.111111111111111072e+01 1.666666666666666430e+01 4.000000000000000000e+00
1.100000000000000000e+01 1.762767710049423542e+01 8.333333333333332149e+00 2.222222222222222143e+01 3.000000000000000000e+00
1.200000000000000000e+01 1.688632619439868066e+01 1.388888888888888928e+01 2.777777777777777857e+01 5.000000000000000000e+00
1.300000000000000000e+01 1.647446457990115221e+01 1.388888888888888928e+01 3.333333333333332860e+01 5.000000000000000000e+00
1.400000000000000000e+01 1.742174629324546942e+01 2.222222222222222143e+01 3.888888888888889284e+01 8.000000000000000000e+00
1.500000000000000000e+01 1.733937397034596373e+01 1.666666666666666430e+01 1.666666666666666430e+01 6.000000000000000000e+00
1.600000000000000000e+01 1.688632619439868066e+01 2.500000000000000000e+01 2.777777777777777857e+01 9.000000000000000000e+00
1.700000000000000000e+01 1.536243822075782717e+01 2.222222222222222143e+01 2.222222222222222143e+01 8.000000000000000000e+00
1.800000000000000000e+01 1.709225700164744666e+01 2.777777777777777857e+01 3.055555555555555358e+01 1.000000000000000000e+01
1.900000000000000000e+01 1.560955518945634246e+01 2.500000000000000000e+01 2.777777777777777857e+01 9.000000000000000000e+00
2.000000000000000000e+01 1.647446457990115221e+01 3.611111111111110716e+01 5.000000000000000000e+01 1.300000000000000000e+01
2.100000000000000000e+01 1.556836902800658962e+01 3.333333333333332860e+01 5.555555555555555358e+00 1.200000000000000000e+01
2.200000000000000000e+01 1.548599670510708215e+01 3.333333333333332860e+01 5.555555555555555358e+00 1.200000000000000000e+01
2.300000000000000000e+01 1.495057660626029694e+01 4.722222222222222854e+01 2.777777777777777679e+00 1.700000000000000000e+01
2.400000000000000000e+01 1.486820428336079125e+01 2.500000000000000000e+01 0.000000000000000000e+00 9.000000000000000000e+00
2.500000000000000000e+01 1.457990115321252134e+01 2.222222222222222143e+01 2.777777777777777679e+00 8.000000000000000000e+00
2.600000000000000000e+01 1.441515650741350996e+01 1.666666666666666430e+01 0.000000000000000000e+00 6.000000000000000000e+00
2.700000000000000000e+01 1.478583196046128556e+01 1.666666666666666430e+01 0.000000000000000000e+00 6.000000000000000000e+00
2.800000000000000000e+01 1.573311367380560100e+01 1.944444444444444642e+01 0.000000000000000000e+00 7.000000000000000000e+00
2.900000000000000000e+01 1.470345963756177987e+01 1.944444444444444642e+01 0.000000000000000000e+00 7.000000000000000000e+00
3.000000000000000000e+01 1.416803953871499111e+01 2.777777777777777857e+01 0.000000000000000000e+00 1.000000000000000000e+01
3.100000000000000000e+01 1.334431630971993421e+01 2.500000000000000000e+01 0.000000000000000000e+00 9.000000000000000000e+00
3.200000000000000000e+01 1.330313014827018137e+01 3.333333333333332860e+01 0.000000000000000000e+00 1.200000000000000000e+01
3.300000000000000000e+01 1.260296540362438300e+01 3.333333333333332860e+01 0.000000000000000000e+00 1.200000000000000000e+01
3.400000000000000000e+01 1.198517298187809033e+01 1.388888888888888928e+01 0.000000000000000000e+00 5.000000000000000000e+00
3.500000000000000000e+01 1.256177924217462838e+01 8.333333333333332149e+00 0.000000000000000000e+00 3.000000000000000000e+00
3.600000000000000000e+01 1.219110378912685277e+01 1.666666666666666430e+01 0.000000000000000000e+00 6.000000000000000000e+00
3.700000000000000000e+01 1.235584843492586415e+01 1.666666666666666430e+01 0.000000000000000000e+00 6.000000000000000000e+00
3.800000000000000000e+01 1.223228995057660740e+01 2.222222222222222143e+01 0.000000000000000000e+00 8.000000000000000000e+00
3.900000000000000000e+01 1.227347611202635846e+01 1.666666666666666430e+01 0.000000000000000000e+00 6.000000000000000000e+00
4.000000000000000000e+01 1.198517298187809033e+01 3.611111111111110716e+01 0.000000000000000000e+00 1.300000000000000000e+01
4.100000000000000000e+01 1.264415156507413585e+01 1.388888888888888928e+01 0.000000000000000000e+00 5.000000000000000000e+00
4.200000000000000000e+01 1.210873146622734708e+01 1.388888888888888928e+01 0.000000000000000000e+00 5.000000000000000000e+00
4.300000000000000000e+01 1.285008237232289829e+01 8.333333333333332149e+00 0.000000000000000000e+00 3.000000000000000000e+00
4.400000000000000000e+01 1.297364085667215861e+01 1.388888888888888928e+01 0.000000000000000000e+00 5.000000000000000000e+00
4.500000000000000000e+01 1.301482701812190967e+01 0.000000000000000000e+00 0.000000000000000000e+00 -6.000000000000000000e+03
