# step, world, group,control
0.000000000000000000e+00 2.619439868204283428e+01 3.333333333333332860e+01 2.222222222222222143e+01 1.200000000000000000e+01
1.000000000000000000e+00 2.504118616144975107e+01 5.000000000000000000e+01 1.666666666666666430e+01 1.800000000000000000e+01
2.000000000000000000e+00 2.553542009884678876e+01 3.333333333333332860e+01 1.666666666666666430e+01 1.200000000000000000e+01
3.000000000000000000e+00 2.244645799011532006e+01 2.222222222222222143e+01 1.666666666666666430e+01 8.000000000000000000e+00
4.000000000000000000e+00 2.302306425041186344e+01 2.222222222222222143e+01 1.944444444444444642e+01 8.000000000000000000e+00
5.000000000000000000e+00 2.166392092257001423e+01 1.666666666666666430e+01 2.222222222222222143e+01 6.000000000000000000e+00
6.000000000000000000e+00 2.174629324546952347e+01 2.500000000000000000e+01 2.500000000000000000e+01 9.000000000000000000e+00
7.000000000000000000e+00 2.084019769357495733e+01 2.777777777777777857e+01 3.055555555555555358e+01 1.000000000000000000e+01
8.000000000000000000e+00 2.046952224052718350e+01 1.666666666666666430e+01 3.888888888888889284e+01 6.000000000000000000e+00
9.000000000000000000e+00 2.203459637561779161e+01 3.055555555555555358e+01 3.055555555555555358e+01 1.100000000000000000e+01
1.000000000000000000e+01 2.055189456342668919e+01 2.777777777777777857e+01 2.777777777777777857e+01 1.000000000000000000e+01
1.100000000000000000e+01 2.211696869851729730e+01 3.611111111111110716e+01 3.888888888888889284e+01 1.300000000000000000e+01
1.200000000000000000e+01 1.972817133443163229e+01 3.333333333333332860e+01 1.666666666666666430e+01 1.200000000000000000e+01
1.300000000000000000e+01 1.997528830313014936e+01 4.444444444444444287e+01 2.222222222222222143e+01 1.600000000000000000e+01
1.400000000000000000e+01 2.018121911037891181e+01 3.333333333333332860e+01 2.222222222222222143e+01 1.200000000000000000e+01
1.500000000000000000e+01 1.981054365733113798e+01 3.611111111111110716e+01 2.222222222222222143e+01 1.300000000000000000e+01
1.600000000000000000e+01 1.865733113673805477e+01 4.166666666666667140e+01 1.666666666666666430e+01 1.500000000000000000e+01
1.700000000000000000e+01 1.659802306425041252e+01 3.888888888888889284e+01 5.555555555555555358e+00 1.400000000000000000e+01
1.800000000000000000e+01 1.775123558484349218e+01 3.055555555555555358e+01 0.000000000000000000e+00 1.100000000000000000e+01
1.900000000000000000e+01 1.511532125205930832e+01 3.611111111111110716e+01 2.777777777777777679e+00 1.300000000000000000e+01
2.000000000000000000e+01 1.552718286655683855e+01 3.333333333333332860e+01 2.777777777777777679e+00 1.200000000000000000e+01
2.100000000000000000e+01 1.449752883031301387e+01 3.611111111111110716e+01 5.555555555555555358e+00 1.300000000000000000e+01
2.200000000000000000e+01 1.425041186161449858e+01 6.111111111111110716e+01 1.388888888888888928e+01 2.200000000000000000e+01
2.300000000000000000e+01 1.429159802306424965e+01 2.222222222222222143e+01 1.666666666666666430e+01 8.000000000000000000e+00
2.400000000000000000e+01 1.412685337726523827e+01 3.055555555555555358e+01 1.944444444444444642e+01 1.100000000000000000e+01
2.500000000000000000e+01 1.252059308072487553e+01 3.611111111111110716e+01 1.944444444444444642e+01 1.300000000000000000e+01
2.600000000000000000e+01 1.280889621087314723e+01 2.222222222222222143e+01 2.222222222222222143e+01 8.000000000000000000e+00
2.700000000000000000e+01 1.190280065897858286e+01 2.777777777777777857e+01 2.500000000000000000e+01 1.000000000000000000e+01
2.800000000000000000e+01 1.272652388797363976e+01 1.388888888888888928e+01 3.055555555555555358e+01 5.000000000000000000e+00
2.900000000000000000e+01 1.165568369028006579e+01 2.500000000000000000e+01 4.722222222222222854e+01 9.000000000000000000e+00
3.000000000000000000e+01 1.285008237232289829e+01 1.388888888888888928e+01 1.666666666666666430e+01 5.000000000000000000e+00
3.100000000000000000e+01 1.149093904448105441e+01 8.333333333333332149e+00 2.777777777777777857e+01 3.000000000000000000e+00
3.200000000000000000e+01 1.149093904448105441e+01 8.333333333333332149e+00 1.666666666666666430e+01 3.000000000000000000e+00
3.300000000000000000e+01 1.128500823723229018e+01 8.333333333333332149e+00 1.666666666666666430e+01 3.000000000000000000e+00
3.400000000000000000e+01 1.169686985172981863e+01 5.555555555555555358e+00 8.333333333333332149e+00 2.000000000000000000e+00
3.500000000000000000e+01 1.095551894563426742e+01 2.777777777777777679e+00 1.944444444444444642e+01 1.000000000000000000e+00
3.600000000000000000e+01 1.173805601317957148e+01 5.555555555555555358e+00 8.333333333333332149e+00 2.000000000000000000e+00
3.700000000000000000e+01 1.235584843492586415e+01 8.333333333333332149e+00 5.555555555555555358e+00 3.000000000000000000e+00
3.800000000000000000e+01 1.091433278418451280e+01 8.333333333333332149e+00 8.333333333333332149e+00 3.000000000000000000e+00
3.900000000000000000e+01 1.083196046128500711e+01 1.388888888888888928e+01 1.388888888888888928e+01 5.000000000000000000e+00
4.000000000000000000e+01 1.149093904448105441e+01 1.111111111111111072e+01 1.388888888888888928e+01 4.000000000000000000e+00
4.100000000000000000e+01 1.074958813838550142e+01 1.111111111111111072e+01 1.944444444444444642e+01 4.000000000000000000e+00
4.200000000000000000e+01 1.029654036243822013e+01 5.555555555555555358e+00 2.500000000000000000e+01 2.000000000000000000e+00
4.300000000000000000e+01 9.843492586490938834e+00 0.000000000000000000e+00 2.222222222222222143e+01 -6.000000000000000000e+03
