# step, world, group,control
0.000000000000000000e+00 2.611202635914332504e+01 3.055555555555555358e+01 2.222222222222222143e+01 1.100000000000000000e+01
1.000000000000000000e+00 2.471169686985172831e+01 3.055555555555555358e+01 3.055555555555555358e+01 1.100000000000000000e+01
2.000000000000000000e+00 2.425864909390444524e+01 3.611111111111110716e+01 3.055555555555555358e+01 1.300000000000000000e+01
3.000000000000000000e+00 2.355848434925864865e+01 3.888888888888889284e+01 4.444444444444444287e+01 1.400000000000000000e+01
4.000000000000000000e+00 2.384678747940692034e+01 2.222222222222222143e+01 2.222222222222222143e+01 8.000000000000000000e+00
5.000000000000000000e+00 2.322899505766062589e+01 2.500000000000000000e+01 3.888888888888889284e+01 9.000000000000000000e+00
6.000000000000000000e+00 2.372322899505766003e+01 1.388888888888888928e+01 3.333333333333332860e+01 5.000000000000000000e+00
7.000000000000000000e+00 2.178747940691927454e+01 2.500000000000000000e+01 2.222222222222222143e+01 9.000000000000000000e+00
8.000000000000000000e+00 2.009884678747940612e+01 2.777777777777777857e+01 3.055555555555555358e+01 1.000000000000000000e+01
9.000000000000000000e+00 1.968698517298187767e+01 2.777777777777777857e+01 3.055555555555555358e+01 1.000000000000000000e+01
1.000000000000000000e+01 1.997528830313014936e+01 3.333333333333332860e+01 2.222222222222222143e+01 1.200000000000000000e+01
1.100000000000000000e+01 1.865733113673805477e+01 3.333333333333332860e+01 1.944444444444444642e+01 1.200000000000000000e+01
1.200000000000000000e+01 1.754530477759472973e+01 1.666666666666666430e+01 2.777777777777777857e+01 6.000000000000000000e+00
1.300000000000000000e+01 1.775123558484349218e+01 2.222222222222222143e+01 3.055555555555555358e+01 8.000000000000000000e+00
1.400000000000000000e+01 1.676276771004942390e+01 1.388888888888888928e+01 4.166666666666667140e+01 5.000000000000000000e+00
1.500000000000000000e+01 1.610378912685337838e+01 1.944444444444444642e+01 3.055555555555555358e+01 7.000000000000000000e+00
1.600000000000000000e+01 1.659802306425041252e+01 2.222222222222222143e+01 4.444444444444444287e+01 8.000000000000000000e+00
1.700000000000000000e+01 1.622734761120263514e+01 2.222222222222222143e+01 3.333333333333332860e+01 8.000000000000000000e+00
1.800000000000000000e+01 1.692751235584843528e+01 2.500000000000000000e+01 3.333333333333332860e+01 9.000000000000000000e+00
1.900000000000000000e+01 1.457990115321252134e+01 2.500000000000000000e+01 3.611111111111110716e+01 9.000000000000000000e+00
2.000000000000000000e+01 1.560955518945634246e+01 2.777777777777777857e+01 3.055555555555555358e+01 1.000000000000000000e+01
2.100000000000000000e+01 1.536243822075782717e+01 4.722222222222222854e+01 2.500000000000000000e+01 1.700000000000000000e+01
2.200000000000000000e+01 1.474464579901153272e+01 1.388888888888888928e+01 3.611111111111110716e+01 5.000000000000000000e+00
2.300000000000000000e+01 1.490939044481054410e+01 2.777777777777777679e+00 1.944444444444444642e+01 1.000000000000000000e+00
2.400000000000000000e+01 1.532125205930807077e+01 0.000000000000000000e+00 1.944444444444444642e+01 -6.000000000000000000e+03
