# step, world, group,control
0.000000000000000000e+00 2.425864909390444524e+01 3.888888888888889284e+01 2.222222222222222143e+01 1.400000000000000000e+01
1.000000000000000000e+00 2.257001647446458037e+01 4.166666666666667140e+01 1.944444444444444642e+01 1.500000000000000000e+01
2.000000000000000000e+00 2.051070840197693457e+01 5.000000000000000000e+01 2.222222222222222143e+01 1.800000000000000000e+01
3.000000000000000000e+00 1.898682042833607753e+01 5.277777777777777857e+01 2.777777777777777857e+01 1.900000000000000000e+01
4.000000000000000000e+00 1.898682042833607753e+01 2.777777777777777857e+01 2.222222222222222143e+01 1.000000000000000000e+01
5.000000000000000000e+00 1.832784184514003201e+01 3.611111111111110716e+01 3.055555555555555358e+01 1.300000000000000000e+01
6.000000000000000000e+00 1.700988467874794097e+01 1.388888888888888928e+01 1.388888888888888928e+01 5.000000000000000000e+00
7.000000000000000000e+00 1.688632619439868066e+01 1.944444444444444642e+01 3.055555555555555358e+01 7.000000000000000000e+00
8.000000000000000000e+00 1.688632619439868066e+01 2.222222222222222143e+01 1.666666666666666430e+01 8.000000000000000000e+00
9.000000000000000000e+00 1.758649093904448080e+01 1.111111111111111072e+01 2.777777777777777857e+01 4.000000000000000000e+00
1.000000000000000000e+01 1.717462932454695235e+01 8.333333333333332149e+00 4.166666666666667140e+01 3.000000000000000000e+00
1.100000000000000000e+01 1.791598023064250356e+01 8.333333333333332149e+00 2.500000000000000000e+01 3.000000000000000000e+00
1.200000000000000000e+01 1.853377265238879801e+01 1.111111111111111072e+01 3.333333333333332860e+01 4.000000000000000000e+00
1.300000000000000000e+01 1.853377265238879801e+01 1.111111111111111072e+01 3.611111111111110716e+01 4.000000000000000000e+00
1.400000000000000000e+01 1.799835255354200925e+01 5.555555555555555358e+00 2.500000000000000000e+01 2.000000000000000000e+00
1.500000000000000000e+01 1.787479406919275249e+01 1.111111111111111072e+01 3.055555555555555358e+01 4.000000000000000000e+00
1.600000000000000000e+01 1.672158154859966928e+01 5.555555555555555358e+00 3.888888888888889284e+01 2.000000000000000000e+00
1.700000000000000000e+01 1.573311367380560100e+01 5.555555555555555358e+00 3.055555555555555358e+01 2.000000000000000000e+00
1.800000000000000000e+01 1.503294892915980263e+01 1.388888888888888928e+01 3.888888888888889284e+01 5.000000000000000000e+00
1.900000000000000000e+01 1.721581548599670342e+01 1.666666666666666430e+01 1.944444444444444642e+01 6.000000000000000000e+00
2.000000000000000000e+01 1.548599670510708215e+01 1.944444444444444642e+01 2.500000000000000000e+01 7.000000000000000000e+00
2.100000000000000000e+01 1.635090609555189545e+01 1.111111111111111072e+01 3.055555555555555358e+01 4.000000000000000000e+00
2.200000000000000000e+01 1.663920922570016359e+01 5.555555555555555358e+00 3.611111111111110716e+01 2.000000000000000000e+00
2.300000000000000000e+01 1.618616144975288407e+01 0.000000000000000000e+00 3.611111111111110716e+01 -6.000000000000000000e+03
