# step, world, group,control
0.000000000000000000e+00 2.738879736408566501e+01 3.888888888888889284e+01 2.222222222222222143e+01 1.400000000000000000e+01
1.000000000000000000e+00 2.545304777594727952e+01 4.166666666666667140e+01 2.777777777777777857e+01 1.500000000000000000e+01
2.000000000000000000e+00 2.487644151565073969e+01 3.888888888888889284e+01 3.611111111111110716e+01 1.400000000000000000e+01
3.000000000000000000e+00 2.376441515650741110e+01 3.888888888888889284e+01 4.166666666666667140e+01 1.400000000000000000e+01
4.000000000000000000e+00 2.351729818780889758e+01 3.055555555555555358e+01 3.888888888888889284e+01 1.100000000000000000e+01
5.000000000000000000e+00 2.298187808896210882e+01 4.444444444444444287e+01 5.000000000000000000e+01 1.600000000000000000e+01
6.000000000000000000e+00 2.355848434925864865e+01 3.055555555555555358e+01 2.500000000000000000e+01 1.100000000000000000e+01
7.000000000000000000e+00 2.211696869851729730e+01 3.333333333333332860e+01 2.500000000000000000e+01 1.200000000000000000e+01
8.000000000000000000e+00 2.096375617792421764e+01 4.444444444444444287e+01 3.055555555555555358e+01 1.600000000000000000e+01
9.000000000000000000e+00 1.993410214168039474e+01 3.611111111111110716e+01 2.500000000000000000e+01 1.300000000000000000e+01
1.000000000000000000e+01 2.001647446457990043e+01 4.166666666666667140e+01 3.055555555555555358e+01 1.500000000000000000e+01
1.100000000000000000e+01 2.030477759472817212e+01 4.444444444444444287e+01 3.611111111111110716e+01 1.600000000000000000e+01
1.200000000000000000e+01 1.968698517298187767e+01 3.888888888888889284e+01 4.166666666666667140e+01 1.400000000000000000e+01
1.300000000000000000e+01 2.018121911037891181e+01 2.500000000000000000e+01 2.222222222222222143e+01 9.000000000000000000e+00
1.400000000000000000e+01 1.775123558484349218e+01 2.500000000000000000e+01 1.666666666666666430e+01 9.000000000000000000e+00
1.500000000000000000e+01 1.700988467874794097e+01 3.611111111111110716e+01 8.333333333333332149e+00 1.300000000000000000e+01
1.600000000000000000e+01 1.791598023064250356e+01 3.055555555555555358e+01 8.333333333333332149e+00 1.100000000000000000e+01
1.700000000000000000e+01 1.775123558484349218e+01 3.055555555555555358e+01 8.333333333333332149e+00 1.100000000000000000e+01
1.800000000000000000e+01 1.742174629324546942e+01 3.611111111111110716e+01 5.555555555555555358e+00 1.300000000000000000e+01
1.900000000000000000e+01 1.618616144975288407e+01 4.444444444444444287e+01 2.777777777777777679e+00 1.600000000000000000e+01
2.000000000000000000e+01 1.738056013179571480e+01 1.944444444444444642e+01 0.000000000000000000e+00 7.000000000000000000e+00
2.100000000000000000e+01 1.630971993410214083e+01 2.500000000000000000e+01 0.000000000000000000e+00 9.000000000000000000e+00
2.200000000000000000e+01 1.478583196046128556e+01 2.222222222222222143e+01 0.000000000000000000e+00 8.000000000000000000e+00
2.300000000000000000e+01 1.441515650741350996e+01 2.222222222222222143e+01 0.000000000000000000e+00 8.000000000000000000e+00
2.400000000000000000e+01 1.408566721581548720e+01 3.611111111111110716e+01 0.000000000000000000e+00 1.300000000000000000e+01
2.500000000000000000e+01 1.301482701812190967e+01 1.944444444444444642e+01 0.000000000000000000e+00 7.000000000000000000e+00
2.600000000000000000e+01 1.260296540362438300e+01 3.611111111111110716e+01 0.000000000000000000e+00 1.300000000000000000e+01
2.700000000000000000e+01 1.132619439868204303e+01 2.500000000000000000e+01 0.000000000000000000e+00 9.000000000000000000e+00
2.800000000000000000e+01 1.132619439868204303e+01 3.333333333333332860e+01 0.000000000000000000e+00 1.200000000000000000e+01
2.900000000000000000e+01 1.079077429983525604e+01 2.777777777777777857e+01 0.000000000000000000e+00 1.000000000000000000e+01
3.000000000000000000e+01 1.157331136738056010e+01 2.500000000000000000e+01 0.000000000000000000e+00 9.000000000000000000e+00
3.100000000000000000e+01 1.161449752883031294e+01 3.333333333333332860e+01 0.000000000000000000e+00 1.200000000000000000e+01
3.200000000000000000e+01 1.243822075782536984e+01 2.777777777777777857e+01 0.000000000000000000e+00 1.000000000000000000e+01
3.300000000000000000e+01 1.252059308072487553e+01 3.055555555555555358e+01 0.000000000000000000e+00 1.100000000000000000e+01
3.400000000000000000e+01 1.235584843492586415e+01 1.944444444444444642e+01 0.000000000000000000e+00 7.000000000000000000e+00
3.500000000000000000e+01 1.256177924217462838e+01 2.222222222222222143e+01 0.000000000000000000e+00 8.000000000000000000e+00
3.600000000000000000e+01 1.161449752883031294e+01 2.777777777777777857e+01 0.000000000000000000e+00 1.000000000000000000e+01
3.700000000000000000e+01 1.276771004942339438e+01 3.888888888888889284e+01 0.000000000000000000e+00 1.400000000000000000e+01
3.800000000000000000e+01 1.268533772652388691e+01 2.777777777777777857e+01 0.000000000000000000e+00 1.000000000000000000e+01
3.900000000000000000e+01 1.227347611202635846e+01 3.611111111111110716e+01 0.000000000000000000e+00 1.300000000000000000e+01
4.000000000000000000e+01 1.223228995057660740e+01 4.166666666666667140e+01 2.777777777777777679e+00 1.500000000000000000e+01
4.100000000000000000e+01 1.260296540362438300e+01 2.777777777777777857e+01 2.777777777777777679e+00 1.000000000000000000e+01
4.200000000000000000e+01 1.280889621087314723e+01 1.944444444444444642e+01 2.777777777777777679e+00 7.000000000000000000e+00
4.300000000000000000e+01 1.165568369028006579e+01 2.500000000000000000e+01 2.777777777777777679e+00 9.000000000000000000e+00
4.400000000000000000e+01 1.099670510708401849e+01 3.333333333333332860e+01 2.777777777777777679e+00 1.200000000000000000e+01
4.500000000000000000e+01 1.107907742998352418e+01 4.166666666666667140e+01 5.555555555555555358e+00 1.500000000000000000e+01
4.600000000000000000e+01 1.103789126853377311e+01 2.222222222222222143e+01 5.555555555555555358e+00 8.000000000000000000e+00
4.700000000000000000e+01 1.132619439868204303e+01 4.166666666666667140e+01 5.555555555555555358e+00 1.500000000000000000e+01
4.800000000000000000e+01 1.140856672158154872e+01 2.500000000000000000e+01 5.555555555555555358e+00 9.000000000000000000e+00
4.900000000000000000e+01 1.157331136738056010e+01 2.222222222222222143e+01 5.555555555555555358e+00 8.000000000000000000e+00
5.000000000000000000e+01 1.120263591433278449e+01 2.500000000000000000e+01 5.555555555555555358e+00 9.000000000000000000e+00
5.100000000000000000e+01 1.235584843492586415e+01 2.500000000000000000e+01 5.555555555555555358e+00 9.000000000000000000e+00
5.200000000000000000e+01 1.186161449752883001e+01 2.777777777777777857e+01 2.777777777777777679e+00 1.000000000000000000e+01
5.300000000000000000e+01 1.260296540362438300e+01 2.777777777777777857e+01 2.777777777777777679e+00 1.000000000000000000e+01
5.400000000000000000e+01 1.103789126853377311e+01 3.888888888888889284e+01 2.777777777777777679e+00 1.400000000000000000e+01
5.500000000000000000e+01 1.107907742998352418e+01 5.277777777777777857e+01 0.000000000000000000e+00 1.900000000000000000e+01
5.600000000000000000e+01 1.177924217462932432e+01 5.277777777777777857e+01 0.000000000000000000e+00 1.900000000000000000e+01
5.700000000000000000e+01 1.070840197693575035e+01 3.333333333333332860e+01 2.777777777777777679e+00 1.200000000000000000e+01
5.800000000000000000e+01 1.037891268533772759e+01 4.722222222222222854e+01 2.777777777777777679e+00 1.700000000000000000e+01
5.900000000000000000e+01 1.058484349258649004e+01 3.888888888888889284e+01 0.000000000000000000e+00 1.400000000000000000e+01
6.000000000000000000e+01 1.062602965403624466e+01 4.722222222222222854e+01 0.000000000000000000e+00 1.700000000000000000e+01
6.100000000000000000e+01 1.000823723228995021e+01 2.500000000000000000e+01 0.000000000000000000e+00 9.000000000000000000e+00
6.200000000000000000e+01 1.074958813838550142e+01 4.444444444444444287e+01 0.000000000000000000e+00 1.600000000000000000e+01
6.300000000000000000e+01 9.472817133443163229e+00 2.500000000000000000e+01 0.000000000000000000e+00 9.000000000000000000e+00
6.400000000000000000e+01 1.033772652388797297e+01 2.777777777777777857e+01 0.000000000000000000e+00 1.000000000000000000e+01
6.500000000000000000e+01 1.029654036243822013e+01 2.777777777777777857e+01 0.000000000000000000e+00 1.000000000000000000e+01
6.600000000000000000e+01 1.087314662273476173e+01 3.888888888888889284e+01 0.000000000000000000e+00 1.400000000000000000e+01
6.700000000000000000e+01 1.033772652388797297e+01 2.777777777777777857e+01 0.000000000000000000e+00 1.000000000000000000e+01
6.800000000000000000e+01 1.009060955518945590e+01 3.611111111111110716e+01 0.000000000000000000e+00 1.300000000000000000e+01
6.900000000000000000e+01 9.472817133443163229e+00 5.000000000000000000e+01 0.000000000000000000e+00 1.800000000000000000e+01
7.000000000000000000e+01 1.013179571663920875e+01 3.333333333333332860e+01 0.000000000000000000e+00 1.200000000000000000e+01
7.100000000000000000e+01 9.761120263591433144e+00 3.333333333333332860e+01 0.000000000000000000e+00 1.200000000000000000e+01
7.200000000000000000e+01 1.004942339373970306e+01 3.055555555555555358e+01 0.000000000000000000e+00 1.100000000000000000e+01
7.300000000000000000e+01 1.004942339373970306e+01 3.055555555555555358e+01 0.000000000000000000e+00 1.100000000000000000e+01
7.400000000000000000e+01 1.029654036243822013e+01 2.222222222222222143e+01 0.000000000000000000e+00 8.000000000000000000e+00
7.500000000000000000e+01 1.004942339373970306e+01 2.777777777777777857e+01 0.000000000000000000e+00 1.000000000000000000e+01
7.600000000000000000e+01 9.514003294892916074e+00 3.055555555555555358e+01 0.000000000000000000e+00 1.100000000000000000e+01
7.700000000000000000e+01 1.013179571663920875e+01 3.888888888888889284e+01 0.000000000000000000e+00 1.400000000000000000e+01
7.800000000000000000e+01 1.025535420098846728e+01 3.333333333333332860e+01 0.000000000000000000e+00 1.200000000000000000e+01
7.900000000000000000e+01 1.037891268533772759e+01 3.611111111111110716e+01 0.000000000000000000e+00 1.300000000000000000e+01
8.000000000000000000e+01 1.017298187808896159e+01 2.777777777777777857e+01 0.000000000000000000e+00 1.000000000000000000e+01
8.100000000000000000e+01 9.472817133443163229e+00 2.777777777777777857e+01 0.000000000000000000e+00 1.000000000000000000e+01
8.200000000000000000e+01 8.690280065897857398e+00 4.166666666666667140e+01 0.000000000000000000e+00 1.500000000000000000e+01
8.300000000000000000e+01 9.184514003294893314e+00 3.055555555555555358e+01 0.000000000000000000e+00 1.100000000000000000e+01
8.400000000000000000e+01 8.813838550247117709e+00 5.000000000000000000e+01 0.000000000000000000e+00 1.800000000000000000e+01
8.500000000000000000e+01 9.102141680395387624e+00 1.666666666666666430e+01 0.000000000000000000e+00 6.000000000000000000e+00
8.600000000000000000e+01 9.802306425041185989e+00 1.666666666666666430e+01 0.000000000000000000e+00 6.000000000000000000e+00
8.700000000000000000e+01 9.102141680395387624e+00 8.333333333333332149e+00 0.000000000000000000e+00 3.000000000000000000e+00
8.800000000000000000e+01 8.690280065897857398e+00 2.777777777777777679e+00 0.000000000000000000e+00 1.000000000000000000e+00
8.900000000000000000e+01 8.855024711696870554e+00 0.000000000000000000e+00 0.000000000000000000e+00 -6.000000000000000000e+03
