# step, world, group,control
0.000000000000000000e+00 2.553542009884678876e+01 2.500000000000000000e+01 3.055555555555555358e+01 9.000000000000000000e+00
1.000000000000000000e+00 2.182866556836902561e+01 3.055555555555555358e+01 4.722222222222222854e+01 1.100000000000000000e+01
2.000000000000000000e+00 2.380560131795716572e+01 3.055555555555555358e+01 1.944444444444444642e+01 1.100000000000000000e+01
3.000000000000000000e+00 2.137561779242174609e+01 3.333333333333332860e+01 2.500000000000000000e+01 1.200000000000000000e+01
4.000000000000000000e+00 2.116968698517298009e+01 4.722222222222222854e+01 1.111111111111111072e+01 1.700000000000000000e+01
5.000000000000000000e+00 2.207578253706754623e+01 3.611111111111110716e+01 1.111111111111111072e+01 1.300000000000000000e+01
6.000000000000000000e+00 2.207578253706754623e+01 3.611111111111110716e+01 1.388888888888888928e+01 1.300000000000000000e+01
7.000000000000000000e+00 2.108731466227347795e+01 2.222222222222222143e+01 8.333333333333332149e+00 8.000000000000000000e+00
8.000000000000000000e+00 2.063426688632619488e+01 3.055555555555555358e+01 1.388888888888888928e+01 1.100000000000000000e+01
9.000000000000000000e+00 2.108731466227347795e+01 3.333333333333332860e+01 1.111111111111111072e+01 1.200000000000000000e+01
1.000000000000000000e+01 2.067545304777594595e+01 3.055555555555555358e+01 1.666666666666666430e+01 1.100000000000000000e+01
1.100000000000000000e+01 2.141680395387150071e+01 3.333333333333332860e+01 1.388888888888888928e+01 1.200000000000000000e+01
1.200000000000000000e+01 2.001647446457990043e+01 4.444444444444444287e+01 1.944444444444444642e+01 1.600000000000000000e+01
1.300000000000000000e+01 1.997528830313014936e+01 3.888888888888889284e+01 1.388888888888888928e+01 1.400000000000000000e+01
1.400000000000000000e+01 2.014003294892916074e+01 4.166666666666667140e+01 1.944444444444444642e+01 1.500000000000000000e+01
1.500000000000000000e+01 1.972817133443163229e+01 4.166666666666667140e+01 1.388888888888888928e+01 1.500000000000000000e+01
1.600000000000000000e+01 2.005766062602965505e+01 2.500000000000000000e+01 2.222222222222222143e+01 9.000000000000000000e+00
1.700000000000000000e+01 1.976935749588138336e+01 2.500000000000000000e+01 1.944444444444444642e+01 9.000000000000000000e+00
1.800000000000000000e+01 1.997528830313014936e+01 2.222222222222222143e+01 1.944444444444444642e+01 8.000000000000000000e+00
1.900000000000000000e+01 1.738056013179571480e+01 3.055555555555555358e+01 1.944444444444444642e+01 1.100000000000000000e+01
2.000000000000000000e+01 1.713344316309720128e+01 2.777777777777777857e+01 2.222222222222222143e+01 1.000000000000000000e+01
2.100000000000000000e+01 1.602141680395387269e+01 3.888888888888889284e+01 2.777777777777777857e+01 1.400000000000000000e+01
2.200000000000000000e+01 1.371499176276770804e+01 3.333333333333332860e+01 2.777777777777777857e+01 1.200000000000000000e+01
2.300000000000000000e+01 1.486820428336079125e+01 2.222222222222222143e+01 1.944444444444444642e+01 8.000000000000000000e+00
2.400000000000000000e+01 1.449752883031301387e+01 3.333333333333332860e+01 2.777777777777777857e+01 1.200000000000000000e+01
2.500000000000000000e+01 1.392092257001647582e+01 3.333333333333332860e+01 1.944444444444444642e+01 1.200000000000000000e+01
2.600000000000000000e+01 1.462108731466227241e+01 2.777777777777777857e+01 2.222222222222222143e+01 1.000000000000000000e+01
2.700000000000000000e+01 1.338550247116968528e+01 3.055555555555555358e+01 1.944444444444444642e+01 1.100000000000000000e+01
2.800000000000000000e+01 1.276771004942339438e+01 3.333333333333332860e+01 2.222222222222222143e+01 1.200000000000000000e+01
2.900000000000000000e+01 1.317957166392092283e+01 3.888888888888889284e+01 2.222222222222222143e+01 1.400000000000000000e+01
3.000000000000000000e+01 1.243822075782536984e+01 3.055555555555555358e+01 2.222222222222222143e+01 1.100000000000000000e+01
3.100000000000000000e+01 1.227347611202635846e+01 2.777777777777777857e+01 1.944444444444444642e+01 1.000000000000000000e+01
3.200000000000000000e+01 1.182042833607907717e+01 2.777777777777777857e+01 2.500000000000000000e+01 1.000000000000000000e+01
3.300000000000000000e+01 1.252059308072487553e+01 1.944444444444444642e+01 2.222222222222222143e+01 7.000000000000000000e+00
3.400000000000000000e+01 1.198517298187809033e+01 2.500000000000000000e+01 3.888888888888889284e+01 9.000000000000000000e+00
3.500000000000000000e+01 1.144975288303130156e+01 2.777777777777777857e+01 3.055555555555555358e+01 1.000000000000000000e+01
3.600000000000000000e+01 1.165568369028006579e+01 2.777777777777777857e+01 3.055555555555555358e+01 1.000000000000000000e+01
3.700000000000000000e+01 1.103789126853377311e+01 2.777777777777777857e+01 4.444444444444444287e+01 1.000000000000000000e+01
3.800000000000000000e+01 1.169686985172981863e+01 2.222222222222222143e+01 2.500000000000000000e+01 8.000000000000000000e+00
3.900000000000000000e+01 1.120263591433278449e+01 1.388888888888888928e+01 4.166666666666667140e+01 5.000000000000000000e+00
4.000000000000000000e+01 1.190280065897858286e+01 1.944444444444444642e+01 2.500000000000000000e+01 7.000000000000000000e+00
4.100000000000000000e+01 1.190280065897858286e+01 2.500000000000000000e+01 3.055555555555555358e+01 9.000000000000000000e+00
4.200000000000000000e+01 1.268533772652388691e+01 1.666666666666666430e+01 1.944444444444444642e+01 6.000000000000000000e+00
4.300000000000000000e+01 1.317957166392092283e+01 1.388888888888888928e+01 2.500000000000000000e+01 5.000000000000000000e+00
4.400000000000000000e+01 1.206754530477759602e+01 1.666666666666666430e+01 1.388888888888888928e+01 6.000000000000000000e+00
4.500000000000000000e+01 1.338550247116968528e+01 2.777777777777777857e+01 1.111111111111111072e+01 1.000000000000000000e+01
4.600000000000000000e+01 1.276771004942339438e+01 2.222222222222222143e+01 1.388888888888888928e+01 8.000000000000000000e+00
4.700000000000000000e+01 1.256177924217462838e+01 2.777777777777777857e+01 1.944444444444444642e+01 1.000000000000000000e+01
4.800000000000000000e+01 1.256177924217462838e+01 3.055555555555555358e+01 1.388888888888888928e+01 1.100000000000000000e+01
4.900000000000000000e+01 1.313838550247116999e+01 4.166666666666667140e+01 1.666666666666666430e+01 1.500000000000000000e+01
5.000000000000000000e+01 1.198517298187809033e+01 3.611111111111110716e+01 1.388888888888888928e+01 1.300000000000000000e+01
5.100000000000000000e+01 1.198517298187809033e+01 3.055555555555555358e+01 2.500000000000000000e+01 1.100000000000000000e+01
5.200000000000000000e+01 1.247940691927512447e+01 2.222222222222222143e+01 1.666666666666666430e+01 8.000000000000000000e+00
5.300000000000000000e+01 1.256177924217462838e+01 4.166666666666667140e+01 2.222222222222222143e+01 1.500000000000000000e+01
5.400000000000000000e+01 1.149093904448105441e+01 2.500000000000000000e+01 2.777777777777777857e+01 9.000000000000000000e+00
5.500000000000000000e+01 1.210873146622734708e+01 3.055555555555555358e+01 3.611111111111110716e+01 1.100000000000000000e+01
5.600000000000000000e+01 1.169686985172981863e+01 3.611111111111110716e+01 2.777777777777777857e+01 1.300000000000000000e+01
5.700000000000000000e+01 1.210873146622734708e+01 3.333333333333332860e+01 3.055555555555555358e+01 1.200000000000000000e+01
5.800000000000000000e+01 1.116144975288303165e+01 3.888888888888889284e+01 3.611111111111110716e+01 1.400000000000000000e+01
5.900000000000000000e+01 1.235584843492586415e+01 4.722222222222222854e+01 3.611111111111110716e+01 1.700000000000000000e+01
6.000000000000000000e+01 1.247940691927512447e+01 2.777777777777777857e+01 3.611111111111110716e+01 1.000000000000000000e+01
6.100000000000000000e+01 1.268533772652388691e+01 2.222222222222222143e+01 2.500000000000000000e+01 8.000000000000000000e+00
6.200000000000000000e+01 1.280889621087314723e+01 4.722222222222222854e+01 2.777777777777777857e+01 1.700000000000000000e+01
6.300000000000000000e+01 1.293245469522240576e+01 2.500000000000000000e+01 3.611111111111110716e+01 9.000000000000000000e+00
6.400000000000000000e+01 1.330313014827018137e+01 3.611111111111110716e+01 3.611111111111110716e+01 1.300000000000000000e+01
6.500000000000000000e+01 1.317957166392092283e+01 1.666666666666666430e+01 4.722222222222222854e+01 6.000000000000000000e+00
6.600000000000000000e+01 1.363261943986820413e+01 3.888888888888889284e+01 3.333333333333332860e+01 1.400000000000000000e+01
6.700000000000000000e+01 1.260296540362438300e+01 1.388888888888888928e+01 5.833333333333333570e+01 5.000000000000000000e+00
6.800000000000000000e+01 1.297364085667215861e+01 1.944444444444444642e+01 1.666666666666666430e+01 7.000000000000000000e+00
6.900000000000000000e+01 1.264415156507413585e+01 1.666666666666666430e+01 1.666666666666666430e+01 6.000000000000000000e+00
7.000000000000000000e+01 1.322075782537067390e+01 2.777777777777777857e+01 1.944444444444444642e+01 1.000000000000000000e+01
7.100000000000000000e+01 1.326194398682042852e+01 2.222222222222222143e+01 1.111111111111111072e+01 8.000000000000000000e+00
7.200000000000000000e+01 1.317957166392092283e+01 3.333333333333332860e+01 1.388888888888888928e+01 1.200000000000000000e+01
7.300000000000000000e+01 1.408566721581548720e+01 3.055555555555555358e+01 1.666666666666666430e+01 1.100000000000000000e+01
7.400000000000000000e+01 1.280889621087314723e+01 1.666666666666666430e+01 2.500000000000000000e+01 6.000000000000000000e+00
7.500000000000000000e+01 1.264415156507413585e+01 1.666666666666666430e+01 1.666666666666666430e+01 6.000000000000000000e+00
7.600000000000000000e+01 1.173805601317957148e+01 2.500000000000000000e+01 1.111111111111111072e+01 9.000000000000000000e+00
7.700000000000000000e+01 1.182042833607907717e+01 2.222222222222222143e+01 1.111111111111111072e+01 8.000000000000000000e+00
7.800000000000000000e+01 1.190280065897858286e+01 2.500000000000000000e+01 1.111111111111111072e+01 9.000000000000000000e+00
7.900000000000000000e+01 1.177924217462932432e+01 1.388888888888888928e+01 1.111111111111111072e+01 5.000000000000000000e+00
8.000000000000000000e+01 1.219110378912685277e+01 1.111111111111111072e+01 1.111111111111111072e+01 4.000000000000000000e+00
8.100000000000000000e+01 1.144975288303130156e+01 1.111111111111111072e+01 1.388888888888888928e+01 4.000000000000000000e+00
8.200000000000000000e+01 1.247940691927512447e+01 1.111111111111111072e+01 1.666666666666666430e+01 4.000000000000000000e+00
8.300000000000000000e+01 1.140856672158154872e+01 1.111111111111111072e+01 2.222222222222222143e+01 4.000000000000000000e+00
8.400000000000000000e+01 1.198517298187809033e+01 8.333333333333332149e+00 1.111111111111111072e+01 3.000000000000000000e+00
8.500000000000000000e+01 1.367380560131795697e+01 8.333333333333332149e+00 8.333333333333332149e+00 3.000000000000000000e+00
8.600000000000000000e+01 1.338550247116968528e+01 8.333333333333332149e+00 5.555555555555555358e+00 3.000000000000000000e+00
8.700000000000000000e+01 1.425041186161449858e+01 5.555555555555555358e+00 0.000000000000000000e+00 2.000000000000000000e+00
8.800000000000000000e+01 1.359143327841845306e+01 8.333333333333332149e+00 0.000000000000000000e+00 3.000000000000000000e+00
8.900000000000000000e+01 1.359143327841845306e+01 1.388888888888888928e+01 0.000000000000000000e+00 5.000000000000000000e+00
9.000000000000000000e+01 1.420922570016474573e+01 1.944444444444444642e+01 0.000000000000000000e+00 7.000000000000000000e+00
9.100000000000000000e+01 1.326194398682042852e+01 5.555555555555555358e+00 0.000000000000000000e+00 2.000000000000000000e+00
9.200000000000000000e+01 1.408566721581548720e+01 8.333333333333332149e+00 0.000000000000000000e+00 3.000000000000000000e+00
9.300000000000000000e+01 1.396210873146622689e+01 5.555555555555555358e+00 0.000000000000000000e+00 2.000000000000000000e+00
9.400000000000000000e+01 1.313838550247116999e+01 5.555555555555555358e+00 0.000000000000000000e+00 2.000000000000000000e+00
9.500000000000000000e+01 1.350906095551894559e+01 0.000000000000000000e+00 0.000000000000000000e+00 -6.000000000000000000e+03
