# step, world, group,control
0.000000000000000000e+00 2.652388797364085704e+01 3.055555555555555358e+01 1.388888888888888928e+01 1.100000000000000000e+01
1.000000000000000000e+00 2.446457990115321479e+01 3.888888888888889284e+01 1.388888888888888928e+01 1.400000000000000000e+01
2.000000000000000000e+00 2.384678747940692034e+01 2.777777777777777857e+01 1.666666666666666430e+01 1.000000000000000000e+01
3.000000000000000000e+00 2.137561779242174609e+01 2.500000000000000000e+01 1.388888888888888928e+01 9.000000000000000000e+00
4.000000000000000000e+00 2.067545304777594595e+01 4.444444444444444287e+01 1.111111111111111072e+01 1.600000000000000000e+01
5.000000000000000000e+00 1.898682042833607753e+01 3.333333333333332860e+01 8.333333333333332149e+00 1.200000000000000000e+01
6.000000000000000000e+00 1.985172981878088905e+01 3.888888888888889284e+01 1.944444444444444642e+01 1.400000000000000000e+01
7.000000000000000000e+00 1.853377265238879801e+01 3.611111111111110716e+01 2.777777777777777679e+00 1.300000000000000000e+01
8.000000000000000000e+00 1.931630971993410384e+01 1.944444444444444642e+01 2.777777777777777679e+00 7.000000000000000000e+00
9.000000000000000000e+00 1.721581548599670342e+01 3.333333333333332860e+01 0.000000000000000000e+00 1.200000000000000000e+01
1.000000000000000000e+01 1.861614497528830370e+01 3.055555555555555358e+01 0.000000000000000000e+00 1.100000000000000000e+01
1.100000000000000000e+01 1.705107084019769204e+01 5.277777777777777857e+01 0.000000000000000000e+00 1.900000000000000000e+01
1.200000000000000000e+01 1.717462932454695235e+01 3.055555555555555358e+01 0.000000000000000000e+00 1.100000000000000000e+01
1.300000000000000000e+01 1.725700164744645804e+01 2.777777777777777857e+01 0.000000000000000000e+00 1.000000000000000000e+01
1.400000000000000000e+01 1.536243822075782717e+01 3.055555555555555358e+01 0.000000000000000000e+00 1.100000000000000000e+01
1.500000000000000000e+01 1.581548599670510669e+01 4.166666666666667140e+01 0.000000000000000000e+00 1.500000000000000000e+01
1.600000000000000000e+01 1.425041186161449858e+01 3.333333333333332860e+01 0.000000000000000000e+00 1.200000000000000000e+01
1.700000000000000000e+01 1.433278418451400249e+01 2.500000000000000000e+01 0.000000000000000000e+00 9.000000000000000000e+00
1.800000000000000000e+01 1.412685337726523827e+01 3.888888888888889284e+01 2.777777777777777679e+00 1.400000000000000000e+01
1.900000000000000000e+01 1.466227347611202525e+01 3.055555555555555358e+01 2.777777777777777679e+00 1.100000000000000000e+01
2.000000000000000000e+01 1.387973640856671942e+01 2.777777777777777857e+01 2.777777777777777679e+00 1.000000000000000000e+01
2.100000000000000000e+01 1.425041186161449858e+01 1.388888888888888928e+01 2.777777777777777679e+00 5.000000000000000000e+00
2.200000000000000000e+01 1.515650741350905939e+01 1.944444444444444642e+01 2.777777777777777679e+00 7.000000000000000000e+00
2.300000000000000000e+01 1.474464579901153272e+01 1.666666666666666430e+01 5.555555555555555358e+00 6.000000000000000000e+00
2.400000000000000000e+01 1.602141680395387269e+01 1.388888888888888928e+01 5.555555555555555358e+00 5.000000000000000000e+00
2.500000000000000000e+01 1.573311367380560100e+01 1.944444444444444642e+01 8.333333333333332149e+00 7.000000000000000000e+00
2.600000000000000000e+01 1.659802306425041252e+01 1.388888888888888928e+01 1.111111111111111072e+01 5.000000000000000000e+00
2.700000000000000000e+01 1.659802306425041252e+01 1.388888888888888928e+01 5.555555555555555358e+00 5.000000000000000000e+00
2.800000000000000000e+01 1.581548599670510669e+01 2.777777777777777857e+01 1.111111111111111072e+01 1.000000000000000000e+01
2.900000000000000000e+01 1.700988467874794097e+01 2.777777777777777857e+01 1.111111111111111072e+01 1.000000000000000000e+01
3.000000000000000000e+01 1.540362438220757824e+01 3.611111111111110716e+01 8.333333333333332149e+00 1.300000000000000000e+01
3.100000000000000000e+01 1.556836902800658962e+01 3.333333333333332860e+01 1.111111111111111072e+01 1.200000000000000000e+01
3.200000000000000000e+01 1.486820428336079125e+01 2.777777777777777857e+01 5.555555555555555358e+00 1.000000000000000000e+01
3.300000000000000000e+01 1.556836902800658962e+01 4.444444444444444287e+01 1.111111111111111072e+01 1.600000000000000000e+01
3.400000000000000000e+01 1.482701812191103663e+01 4.444444444444444287e+01 2.500000000000000000e+01 1.600000000000000000e+01
3.500000000000000000e+01 1.560955518945634246e+01 4.722222222222222854e+01 3.333333333333332860e+01 1.700000000000000000e+01
3.600000000000000000e+01 1.499176276771004801e+01 2.777777777777777857e+01 3.611111111111110716e+01 1.000000000000000000e+01
3.700000000000000000e+01 1.585667215815486131e+01 4.166666666666667140e+01 4.166666666666667140e+01 1.500000000000000000e+01
3.800000000000000000e+01 1.581548599670510669e+01 2.222222222222222143e+01 2.222222222222222143e+01 8.000000000000000000e+00
3.900000000000000000e+01 1.532125205930807077e+01 2.222222222222222143e+01 3.888888888888889284e+01 8.000000000000000000e+00
4.000000000000000000e+01 1.565074135090609531e+01 1.944444444444444642e+01 2.777777777777777857e+01 7.000000000000000000e+00
4.100000000000000000e+01 1.577429983525535384e+01 1.388888888888888928e+01 1.666666666666666430e+01 5.000000000000000000e+00
4.200000000000000000e+01 1.758649093904448080e+01 1.666666666666666430e+01 2.500000000000000000e+01 6.000000000000000000e+00
4.300000000000000000e+01 1.799835255354200925e+01 2.222222222222222143e+01 3.333333333333332860e+01 8.000000000000000000e+00
4.400000000000000000e+01 1.812191103789126956e+01 2.500000000000000000e+01 1.944444444444444642e+01 9.000000000000000000e+00
4.500000000000000000e+01 1.643327841845140114e+01 2.222222222222222143e+01 2.222222222222222143e+01 8.000000000000000000e+00
4.600000000000000000e+01 1.733937397034596373e+01 3.333333333333332860e+01 2.222222222222222143e+01 1.200000000000000000e+01
4.700000000000000000e+01 1.610378912685337838e+01 2.777777777777777857e+01 2.777777777777777857e+01 1.000000000000000000e+01
4.800000000000000000e+01 1.626853377265238976e+01 2.500000000000000000e+01 3.888888888888889284e+01 9.000000000000000000e+00
4.900000000000000000e+01 1.523887973640856686e+01 2.500000000000000000e+01 3.611111111111110716e+01 9.000000000000000000e+00
5.000000000000000000e+01 1.519769357495881579e+01 1.666666666666666430e+01 2.500000000000000000e+01 6.000000000000000000e+00
5.100000000000000000e+01 1.560955518945634246e+01 1.666666666666666430e+01 1.944444444444444642e+01 6.000000000000000000e+00
5.200000000000000000e+01 1.663920922570016359e+01 1.111111111111111072e+01 8.333333333333332149e+00 4.000000000000000000e+00
5.300000000000000000e+01 1.548599670510708215e+01 8.333333333333332149e+00 8.333333333333332149e+00 3.000000000000000000e+00
5.400000000000000000e+01 1.622734761120263514e+01 8.333333333333332149e+00 5.555555555555555358e+00 3.000000000000000000e+00
5.500000000000000000e+01 1.532125205930807077e+01 8.333333333333332149e+00 5.555555555555555358e+00 3.000000000000000000e+00
5.600000000000000000e+01 1.503294892915980263e+01 8.333333333333332149e+00 2.777777777777777679e+00 3.000000000000000000e+00
5.700000000000000000e+01 1.453871499176276849e+01 8.333333333333332149e+00 0.000000000000000000e+00 3.000000000000000000e+00
5.800000000000000000e+01 1.482701812191103663e+01 5.555555555555555358e+00 0.000000000000000000e+00 2.000000000000000000e+00
5.900000000000000000e+01 1.355024711696869666e+01 5.555555555555555358e+00 0.000000000000000000e+00 2.000000000000000000e+00
6.000000000000000000e+01 1.375617792421746444e+01 2.777777777777777679e+00 0.000000000000000000e+00 1.000000000000000000e+00
6.100000000000000000e+01 1.338550247116968528e+01 2.777777777777777679e+00 0.000000000000000000e+00 1.000000000000000000e+00
6.200000000000000000e+01 1.330313014827018137e+01 2.777777777777777679e+00 0.000000000000000000e+00 1.000000000000000000e+00
6.300000000000000000e+01 1.330313014827018137e+01 0.000000000000000000e+00 0.000000000000000000e+00 -6.000000000000000000e+03
