# step, world, group,control
0.000000000000000000e+00 2.578253706754530228e+01 2.500000000000000000e+01 3.611111111111110716e+01 9.000000000000000000e+00
1.000000000000000000e+00 2.364085667215815434e+01 3.055555555555555358e+01 2.222222222222222143e+01 1.100000000000000000e+01
2.000000000000000000e+00 2.528830313014827169e+01 4.444444444444444287e+01 2.777777777777777857e+01 1.600000000000000000e+01
3.000000000000000000e+00 2.438220757825370555e+01 2.777777777777777857e+01 3.333333333333332860e+01 1.000000000000000000e+01
4.000000000000000000e+00 2.331136738056013158e+01 2.500000000000000000e+01 3.888888888888889284e+01 9.000000000000000000e+00
5.000000000000000000e+00 2.318780889621087482e+01 2.222222222222222143e+01 4.722222222222222854e+01 8.000000000000000000e+00
6.000000000000000000e+00 2.244645799011532006e+01 2.500000000000000000e+01 5.277777777777777857e+01 9.000000000000000000e+00
7.000000000000000000e+00 2.207578253706754623e+01 3.333333333333332860e+01 4.166666666666667140e+01 1.200000000000000000e+01
8.000000000000000000e+00 2.203459637561779161e+01 3.888888888888889284e+01 3.888888888888889284e+01 1.400000000000000000e+01
9.000000000000000000e+00 1.956342668863262091e+01 5.833333333333333570e+01 5.000000000000000000e+01 2.100000000000000000e+01
1.000000000000000000e+01 2.051070840197693457e+01 3.888888888888889284e+01 3.611111111111110716e+01 1.400000000000000000e+01
1.100000000000000000e+01 2.026359143327841750e+01 4.444444444444444287e+01 2.777777777777777857e+01 1.600000000000000000e+01
1.200000000000000000e+01 1.948105436573311522e+01 5.000000000000000000e+01 2.777777777777777857e+01 1.800000000000000000e+01
1.300000000000000000e+01 1.882207578253706615e+01 3.055555555555555358e+01 3.055555555555555358e+01 1.100000000000000000e+01
1.400000000000000000e+01 1.878088962108731508e+01 3.055555555555555358e+01 3.055555555555555358e+01 1.100000000000000000e+01
1.500000000000000000e+01 1.890444810543657184e+01 3.888888888888889284e+01 3.611111111111110716e+01 1.400000000000000000e+01
1.600000000000000000e+01 1.754530477759472973e+01 3.333333333333332860e+01 2.222222222222222143e+01 1.200000000000000000e+01
1.700000000000000000e+01 1.894563426688632646e+01 3.611111111111110716e+01 3.333333333333332860e+01 1.300000000000000000e+01
1.800000000000000000e+01 1.684514003294892959e+01 3.055555555555555358e+01 2.500000000000000000e+01 1.100000000000000000e+01
1.900000000000000000e+01 1.659802306425041252e+01 3.333333333333332860e+01 4.444444444444444287e+01 1.200000000000000000e+01
2.000000000000000000e+01 1.643327841845140114e+01 2.500000000000000000e+01 2.222222222222222143e+01 9.000000000000000000e+00
2.100000000000000000e+01 1.659802306425041252e+01 2.222222222222222143e+01 2.500000000000000000e+01 8.000000000000000000e+00
2.200000000000000000e+01 1.762767710049423542e+01 2.222222222222222143e+01 1.388888888888888928e+01 8.000000000000000000e+00
2.300000000000000000e+01 1.795716639209225818e+01 2.777777777777777857e+01 1.666666666666666430e+01 1.000000000000000000e+01
2.400000000000000000e+01 1.808072487644151494e+01 2.777777777777777857e+01 1.111111111111111072e+01 1.000000000000000000e+01
2.500000000000000000e+01 1.746293245469522404e+01 5.833333333333333570e+01 8.333333333333332149e+00 2.100000000000000000e+01
2.600000000000000000e+01 1.700988467874794097e+01 2.500000000000000000e+01 1.388888888888888928e+01 9.000000000000000000e+00
2.700000000000000000e+01 1.700988467874794097e+01 2.500000000000000000e+01 1.111111111111111072e+01 9.000000000000000000e+00
2.800000000000000000e+01 1.688632619439868066e+01 1.666666666666666430e+01 1.111111111111111072e+01 6.000000000000000000e+00
2.900000000000000000e+01 1.688632619439868066e+01 3.333333333333332860e+01 8.333333333333332149e+00 1.200000000000000000e+01
3.000000000000000000e+01 1.680395387149917852e+01 3.055555555555555358e+01 5.555555555555555358e+00 1.100000000000000000e+01
3.100000000000000000e+01 1.630971993410214083e+01 2.500000000000000000e+01 2.777777777777777679e+00 9.000000000000000000e+00
3.200000000000000000e+01 1.536243822075782717e+01 4.166666666666667140e+01 2.777777777777777679e+00 1.500000000000000000e+01
3.300000000000000000e+01 1.647446457990115221e+01 4.722222222222222854e+01 8.333333333333332149e+00 1.700000000000000000e+01
3.400000000000000000e+01 1.668039538714991821e+01 2.777777777777777857e+01 1.388888888888888928e+01 1.000000000000000000e+01
3.500000000000000000e+01 1.630971993410214083e+01 1.666666666666666430e+01 1.666666666666666430e+01 6.000000000000000000e+00
3.600000000000000000e+01 1.577429983525535384e+01 2.500000000000000000e+01 1.944444444444444642e+01 9.000000000000000000e+00
3.700000000000000000e+01 1.614497528830312945e+01 1.388888888888888928e+01 1.944444444444444642e+01 5.000000000000000000e+00
3.800000000000000000e+01 1.548599670510708215e+01 1.388888888888888928e+01 2.500000000000000000e+01 5.000000000000000000e+00
3.900000000000000000e+01 1.507413509060955548e+01 1.388888888888888928e+01 2.500000000000000000e+01 5.000000000000000000e+00
4.000000000000000000e+01 1.495057660626029694e+01 1.111111111111111072e+01 3.333333333333332860e+01 4.000000000000000000e+00
4.100000000000000000e+01 1.449752883031301387e+01 1.388888888888888928e+01 3.055555555555555358e+01 5.000000000000000000e+00
4.200000000000000000e+01 1.433278418451400249e+01 2.222222222222222143e+01 3.611111111111110716e+01 8.000000000000000000e+00
4.300000000000000000e+01 1.445634266886326103e+01 1.111111111111111072e+01 3.333333333333332860e+01 4.000000000000000000e+00
4.400000000000000000e+01 1.404448105436573435e+01 0.000000000000000000e+00 4.444444444444444287e+01 -6.000000000000000000e+03
