# step, world, group,control
0.000000000000000000e+00 2.594728171334431721e+01 3.055555555555555358e+01 2.500000000000000000e+01 1.100000000000000000e+01
1.000000000000000000e+00 2.553542009884678876e+01 2.500000000000000000e+01 3.611111111111110716e+01 9.000000000000000000e+00
2.000000000000000000e+00 2.265238879736408606e+01 2.777777777777777857e+01 5.277777777777777857e+01 1.000000000000000000e+01
3.000000000000000000e+00 2.339373970345963727e+01 2.222222222222222143e+01 2.500000000000000000e+01 8.000000000000000000e+00
4.000000000000000000e+00 2.397034596375618065e+01 8.333333333333332149e+00 2.777777777777777857e+01 3.000000000000000000e+00
5.000000000000000000e+00 2.265238879736408606e+01 5.555555555555555358e+00 4.444444444444444287e+01 2.000000000000000000e+00
6.000000000000000000e+00 2.191103789126853485e+01 2.777777777777777679e+00 3.888888888888889284e+01 1.000000000000000000e+00
7.000000000000000000e+00 2.281713344316309744e+01 1.111111111111111072e+01 3.333333333333332860e+01 4.000000000000000000e+00
8.000000000000000000e+00 2.042833607907742888e+01 1.666666666666666430e+01 3.888888888888889284e+01 6.000000000000000000e+00
9.000000000000000000e+00 1.989291598023064367e+01 1.388888888888888928e+01 2.500000000000000000e+01 5.000000000000000000e+00
1.000000000000000000e+01 2.084019769357495733e+01 1.666666666666666430e+01 3.055555555555555358e+01 6.000000000000000000e+00
1.100000000000000000e+01 2.063426688632619488e+01 2.222222222222222143e+01 2.500000000000000000e+01 8.000000000000000000e+00
1.200000000000000000e+01 2.042833607907742888e+01 2.777777777777777857e+01 3.055555555555555358e+01 1.000000000000000000e+01
1.300000000000000000e+01 1.906919275123558322e+01 2.500000000000000000e+01 3.055555555555555358e+01 9.000000000000000000e+00
1.400000000000000000e+01 1.886326194398682077e+01 3.055555555555555358e+01 2.500000000000000000e+01 1.100000000000000000e+01
1.500000000000000000e+01 1.766886326194398649e+01 2.777777777777777857e+01 2.500000000000000000e+01 1.000000000000000000e+01
1.600000000000000000e+01 1.832784184514003201e+01 5.000000000000000000e+01 2.500000000000000000e+01 1.800000000000000000e+01
1.700000000000000000e+01 1.816309719934102063e+01 3.055555555555555358e+01 3.333333333333332860e+01 1.100000000000000000e+01
1.800000000000000000e+01 1.684514003294892959e+01 3.055555555555555358e+01 2.500000000000000000e+01 1.100000000000000000e+01
1.900000000000000000e+01 1.614497528830312945e+01 3.333333333333332860e+01 1.944444444444444642e+01 1.200000000000000000e+01
2.000000000000000000e+01 1.602141680395387269e+01 2.777777777777777857e+01 3.055555555555555358e+01 1.000000000000000000e+01
2.100000000000000000e+01 1.589785831960461238e+01 3.055555555555555358e+01 1.111111111111111072e+01 1.100000000000000000e+01
2.200000000000000000e+01 1.466227347611202525e+01 2.500000000000000000e+01 5.555555555555555358e+00 9.000000000000000000e+00
2.300000000000000000e+01 1.441515650741350996e+01 2.500000000000000000e+01 0.000000000000000000e+00 9.000000000000000000e+00
2.400000000000000000e+01 1.474464579901153272e+01 1.388888888888888928e+01 0.000000000000000000e+00 5.000000000000000000e+00
2.500000000000000000e+01 1.293245469522240576e+01 1.111111111111111072e+01 0.000000000000000000e+00 4.000000000000000000e+00
2.600000000000000000e+01 1.247940691927512447e+01 5.555555555555555358e+00 0.000000000000000000e+00 2.000000000000000000e+00
2.700000000000000000e+01 1.128500823723229018e+01 8.333333333333332149e+00 0.000000000000000000e+00 3.000000000000000000e+00
2.800000000000000000e+01 1.120263591433278449e+01 1.111111111111111072e+01 0.000000000000000000e+00 4.000000000000000000e+00
2.900000000000000000e+01 1.058484349258649004e+01 1.111111111111111072e+01 0.000000000000000000e+00 4.000000000000000000e+00
3.000000000000000000e+01 1.079077429983525604e+01 2.777777777777777679e+00 2.777777777777777679e+00 1.000000000000000000e+00
3.100000000000000000e+01 1.132619439868204303e+01 5.555555555555555358e+00 2.777777777777777679e+00 2.000000000000000000e+00
3.200000000000000000e+01 1.050247116968698435e+01 1.111111111111111072e+01 5.555555555555555358e+00 4.000000000000000000e+00
3.300000000000000000e+01 1.169686985172981863e+01 2.222222222222222143e+01 2.777777777777777679e+00 8.000000000000000000e+00
3.400000000000000000e+01 1.116144975288303165e+01 1.388888888888888928e+01 0.000000000000000000e+00 5.000000000000000000e+00
3.500000000000000000e+01 1.239703459637561878e+01 1.388888888888888928e+01 0.000000000000000000e+00 5.000000000000000000e+00
3.600000000000000000e+01 1.091433278418451280e+01 8.333333333333332149e+00 0.000000000000000000e+00 3.000000000000000000e+00
3.700000000000000000e+01 1.198517298187809033e+01 1.111111111111111072e+01 0.000000000000000000e+00 4.000000000000000000e+00
3.800000000000000000e+01 1.165568369028006579e+01 8.333333333333332149e+00 2.777777777777777679e+00 3.000000000000000000e+00
3.900000000000000000e+01 1.149093904448105441e+01 1.388888888888888928e+01 8.333333333333332149e+00 5.000000000000000000e+00
4.000000000000000000e+01 1.149093904448105441e+01 1.111111111111111072e+01 8.333333333333332149e+00 4.000000000000000000e+00
4.100000000000000000e+01 1.054365733113673897e+01 1.388888888888888928e+01 5.555555555555555358e+00 5.000000000000000000e+00
4.200000000000000000e+01 1.050247116968698435e+01 1.666666666666666430e+01 8.333333333333332149e+00 6.000000000000000000e+00
4.300000000000000000e+01 1.066721581548599573e+01 1.944444444444444642e+01 8.333333333333332149e+00 7.000000000000000000e+00
4.400000000000000000e+01 1.058484349258649004e+01 3.055555555555555358e+01 8.333333333333332149e+00 1.100000000000000000e+01
4.500000000000000000e+01 1.074958813838550142e+01 1.666666666666666430e+01 1.111111111111111072e+01 6.000000000000000000e+00
4.600000000000000000e+01 1.083196046128500711e+01 2.222222222222222143e+01 1.111111111111111072e+01 8.000000000000000000e+00
4.700000000000000000e+01 1.050247116968698435e+01 2.500000000000000000e+01 1.388888888888888928e+01 9.000000000000000000e+00
4.800000000000000000e+01 9.884678747940691679e+00 3.055555555555555358e+01 2.222222222222222143e+01 1.100000000000000000e+01
4.900000000000000000e+01 1.074958813838550142e+01 1.388888888888888928e+01 1.666666666666666430e+01 5.000000000000000000e+00
5.000000000000000000e+01 8.690280065897857398e+00 1.388888888888888928e+01 1.944444444444444642e+01 5.000000000000000000e+00
5.100000000000000000e+01 9.308072487644151849e+00 1.944444444444444642e+01 1.666666666666666430e+01 7.000000000000000000e+00
5.200000000000000000e+01 8.607907742998351708e+00 1.388888888888888928e+01 1.944444444444444642e+01 5.000000000000000000e+00
5.300000000000000000e+01 8.731466227347612019e+00 2.222222222222222143e+01 1.666666666666666430e+01 8.000000000000000000e+00
5.400000000000000000e+01 8.896210873146623399e+00 2.500000000000000000e+01 2.500000000000000000e+01 9.000000000000000000e+00
5.500000000000000000e+01 8.978583196046129089e+00 1.944444444444444642e+01 2.222222222222222143e+01 7.000000000000000000e+00
5.600000000000000000e+01 8.525535420098846018e+00 2.777777777777777857e+01 1.666666666666666430e+01 1.000000000000000000e+01
5.700000000000000000e+01 7.784184514003294808e+00 2.500000000000000000e+01 2.500000000000000000e+01 9.000000000000000000e+00
5.800000000000000000e+01 7.660626029654035385e+00 2.222222222222222143e+01 2.777777777777777857e+01 8.000000000000000000e+00
5.900000000000000000e+01 7.825370675453047653e+00 3.888888888888889284e+01 2.500000000000000000e+01 1.400000000000000000e+01
6.000000000000000000e+01 7.495881383855024005e+00 3.333333333333332860e+01 1.944444444444444642e+01 1.200000000000000000e+01
6.100000000000000000e+01 7.248764415156506935e+00 2.222222222222222143e+01 1.944444444444444642e+01 8.000000000000000000e+00
6.200000000000000000e+01 7.784184514003294808e+00 2.500000000000000000e+01 1.944444444444444642e+01 9.000000000000000000e+00
6.300000000000000000e+01 7.207578253706754978e+00 3.611111111111110716e+01 2.222222222222222143e+01 1.300000000000000000e+01
6.400000000000000000e+01 8.360790774299834638e+00 1.944444444444444642e+01 2.500000000000000000e+01 7.000000000000000000e+00
6.500000000000000000e+01 8.401976935749589259e+00 1.388888888888888928e+01 1.666666666666666430e+01 5.000000000000000000e+00
6.600000000000000000e+01 7.825370675453047653e+00 1.944444444444444642e+01 1.666666666666666430e+01 7.000000000000000000e+00
6.700000000000000000e+01 7.454695222405272048e+00 2.222222222222222143e+01 1.111111111111111072e+01 8.000000000000000000e+00
6.800000000000000000e+01 7.331136738056012625e+00 3.611111111111110716e+01 1.111111111111111072e+01 1.300000000000000000e+01
6.900000000000000000e+01 8.278418451400328948e+00 3.888888888888889284e+01 1.944444444444444642e+01 1.400000000000000000e+01
7.000000000000000000e+01 7.907742998352553343e+00 4.166666666666667140e+01 2.500000000000000000e+01 1.500000000000000000e+01
7.100000000000000000e+01 7.289950576606260668e+00 6.111111111111110716e+01 2.500000000000000000e+01 2.200000000000000000e+01
7.200000000000000000e+01 7.660626029654035385e+00 1.388888888888888928e+01 1.944444444444444642e+01 5.000000000000000000e+00
7.300000000000000000e+01 7.495881383855024005e+00 2.777777777777777857e+01 2.500000000000000000e+01 1.000000000000000000e+01
7.400000000000000000e+01 6.878088962108732218e+00 2.222222222222222143e+01 1.388888888888888928e+01 8.000000000000000000e+00
7.500000000000000000e+01 7.289950576606260668e+00 3.611111111111110716e+01 5.555555555555555358e+00 1.300000000000000000e+01
7.600000000000000000e+01 7.537067545304777738e+00 2.222222222222222143e+01 5.555555555555555358e+00 8.000000000000000000e+00
7.700000000000000000e+01 7.166392092257001245e+00 3.888888888888889284e+01 5.555555555555555358e+00 1.400000000000000000e+01
7.800000000000000000e+01 7.619439868204283428e+00 2.222222222222222143e+01 8.333333333333332149e+00 8.000000000000000000e+00
7.900000000000000000e+01 6.960461285008237908e+00 4.444444444444444287e+01 5.555555555555555358e+00 1.600000000000000000e+01
8.000000000000000000e+01 7.907742998352553343e+00 3.055555555555555358e+01 8.333333333333332149e+00 1.100000000000000000e+01
8.100000000000000000e+01 8.113673805601317568e+00 2.500000000000000000e+01 1.111111111111111072e+01 9.000000000000000000e+00
8.200000000000000000e+01 8.154859967051070413e+00 1.944444444444444642e+01 8.333333333333332149e+00 7.000000000000000000e+00
8.300000000000000000e+01 7.660626029654035385e+00 1.944444444444444642e+01 1.111111111111111072e+01 7.000000000000000000e+00
8.400000000000000000e+01 7.372322899505766358e+00 2.500000000000000000e+01 1.111111111111111072e+01 9.000000000000000000e+00
8.500000000000000000e+01 8.072487644151564723e+00 1.944444444444444642e+01 8.333333333333332149e+00 7.000000000000000000e+00
8.600000000000000000e+01 7.578253706754529695e+00 2.500000000000000000e+01 1.944444444444444642e+01 9.000000000000000000e+00
8.700000000000000000e+01 7.701812191103789118e+00 2.222222222222222143e+01 1.111111111111111072e+01 8.000000000000000000e+00
8.800000000000000000e+01 7.619439868204283428e+00 2.777777777777777857e+01 1.666666666666666430e+01 1.000000000000000000e+01
8.900000000000000000e+01 7.372322899505766358e+00 3.055555555555555358e+01 1.944444444444444642e+01 1.100000000000000000e+01
9.000000000000000000e+01 8.154859967051070413e+00 1.666666666666666430e+01 3.611111111111110716e+01 6.000000000000000000e+00
9.100000000000000000e+01 7.866556836902800498e+00 1.944444444444444642e+01 1.666666666666666430e+01 7.000000000000000000e+00
9.200000000000000000e+01 8.813838550247117709e+00 1.944444444444444642e+01 1.666666666666666430e+01 7.000000000000000000e+00
9.300000000000000000e+01 8.566721581548600639e+00 3.611111111111110716e+01 1.944444444444444642e+01 1.300000000000000000e+01
9.400000000000000000e+01 8.937397034596376244e+00 3.333333333333332860e+01 1.944444444444444642e+01 1.200000000000000000e+01
9.500000000000000000e+01 8.896210873146623399e+00 2.777777777777777857e+01 1.666666666666666430e+01 1.000000000000000000e+01
9.600000000000000000e+01 8.896210873146623399e+00 3.888888888888889284e+01 1.388888888888888928e+01 1.400000000000000000e+01
9.700000000000000000e+01 9.349258649093904694e+00 2.500000000000000000e+01 2.500000000000000000e+01 9.000000000000000000e+00
9.800000000000000000e+01 9.266886326194399004e+00 3.888888888888889284e+01 1.111111111111111072e+01 1.400000000000000000e+01
9.900000000000000000e+01 8.731466227347612019e+00 3.611111111111110716e+01 1.111111111111111072e+01 1.300000000000000000e+01
1.000000000000000000e+02 8.525535420098846018e+00 5.000000000000000000e+01 1.666666666666666430e+01 1.800000000000000000e+01
1.010000000000000000e+02 8.855024711696870554e+00 2.500000000000000000e+01 1.666666666666666430e+01 9.000000000000000000e+00
1.020000000000000000e+02 8.525535420098846018e+00 3.888888888888889284e+01 1.666666666666666430e+01 1.400000000000000000e+01
1.030000000000000000e+02 9.143327841845140469e+00 2.500000000000000000e+01 1.666666666666666430e+01 9.000000000000000000e+00
1.040000000000000000e+02 8.607907742998351708e+00 2.777777777777777857e+01 1.666666666666666430e+01 1.000000000000000000e+01
1.050000000000000000e+02 8.978583196046129089e+00 4.166666666666667140e+01 2.222222222222222143e+01 1.500000000000000000e+01
1.060000000000000000e+02 9.143327841845140469e+00 2.777777777777777857e+01 1.666666666666666430e+01 1.000000000000000000e+01
1.070000000000000000e+02 9.925864909390444524e+00 4.444444444444444287e+01 2.222222222222222143e+01 1.600000000000000000e+01
1.080000000000000000e+02 9.596375617792421764e+00 2.500000000000000000e+01 1.388888888888888928e+01 9.000000000000000000e+00
1.090000000000000000e+02 9.514003294892916074e+00 2.222222222222222143e+01 1.666666666666666430e+01 8.000000000000000000e+00
1.100000000000000000e+02 9.060955518945634779e+00 1.944444444444444642e+01 1.111111111111111072e+01 7.000000000000000000e+00
1.110000000000000000e+02 9.596375617792421764e+00 2.500000000000000000e+01 1.111111111111111072e+01 9.000000000000000000e+00
1.120000000000000000e+02 8.896210873146623399e+00 3.055555555555555358e+01 1.111111111111111072e+01 1.100000000000000000e+01
1.130000000000000000e+02 9.225700164744646159e+00 2.500000000000000000e+01 1.111111111111111072e+01 9.000000000000000000e+00
1.140000000000000000e+02 1.033772652388797297e+01 2.500000000000000000e+01 1.388888888888888928e+01 9.000000000000000000e+00
1.150000000000000000e+02 9.761120263591433144e+00 3.055555555555555358e+01 1.388888888888888928e+01 1.100000000000000000e+01
1.160000000000000000e+02 9.472817133443163229e+00 2.222222222222222143e+01 1.388888888888888928e+01 8.000000000000000000e+00
1.170000000000000000e+02 9.225700164744646159e+00 3.333333333333332860e+01 1.388888888888888928e+01 1.200000000000000000e+01
1.180000000000000000e+02 8.978583196046129089e+00 1.944444444444444642e+01 1.388888888888888928e+01 7.000000000000000000e+00
1.190000000000000000e+02 9.308072487644151849e+00 2.777777777777777857e+01 1.388888888888888928e+01 1.000000000000000000e+01
1.200000000000000000e+02 8.978583196046129089e+00 2.222222222222222143e+01 2.500000000000000000e+01 8.000000000000000000e+00
1.210000000000000000e+02 8.607907742998351708e+00 3.611111111111110716e+01 2.500000000000000000e+01 1.300000000000000000e+01
1.220000000000000000e+02 8.072487644151564723e+00 4.444444444444444287e+01 4.444444444444444287e+01 1.600000000000000000e+01
1.230000000000000000e+02 8.360790774299834638e+00 3.888888888888889284e+01 2.222222222222222143e+01 1.400000000000000000e+01
1.240000000000000000e+02 8.978583196046129089e+00 3.055555555555555358e+01 2.222222222222222143e+01 1.100000000000000000e+01
1.250000000000000000e+02 8.772652388797364864e+00 3.611111111111110716e+01 1.944444444444444642e+01 1.300000000000000000e+01
1.260000000000000000e+02 8.813838550247117709e+00 4.166666666666667140e+01 2.777777777777777857e+01 1.500000000000000000e+01
1.270000000000000000e+02 8.690280065897857398e+00 3.333333333333332860e+01 4.166666666666667140e+01 1.200000000000000000e+01
1.280000000000000000e+02 7.866556836902800498e+00 4.166666666666667140e+01 3.611111111111110716e+01 1.500000000000000000e+01
1.290000000000000000e+02 8.855024711696870554e+00 1.944444444444444642e+01 3.888888888888889284e+01 7.000000000000000000e+00
1.300000000000000000e+02 8.031301482701811878e+00 3.888888888888889284e+01 3.055555555555555358e+01 1.400000000000000000e+01
1.310000000000000000e+02 9.266886326194399004e+00 1.666666666666666430e+01 3.611111111111110716e+01 6.000000000000000000e+00
1.320000000000000000e+02 8.237232289950576103e+00 1.666666666666666430e+01 3.055555555555555358e+01 6.000000000000000000e+00
1.330000000000000000e+02 9.431630971993410384e+00 1.111111111111111072e+01 3.611111111111110716e+01 4.000000000000000000e+00
1.340000000000000000e+02 1.000823723228995021e+01 5.555555555555555358e+00 2.500000000000000000e+01 2.000000000000000000e+00
1.350000000000000000e+02 9.102141680395387624e+00 1.111111111111111072e+01 2.777777777777777857e+01 4.000000000000000000e+00
1.360000000000000000e+02 1.025535420098846728e+01 1.388888888888888928e+01 2.500000000000000000e+01 5.000000000000000000e+00
1.370000000000000000e+02 9.349258649093904694e+00 1.944444444444444642e+01 3.333333333333332860e+01 7.000000000000000000e+00
1.380000000000000000e+02 1.033772652388797297e+01 1.944444444444444642e+01 2.500000000000000000e+01 7.000000000000000000e+00
1.390000000000000000e+02 8.855024711696870554e+00 2.500000000000000000e+01 3.333333333333332860e+01 9.000000000000000000e+00
1.400000000000000000e+02 9.843492586490938834e+00 3.055555555555555358e+01 2.777777777777777857e+01 1.100000000000000000e+01
1.410000000000000000e+02 9.019769357495881934e+00 1.666666666666666430e+01 3.888888888888889284e+01 6.000000000000000000e+00
1.420000000000000000e+02 9.802306425041185989e+00 2.777777777777777857e+01 2.500000000000000000e+01 1.000000000000000000e+01
1.430000000000000000e+02 8.896210873146623399e+00 1.666666666666666430e+01 2.500000000000000000e+01 6.000000000000000000e+00
1.440000000000000000e+02 9.390444810543657539e+00 2.222222222222222143e+01 3.055555555555555358e+01 8.000000000000000000e+00
1.450000000000000000e+02 8.731466227347612019e+00 1.111111111111111072e+01 1.944444444444444642e+01 4.000000000000000000e+00
1.460000000000000000e+02 9.514003294892916074e+00 8.333333333333332149e+00 2.222222222222222143e+01 3.000000000000000000e+00
1.470000000000000000e+02 8.896210873146623399e+00 1.111111111111111072e+01 2.777777777777777857e+01 4.000000000000000000e+00
1.480000000000000000e+02 8.772652388797364864e+00 1.388888888888888928e+01 2.777777777777777857e+01 5.000000000000000000e+00
1.490000000000000000e+02 9.308072487644151849e+00 1.666666666666666430e+01 1.944444444444444642e+01 6.000000000000000000e+00
1.500000000000000000e+02 8.031301482701811878e+00 1.944444444444444642e+01 2.222222222222222143e+01 7.000000000000000000e+00
1.510000000000000000e+02 7.372322899505766358e+00 1.944444444444444642e+01 3.055555555555555358e+01 7.000000000000000000e+00
1.520000000000000000e+02 7.248764415156506935e+00 1.666666666666666430e+01 1.388888888888888928e+01 6.000000000000000000e+00
1.530000000000000000e+02 7.084019769357495555e+00 3.055555555555555358e+01 8.333333333333332149e+00 1.100000000000000000e+01
1.540000000000000000e+02 7.207578253706754978e+00 1.666666666666666430e+01 0.000000000000000000e+00 6.000000000000000000e+00
1.550000000000000000e+02 7.454695222405272048e+00 1.111111111111111072e+01 0.000000000000000000e+00 4.000000000000000000e+00
1.560000000000000000e+02 7.907742998352553343e+00 1.111111111111111072e+01 0.000000000000000000e+00 4.000000000000000000e+00
1.570000000000000000e+02 7.948929159802306188e+00 1.388888888888888928e+01 0.000000000000000000e+00 5.000000000000000000e+00
1.580000000000000000e+02 7.701812191103789118e+00 1.944444444444444642e+01 0.000000000000000000e+00 7.000000000000000000e+00
1.590000000000000000e+02 6.713344316309719950e+00 1.388888888888888928e+01 0.000000000000000000e+00 5.000000000000000000e+00
1.600000000000000000e+02 7.372322899505766358e+00 8.333333333333332149e+00 0.000000000000000000e+00 3.000000000000000000e+00
1.610000000000000000e+02 6.425041186161449147e+00 8.333333333333332149e+00 0.000000000000000000e+00 3.000000000000000000e+00
1.620000000000000000e+02 7.331136738056012625e+00 8.333333333333332149e+00 0.000000000000000000e+00 3.000000000000000000e+00
1.630000000000000000e+02 6.383855024711697190e+00 1.111111111111111072e+01 0.000000000000000000e+00 4.000000000000000000e+00
1.640000000000000000e+02 6.013179571663920697e+00 1.111111111111111072e+01 0.000000000000000000e+00 4.000000000000000000e+00
1.650000000000000000e+02 5.477759472817133712e+00 1.388888888888888928e+01 0.000000000000000000e+00 5.000000000000000000e+00
1.660000000000000000e+02 5.724876441515650782e+00 1.111111111111111072e+01 0.000000000000000000e+00 4.000000000000000000e+00
1.670000000000000000e+02 5.395387149917628022e+00 1.666666666666666430e+01 0.000000000000000000e+00 6.000000000000000000e+00
1.680000000000000000e+02 5.930807248764415007e+00 1.666666666666666430e+01 0.000000000000000000e+00 6.000000000000000000e+00
1.690000000000000000e+02 5.766062602965403627e+00 1.944444444444444642e+01 0.000000000000000000e+00 7.000000000000000000e+00
1.700000000000000000e+02 5.724876441515650782e+00 1.388888888888888928e+01 0.000000000000000000e+00 5.000000000000000000e+00
1.710000000000000000e+02 5.930807248764415007e+00 0.000000000000000000e+00 0.000000000000000000e+00 -6.000000000000000000e+03
