# step, world, group,control
0.000000000000000000e+00 2.594728171334431721e+01 3.611111111111110716e+01 2.222222222222222143e+01 1.300000000000000000e+01
1.000000000000000000e+00 2.244645799011532006e+01 2.500000000000000000e+01 3.333333333333332860e+01 9.000000000000000000e+00
2.000000000000000000e+00 2.186985172981878023e+01 2.500000000000000000e+01 2.500000000000000000e+01 9.000000000000000000e+00
3.000000000000000000e+00 2.129324546952224040e+01 5.000000000000000000e+01 4.166666666666667140e+01 1.800000000000000000e+01
4.000000000000000000e+00 2.063426688632619488e+01 1.388888888888888928e+01 2.500000000000000000e+01 5.000000000000000000e+00
5.000000000000000000e+00 2.240527182866556899e+01 8.333333333333332149e+00 3.333333333333332860e+01 3.000000000000000000e+00
6.000000000000000000e+00 1.952224052718286629e+01 8.333333333333332149e+00 3.333333333333332860e+01 3.000000000000000000e+00
7.000000000000000000e+00 1.923393739703459460e+01 1.944444444444444642e+01 3.611111111111110716e+01 7.000000000000000000e+00
8.000000000000000000e+00 1.758649093904448080e+01 1.666666666666666430e+01 3.611111111111110716e+01 6.000000000000000000e+00
9.000000000000000000e+00 1.787479406919275249e+01 1.944444444444444642e+01 3.055555555555555358e+01 7.000000000000000000e+00
1.000000000000000000e+01 1.618616144975288407e+01 3.055555555555555358e+01 3.888888888888889284e+01 1.100000000000000000e+01
1.100000000000000000e+01 1.762767710049423542e+01 2.500000000000000000e+01 3.055555555555555358e+01 9.000000000000000000e+00
1.200000000000000000e+01 1.659802306425041252e+01 3.333333333333332860e+01 2.500000000000000000e+01 1.200000000000000000e+01
1.300000000000000000e+01 1.717462932454695235e+01 1.944444444444444642e+01 3.888888888888889284e+01 7.000000000000000000e+00
1.400000000000000000e+01 1.758649093904448080e+01 1.944444444444444642e+01 2.222222222222222143e+01 7.000000000000000000e+00
1.500000000000000000e+01 1.738056013179571480e+01 1.666666666666666430e+01 3.055555555555555358e+01 6.000000000000000000e+00
1.600000000000000000e+01 1.663920922570016359e+01 2.777777777777777857e+01 2.500000000000000000e+01 1.000000000000000000e+01
1.700000000000000000e+01 1.412685337726523827e+01 1.944444444444444642e+01 4.444444444444444287e+01 7.000000000000000000e+00
1.800000000000000000e+01 1.383855024711696835e+01 3.888888888888889284e+01 1.944444444444444642e+01 1.400000000000000000e+01
1.900000000000000000e+01 1.392092257001647582e+01 1.666666666666666430e+01 1.944444444444444642e+01 6.000000000000000000e+00
2.000000000000000000e+01 1.272652388797363976e+01 1.388888888888888928e+01 2.500000000000000000e+01 5.000000000000000000e+00
2.100000000000000000e+01 1.338550247116968528e+01 2.222222222222222143e+01 3.888888888888889284e+01 8.000000000000000000e+00
2.200000000000000000e+01 1.383855024711696835e+01 5.555555555555555358e+00 2.222222222222222143e+01 2.000000000000000000e+00
2.300000000000000000e+01 1.404448105436573435e+01 5.555555555555555358e+00 3.055555555555555358e+01 2.000000000000000000e+00
2.400000000000000000e+01 1.338550247116968528e+01 2.777777777777777679e+00 2.777777777777777857e+01 1.000000000000000000e+00
2.500000000000000000e+01 1.396210873146622689e+01 5.555555555555555358e+00 4.166666666666667140e+01 2.000000000000000000e+00
2.600000000000000000e+01 1.408566721581548720e+01 5.555555555555555358e+00 1.944444444444444642e+01 2.000000000000000000e+00
2.700000000000000000e+01 1.338550247116968528e+01 5.555555555555555358e+00 1.944444444444444642e+01 2.000000000000000000e+00
2.800000000000000000e+01 1.437397034596375711e+01 5.555555555555555358e+00 1.666666666666666430e+01 2.000000000000000000e+00
2.900000000000000000e+01 1.416803953871499111e+01 5.555555555555555358e+00 1.666666666666666430e+01 2.000000000000000000e+00
3.000000000000000000e+01 1.400329489291597973e+01 1.111111111111111072e+01 2.222222222222222143e+01 4.000000000000000000e+00
3.100000000000000000e+01 1.355024711696869666e+01 1.388888888888888928e+01 1.944444444444444642e+01 5.000000000000000000e+00
3.200000000000000000e+01 1.338550247116968528e+01 2.500000000000000000e+01 3.333333333333332860e+01 9.000000000000000000e+00
3.300000000000000000e+01 1.301482701812190967e+01 1.666666666666666430e+01 2.500000000000000000e+01 6.000000000000000000e+00
3.400000000000000000e+01 1.268533772652388691e+01 3.333333333333332860e+01 2.222222222222222143e+01 1.200000000000000000e+01
3.500000000000000000e+01 1.297364085667215861e+01 2.777777777777777857e+01 3.611111111111110716e+01 1.000000000000000000e+01
3.600000000000000000e+01 1.457990115321252134e+01 3.333333333333332860e+01 1.944444444444444642e+01 1.200000000000000000e+01
3.700000000000000000e+01 1.457990115321252134e+01 3.333333333333332860e+01 3.611111111111110716e+01 1.200000000000000000e+01
3.800000000000000000e+01 1.396210873146622689e+01 3.888888888888889284e+01 1.388888888888888928e+01 1.400000000000000000e+01
3.900000000000000000e+01 1.519769357495881579e+01 2.500000000000000000e+01 1.944444444444444642e+01 9.000000000000000000e+00
4.000000000000000000e+01 1.367380560131795697e+01 3.333333333333332860e+01 1.388888888888888928e+01 1.200000000000000000e+01
4.100000000000000000e+01 1.375617792421746444e+01 2.777777777777777857e+01 5.555555555555555358e+00 1.000000000000000000e+01
4.200000000000000000e+01 1.305601317957166252e+01 3.333333333333332860e+01 8.333333333333332149e+00 1.200000000000000000e+01
4.300000000000000000e+01 1.363261943986820413e+01 3.611111111111110716e+01 2.777777777777777679e+00 1.300000000000000000e+01
4.400000000000000000e+01 1.367380560131795697e+01 3.333333333333332860e+01 1.111111111111111072e+01 1.200000000000000000e+01
4.500000000000000000e+01 1.301482701812190967e+01 3.055555555555555358e+01 1.666666666666666430e+01 1.100000000000000000e+01
4.600000000000000000e+01 1.285008237232289829e+01 3.888888888888889284e+01 2.222222222222222143e+01 1.400000000000000000e+01
4.700000000000000000e+01 1.256177924217462838e+01 3.611111111111110716e+01 1.944444444444444642e+01 1.300000000000000000e+01
4.800000000000000000e+01 1.173805601317957148e+01 4.444444444444444287e+01 1.944444444444444642e+01 1.600000000000000000e+01
4.900000000000000000e+01 1.120263591433278449e+01 3.611111111111110716e+01 3.333333333333332860e+01 1.300000000000000000e+01
5.000000000000000000e+01 1.116144975288303165e+01 3.333333333333332860e+01 2.222222222222222143e+01 1.200000000000000000e+01
5.100000000000000000e+01 1.210873146622734708e+01 3.055555555555555358e+01 1.666666666666666430e+01 1.100000000000000000e+01
5.200000000000000000e+01 1.206754530477759602e+01 3.888888888888889284e+01 1.111111111111111072e+01 1.400000000000000000e+01
5.300000000000000000e+01 1.149093904448105441e+01 3.055555555555555358e+01 1.388888888888888928e+01 1.100000000000000000e+01
5.400000000000000000e+01 1.112026359143327880e+01 4.166666666666667140e+01 1.388888888888888928e+01 1.500000000000000000e+01
5.500000000000000000e+01 1.042009884678747866e+01 2.222222222222222143e+01 1.111111111111111072e+01 8.000000000000000000e+00
5.600000000000000000e+01 1.116144975288303165e+01 1.944444444444444642e+01 2.777777777777777679e+00 7.000000000000000000e+00
5.700000000000000000e+01 8.937397034596376244e+00 1.666666666666666430e+01 0.000000000000000000e+00 6.000000000000000000e+00
5.800000000000000000e+01 8.731466227347612019e+00 1.666666666666666430e+01 0.000000000000000000e+00 6.000000000000000000e+00
5.900000000000000000e+01 7.495881383855024005e+00 2.222222222222222143e+01 0.000000000000000000e+00 8.000000000000000000e+00
6.000000000000000000e+01 7.331136738056012625e+00 2.500000000000000000e+01 0.000000000000000000e+00 9.000000000000000000e+00
6.100000000000000000e+01 7.166392092257001245e+00 1.666666666666666430e+01 0.000000000000000000e+00 6.000000000000000000e+00
6.200000000000000000e+01 7.331136738056012625e+00 1.111111111111111072e+01 0.000000000000000000e+00 4.000000000000000000e+00
6.300000000000000000e+01 7.372322899505766358e+00 1.944444444444444642e+01 0.000000000000000000e+00 7.000000000000000000e+00
6.400000000000000000e+01 7.537067545304777738e+00 2.500000000000000000e+01 0.000000000000000000e+00 9.000000000000000000e+00
6.500000000000000000e+01 6.878088962108732218e+00 3.055555555555555358e+01 0.000000000000000000e+00 1.100000000000000000e+01
6.600000000000000000e+01 7.578253706754529695e+00 1.666666666666666430e+01 0.000000000000000000e+00 6.000000000000000000e+00
6.700000000000000000e+01 7.784184514003294808e+00 1.944444444444444642e+01 0.000000000000000000e+00 7.000000000000000000e+00
6.800000000000000000e+01 7.495881383855024005e+00 3.055555555555555358e+01 0.000000000000000000e+00 1.100000000000000000e+01
6.900000000000000000e+01 7.866556836902800498e+00 2.777777777777777857e+01 0.000000000000000000e+00 1.000000000000000000e+01
7.000000000000000000e+01 7.619439868204283428e+00 1.944444444444444642e+01 0.000000000000000000e+00 7.000000000000000000e+00
7.100000000000000000e+01 7.948929159802306188e+00 2.777777777777777857e+01 0.000000000000000000e+00 1.000000000000000000e+01
7.200000000000000000e+01 8.196046128500823258e+00 2.777777777777777857e+01 0.000000000000000000e+00 1.000000000000000000e+01
7.300000000000000000e+01 8.237232289950576103e+00 3.055555555555555358e+01 0.000000000000000000e+00 1.100000000000000000e+01
7.400000000000000000e+01 8.319604612850081793e+00 3.333333333333332860e+01 0.000000000000000000e+00 1.200000000000000000e+01
7.500000000000000000e+01 7.742998352553541075e+00 3.611111111111110716e+01 0.000000000000000000e+00 1.300000000000000000e+01
7.600000000000000000e+01 8.525535420098846018e+00 1.666666666666666430e+01 0.000000000000000000e+00 6.000000000000000000e+00
7.700000000000000000e+01 8.401976935749589259e+00 2.500000000000000000e+01 0.000000000000000000e+00 9.000000000000000000e+00
7.800000000000000000e+01 7.742998352553541075e+00 2.777777777777777857e+01 0.000000000000000000e+00 1.000000000000000000e+01
7.900000000000000000e+01 8.031301482701811878e+00 2.500000000000000000e+01 0.000000000000000000e+00 9.000000000000000000e+00
8.000000000000000000e+01 8.154859967051070413e+00 3.888888888888889284e+01 0.000000000000000000e+00 1.400000000000000000e+01
8.100000000000000000e+01 8.113673805601317568e+00 2.777777777777777857e+01 0.000000000000000000e+00 1.000000000000000000e+01
8.200000000000000000e+01 7.866556836902800498e+00 2.222222222222222143e+01 0.000000000000000000e+00 8.000000000000000000e+00
8.300000000000000000e+01 8.896210873146623399e+00 2.500000000000000000e+01 0.000000000000000000e+00 9.000000000000000000e+00
8.400000000000000000e+01 8.978583196046129089e+00 2.222222222222222143e+01 0.000000000000000000e+00 8.000000000000000000e+00
8.500000000000000000e+01 8.896210873146623399e+00 2.777777777777777857e+01 0.000000000000000000e+00 1.000000000000000000e+01
8.600000000000000000e+01 9.225700164744646159e+00 3.055555555555555358e+01 0.000000000000000000e+00 1.100000000000000000e+01
8.700000000000000000e+01 8.772652388797364864e+00 3.055555555555555358e+01 0.000000000000000000e+00 1.100000000000000000e+01
8.800000000000000000e+01 8.937397034596376244e+00 2.500000000000000000e+01 0.000000000000000000e+00 9.000000000000000000e+00
8.900000000000000000e+01 8.690280065897857398e+00 3.888888888888889284e+01 0.000000000000000000e+00 1.400000000000000000e+01
9.000000000000000000e+01 9.308072487644151849e+00 3.888888888888889284e+01 0.000000000000000000e+00 1.400000000000000000e+01
9.100000000000000000e+01 8.525535420098846018e+00 3.888888888888889284e+01 0.000000000000000000e+00 1.400000000000000000e+01
9.200000000000000000e+01 7.825370675453047653e+00 5.000000000000000000e+01 0.000000000000000000e+00 1.800000000000000000e+01
9.300000000000000000e+01 8.072487644151564723e+00 4.444444444444444287e+01 0.000000000000000000e+00 1.600000000000000000e+01
9.400000000000000000e+01 8.525535420098846018e+00 4.722222222222222854e+01 0.000000000000000000e+00 1.700000000000000000e+01
9.500000000000000000e+01 8.896210873146623399e+00 4.166666666666667140e+01 0.000000000000000000e+00 1.500000000000000000e+01
9.600000000000000000e+01 9.184514003294893314e+00 5.277777777777777857e+01 0.000000000000000000e+00 1.900000000000000000e+01
9.700000000000000000e+01 9.802306425041185989e+00 3.888888888888889284e+01 0.000000000000000000e+00 1.400000000000000000e+01
9.800000000000000000e+01 9.266886326194399004e+00 3.611111111111110716e+01 0.000000000000000000e+00 1.300000000000000000e+01
9.900000000000000000e+01 1.066721581548599573e+01 3.611111111111110716e+01 0.000000000000000000e+00 1.300000000000000000e+01
1.000000000000000000e+02 8.649093904448106329e+00 2.777777777777777857e+01 0.000000000000000000e+00 1.000000000000000000e+01
1.010000000000000000e+02 9.761120263591433144e+00 3.055555555555555358e+01 0.000000000000000000e+00 1.100000000000000000e+01
1.020000000000000000e+02 9.266886326194399004e+00 3.888888888888889284e+01 0.000000000000000000e+00 1.400000000000000000e+01
1.030000000000000000e+02 8.649093904448106329e+00 3.055555555555555358e+01 0.000000000000000000e+00 1.100000000000000000e+01
1.040000000000000000e+02 8.855024711696870554e+00 3.055555555555555358e+01 0.000000000000000000e+00 1.100000000000000000e+01
1.050000000000000000e+02 9.802306425041185989e+00 2.500000000000000000e+01 0.000000000000000000e+00 9.000000000000000000e+00
1.060000000000000000e+02 9.555189456342668919e+00 1.388888888888888928e+01 0.000000000000000000e+00 5.000000000000000000e+00
1.070000000000000000e+02 1.033772652388797297e+01 1.944444444444444642e+01 0.000000000000000000e+00 7.000000000000000000e+00
1.080000000000000000e+02 1.066721581548599573e+01 1.944444444444444642e+01 0.000000000000000000e+00 7.000000000000000000e+00
1.090000000000000000e+02 1.083196046128500711e+01 3.055555555555555358e+01 0.000000000000000000e+00 1.100000000000000000e+01
1.100000000000000000e+02 1.046128500823723328e+01 3.611111111111110716e+01 0.000000000000000000e+00 1.300000000000000000e+01
1.110000000000000000e+02 1.070840197693575035e+01 4.444444444444444287e+01 0.000000000000000000e+00 1.600000000000000000e+01
1.120000000000000000e+02 1.037891268533772759e+01 3.888888888888889284e+01 0.000000000000000000e+00 1.400000000000000000e+01
1.130000000000000000e+02 1.206754530477759602e+01 4.444444444444444287e+01 0.000000000000000000e+00 1.600000000000000000e+01
1.140000000000000000e+02 1.161449752883031294e+01 2.500000000000000000e+01 0.000000000000000000e+00 9.000000000000000000e+00
1.150000000000000000e+02 1.252059308072487553e+01 1.666666666666666430e+01 0.000000000000000000e+00 6.000000000000000000e+00
1.160000000000000000e+02 1.161449752883031294e+01 1.388888888888888928e+01 0.000000000000000000e+00 5.000000000000000000e+00
1.170000000000000000e+02 1.198517298187809033e+01 2.222222222222222143e+01 0.000000000000000000e+00 8.000000000000000000e+00
1.180000000000000000e+02 1.112026359143327880e+01 2.500000000000000000e+01 0.000000000000000000e+00 9.000000000000000000e+00
1.190000000000000000e+02 1.173805601317957148e+01 2.777777777777777857e+01 0.000000000000000000e+00 1.000000000000000000e+01
1.200000000000000000e+02 9.802306425041185989e+00 3.055555555555555358e+01 0.000000000000000000e+00 1.100000000000000000e+01
1.210000000000000000e+02 1.112026359143327880e+01 2.777777777777777857e+01 0.000000000000000000e+00 1.000000000000000000e+01
1.220000000000000000e+02 9.390444810543657539e+00 4.722222222222222854e+01 0.000000000000000000e+00 1.700000000000000000e+01
1.230000000000000000e+02 1.050247116968698435e+01 2.222222222222222143e+01 0.000000000000000000e+00 8.000000000000000000e+00
1.240000000000000000e+02 1.004942339373970306e+01 2.222222222222222143e+01 0.000000000000000000e+00 8.000000000000000000e+00
1.250000000000000000e+02 1.054365733113673897e+01 8.333333333333332149e+00 0.000000000000000000e+00 3.000000000000000000e+00
1.260000000000000000e+02 1.066721581548599573e+01 8.333333333333332149e+00 0.000000000000000000e+00 3.000000000000000000e+00
1.270000000000000000e+02 1.116144975288303165e+01 1.111111111111111072e+01 0.000000000000000000e+00 4.000000000000000000e+00
1.280000000000000000e+02 1.083196046128500711e+01 1.666666666666666430e+01 0.000000000000000000e+00 6.000000000000000000e+00
1.290000000000000000e+02 1.116144975288303165e+01 2.222222222222222143e+01 0.000000000000000000e+00 8.000000000000000000e+00
1.300000000000000000e+02 1.227347611202635846e+01 2.222222222222222143e+01 0.000000000000000000e+00 8.000000000000000000e+00
1.310000000000000000e+02 1.116144975288303165e+01 2.222222222222222143e+01 0.000000000000000000e+00 8.000000000000000000e+00
1.320000000000000000e+02 1.210873146622734708e+01 2.222222222222222143e+01 0.000000000000000000e+00 8.000000000000000000e+00
1.330000000000000000e+02 1.157331136738056010e+01 3.333333333333332860e+01 0.000000000000000000e+00 1.200000000000000000e+01
1.340000000000000000e+02 1.116144975288303165e+01 2.500000000000000000e+01 0.000000000000000000e+00 9.000000000000000000e+00
1.350000000000000000e+02 1.153212520593080725e+01 3.055555555555555358e+01 0.000000000000000000e+00 1.100000000000000000e+01
1.360000000000000000e+02 1.132619439868204303e+01 1.666666666666666430e+01 0.000000000000000000e+00 6.000000000000000000e+00
1.370000000000000000e+02 1.177924217462932432e+01 2.500000000000000000e+01 0.000000000000000000e+00 9.000000000000000000e+00
1.380000000000000000e+02 1.112026359143327880e+01 2.222222222222222143e+01 0.000000000000000000e+00 8.000000000000000000e+00
1.390000000000000000e+02 1.132619439868204303e+01 1.666666666666666430e+01 0.000000000000000000e+00 6.000000000000000000e+00
1.400000000000000000e+02 1.173805601317957148e+01 1.666666666666666430e+01 0.000000000000000000e+00 6.000000000000000000e+00
1.410000000000000000e+02 1.042009884678747866e+01 1.388888888888888928e+01 0.000000000000000000e+00 5.000000000000000000e+00
1.420000000000000000e+02 1.103789126853377311e+01 2.222222222222222143e+01 0.000000000000000000e+00 8.000000000000000000e+00
1.430000000000000000e+02 1.177924217462932432e+01 1.666666666666666430e+01 0.000000000000000000e+00 6.000000000000000000e+00
1.440000000000000000e+02 1.169686985172981863e+01 3.055555555555555358e+01 0.000000000000000000e+00 1.100000000000000000e+01
1.450000000000000000e+02 1.149093904448105441e+01 2.777777777777777857e+01 0.000000000000000000e+00 1.000000000000000000e+01
1.460000000000000000e+02 1.252059308072487553e+01 3.055555555555555358e+01 0.000000000000000000e+00 1.100000000000000000e+01
1.470000000000000000e+02 1.165568369028006579e+01 1.944444444444444642e+01 0.000000000000000000e+00 7.000000000000000000e+00
1.480000000000000000e+02 1.227347611202635846e+01 1.944444444444444642e+01 0.000000000000000000e+00 7.000000000000000000e+00
1.490000000000000000e+02 1.338550247116968528e+01 1.111111111111111072e+01 0.000000000000000000e+00 4.000000000000000000e+00
1.500000000000000000e+02 1.322075782537067390e+01 1.388888888888888928e+01 0.000000000000000000e+00 5.000000000000000000e+00
1.510000000000000000e+02 1.326194398682042852e+01 1.944444444444444642e+01 2.777777777777777679e+00 7.000000000000000000e+00
1.520000000000000000e+02 1.408566721581548720e+01 1.111111111111111072e+01 0.000000000000000000e+00 4.000000000000000000e+00
1.530000000000000000e+02 1.602141680395387269e+01 1.388888888888888928e+01 0.000000000000000000e+00 5.000000000000000000e+00
1.540000000000000000e+02 1.630971993410214083e+01 2.222222222222222143e+01 0.000000000000000000e+00 8.000000000000000000e+00
1.550000000000000000e+02 1.593904448105436522e+01 2.500000000000000000e+01 0.000000000000000000e+00 9.000000000000000000e+00
1.560000000000000000e+02 1.515650741350905939e+01 1.388888888888888928e+01 2.777777777777777679e+00 5.000000000000000000e+00
1.570000000000000000e+02 1.643327841845140114e+01 8.333333333333332149e+00 2.777777777777777679e+00 3.000000000000000000e+00
1.580000000000000000e+02 1.540362438220757824e+01 8.333333333333332149e+00 0.000000000000000000e+00 3.000000000000000000e+00
1.590000000000000000e+02 1.449752883031301387e+01 5.555555555555555358e+00 0.000000000000000000e+00 2.000000000000000000e+00
1.600000000000000000e+02 1.511532125205930832e+01 8.333333333333332149e+00 0.000000000000000000e+00 3.000000000000000000e+00
1.610000000000000000e+02 1.408566721581548720e+01 1.111111111111111072e+01 0.000000000000000000e+00 4.000000000000000000e+00
1.620000000000000000e+02 1.499176276771004801e+01 1.388888888888888928e+01 0.000000000000000000e+00 5.000000000000000000e+00
1.630000000000000000e+02 1.511532125205930832e+01 1.666666666666666430e+01 0.000000000000000000e+00 6.000000000000000000e+00
1.640000000000000000e+02 1.540362438220757824e+01 2.222222222222222143e+01 0.000000000000000000e+00 8.000000000000000000e+00
1.650000000000000000e+02 1.359143327841845306e+01 3.333333333333332860e+01 2.777777777777777679e+00 1.200000000000000000e+01
1.660000000000000000e+02 1.429159802306424965e+01 3.055555555555555358e+01 0.000000000000000000e+00 1.100000000000000000e+01
1.670000000000000000e+02 1.289126853377265114e+01 3.888888888888889284e+01 0.000000000000000000e+00 1.400000000000000000e+01
1.680000000000000000e+02 1.280889621087314723e+01 4.166666666666667140e+01 0.000000000000000000e+00 1.500000000000000000e+01
1.690000000000000000e+02 1.235584843492586415e+01 4.722222222222222854e+01 0.000000000000000000e+00 1.700000000000000000e+01
1.700000000000000000e+02 1.346787479406919275e+01 2.777777777777777857e+01 0.000000000000000000e+00 1.000000000000000000e+01
1.710000000000000000e+02 1.235584843492586415e+01 3.888888888888889284e+01 0.000000000000000000e+00 1.400000000000000000e+01
1.720000000000000000e+02 1.330313014827018137e+01 1.944444444444444642e+01 0.000000000000000000e+00 7.000000000000000000e+00
1.730000000000000000e+02 1.322075782537067390e+01 3.055555555555555358e+01 0.000000000000000000e+00 1.100000000000000000e+01
1.740000000000000000e+02 1.309719934102141714e+01 1.666666666666666430e+01 0.000000000000000000e+00 6.000000000000000000e+00
1.750000000000000000e+02 1.301482701812190967e+01 1.388888888888888928e+01 0.000000000000000000e+00 5.000000000000000000e+00
1.760000000000000000e+02 1.268533772652388691e+01 2.222222222222222143e+01 0.000000000000000000e+00 8.000000000000000000e+00
1.770000000000000000e+02 1.177924217462932432e+01 2.222222222222222143e+01 0.000000000000000000e+00 8.000000000000000000e+00
1.780000000000000000e+02 1.214991762767710171e+01 1.944444444444444642e+01 0.000000000000000000e+00 7.000000000000000000e+00
1.790000000000000000e+02 1.099670510708401849e+01 3.055555555555555358e+01 0.000000000000000000e+00 1.100000000000000000e+01
1.800000000000000000e+02 1.140856672158154872e+01 4.444444444444444287e+01 0.000000000000000000e+00 1.600000000000000000e+01
1.810000000000000000e+02 1.247940691927512447e+01 3.888888888888889284e+01 0.000000000000000000e+00 1.400000000000000000e+01
1.820000000000000000e+02 1.112026359143327880e+01 4.444444444444444287e+01 0.000000000000000000e+00 1.600000000000000000e+01
1.830000000000000000e+02 1.182042833607907717e+01 3.055555555555555358e+01 0.000000000000000000e+00 1.100000000000000000e+01
1.840000000000000000e+02 1.157331136738056010e+01 2.777777777777777857e+01 0.000000000000000000e+00 1.000000000000000000e+01
1.850000000000000000e+02 1.276771004942339438e+01 2.777777777777777857e+01 0.000000000000000000e+00 1.000000000000000000e+01
1.860000000000000000e+02 1.202635914332784139e+01 3.611111111111110716e+01 0.000000000000000000e+00 1.300000000000000000e+01
1.870000000000000000e+02 1.202635914332784139e+01 2.500000000000000000e+01 0.000000000000000000e+00 9.000000000000000000e+00
1.880000000000000000e+02 1.173805601317957148e+01 2.500000000000000000e+01 0.000000000000000000e+00 9.000000000000000000e+00
1.890000000000000000e+02 1.219110378912685277e+01 3.333333333333332860e+01 0.000000000000000000e+00 1.200000000000000000e+01
1.900000000000000000e+02 1.132619439868204303e+01 3.333333333333332860e+01 0.000000000000000000e+00 1.200000000000000000e+01
1.910000000000000000e+02 1.157331136738056010e+01 4.166666666666667140e+01 0.000000000000000000e+00 1.500000000000000000e+01
1.920000000000000000e+02 1.029654036243822013e+01 4.166666666666667140e+01 0.000000000000000000e+00 1.500000000000000000e+01
1.930000000000000000e+02 1.087314662273476173e+01 2.500000000000000000e+01 0.000000000000000000e+00 9.000000000000000000e+00
1.940000000000000000e+02 1.054365733113673897e+01 2.777777777777777857e+01 0.000000000000000000e+00 1.000000000000000000e+01
1.950000000000000000e+02 1.083196046128500711e+01 3.055555555555555358e+01 0.000000000000000000e+00 1.100000000000000000e+01
1.960000000000000000e+02 1.165568369028006579e+01 3.055555555555555358e+01 0.000000000000000000e+00 1.100000000000000000e+01
1.970000000000000000e+02 1.132619439868204303e+01 2.500000000000000000e+01 0.000000000000000000e+00 9.000000000000000000e+00
1.980000000000000000e+02 1.194398682042833570e+01 2.222222222222222143e+01 0.000000000000000000e+00 8.000000000000000000e+00
1.990000000000000000e+02 1.182042833607907717e+01 1.944444444444444642e+01 0.000000000000000000e+00 7.000000000000000000e+00
2.000000000000000000e+02 1.235584843492586415e+01 3.055555555555555358e+01 0.000000000000000000e+00 1.100000000000000000e+01
2.010000000000000000e+02 1.301482701812190967e+01 1.111111111111111072e+01 0.000000000000000000e+00 4.000000000000000000e+00
2.020000000000000000e+02 1.330313014827018137e+01 1.111111111111111072e+01 0.000000000000000000e+00 4.000000000000000000e+00
2.030000000000000000e+02 1.383855024711696835e+01 1.666666666666666430e+01 0.000000000000000000e+00 6.000000000000000000e+00
2.040000000000000000e+02 1.338550247116968528e+01 2.222222222222222143e+01 0.000000000000000000e+00 8.000000000000000000e+00
2.050000000000000000e+02 1.313838550247116999e+01 1.388888888888888928e+01 0.000000000000000000e+00 5.000000000000000000e+00
2.060000000000000000e+02 1.359143327841845306e+01 2.222222222222222143e+01 0.000000000000000000e+00 8.000000000000000000e+00
2.070000000000000000e+02 1.322075782537067390e+01 3.055555555555555358e+01 2.777777777777777679e+00 1.100000000000000000e+01
2.080000000000000000e+02 1.173805601317957148e+01 5.277777777777777857e+01 2.777777777777777679e+00 1.900000000000000000e+01
2.090000000000000000e+02 1.285008237232289829e+01 3.333333333333332860e+01 0.000000000000000000e+00 1.200000000000000000e+01
2.100000000000000000e+02 1.124382207578253734e+01 4.444444444444444287e+01 0.000000000000000000e+00 1.600000000000000000e+01
2.110000000000000000e+02 1.099670510708401849e+01 3.888888888888889284e+01 0.000000000000000000e+00 1.400000000000000000e+01
2.120000000000000000e+02 1.173805601317957148e+01 5.833333333333333570e+01 0.000000000000000000e+00 2.100000000000000000e+01
2.130000000000000000e+02 1.235584843492586415e+01 2.777777777777777857e+01 0.000000000000000000e+00 1.000000000000000000e+01
2.140000000000000000e+02 1.247940691927512447e+01 3.055555555555555358e+01 0.000000000000000000e+00 1.100000000000000000e+01
2.150000000000000000e+02 1.194398682042833570e+01 4.166666666666667140e+01 0.000000000000000000e+00 1.500000000000000000e+01
2.160000000000000000e+02 1.252059308072487553e+01 1.666666666666666430e+01 5.555555555555555358e+00 6.000000000000000000e+00
2.170000000000000000e+02 1.190280065897858286e+01 2.222222222222222143e+01 5.555555555555555358e+00 8.000000000000000000e+00
2.180000000000000000e+02 1.136738056013179587e+01 2.222222222222222143e+01 2.777777777777777679e+00 8.000000000000000000e+00
2.190000000000000000e+02 1.128500823723229018e+01 2.777777777777777857e+01 2.777777777777777679e+00 1.000000000000000000e+01
2.200000000000000000e+02 9.967051070840197369e+00 1.944444444444444642e+01 2.777777777777777679e+00 7.000000000000000000e+00
2.210000000000000000e+02 1.013179571663920875e+01 2.500000000000000000e+01 2.777777777777777679e+00 9.000000000000000000e+00
2.220000000000000000e+02 1.033772652388797297e+01 2.500000000000000000e+01 5.555555555555555358e+00 9.000000000000000000e+00
2.230000000000000000e+02 1.004942339373970306e+01 1.944444444444444642e+01 8.333333333333332149e+00 7.000000000000000000e+00
2.240000000000000000e+02 1.029654036243822013e+01 2.222222222222222143e+01 8.333333333333332149e+00 8.000000000000000000e+00
2.250000000000000000e+02 1.120263591433278449e+01 1.666666666666666430e+01 1.111111111111111072e+01 6.000000000000000000e+00
2.260000000000000000e+02 1.099670510708401849e+01 1.388888888888888928e+01 8.333333333333332149e+00 5.000000000000000000e+00
2.270000000000000000e+02 1.083196046128500711e+01 2.222222222222222143e+01 1.666666666666666430e+01 8.000000000000000000e+00
2.280000000000000000e+02 1.165568369028006579e+01 1.388888888888888928e+01 1.111111111111111072e+01 5.000000000000000000e+00
2.290000000000000000e+02 1.112026359143327880e+01 2.222222222222222143e+01 1.666666666666666430e+01 8.000000000000000000e+00
2.300000000000000000e+02 1.099670510708401849e+01 1.666666666666666430e+01 1.388888888888888928e+01 6.000000000000000000e+00
2.310000000000000000e+02 1.149093904448105441e+01 1.944444444444444642e+01 1.388888888888888928e+01 7.000000000000000000e+00
2.320000000000000000e+02 1.083196046128500711e+01 2.777777777777777857e+01 1.666666666666666430e+01 1.000000000000000000e+01
2.330000000000000000e+02 1.009060955518945590e+01 2.777777777777777857e+01 1.111111111111111072e+01 1.000000000000000000e+01
2.340000000000000000e+02 9.967051070840197369e+00 3.055555555555555358e+01 1.111111111111111072e+01 1.100000000000000000e+01
2.350000000000000000e+02 1.066721581548599573e+01 3.055555555555555358e+01 1.111111111111111072e+01 1.100000000000000000e+01
2.360000000000000000e+02 1.136738056013179587e+01 2.777777777777777857e+01 1.388888888888888928e+01 1.000000000000000000e+01
2.370000000000000000e+02 1.128500823723229018e+01 3.055555555555555358e+01 1.388888888888888928e+01 1.100000000000000000e+01
2.380000000000000000e+02 1.206754530477759602e+01 3.888888888888889284e+01 1.388888888888888928e+01 1.400000000000000000e+01
2.390000000000000000e+02 1.042009884678747866e+01 2.500000000000000000e+01 1.388888888888888928e+01 9.000000000000000000e+00
2.400000000000000000e+02 1.194398682042833570e+01 4.166666666666667140e+01 1.388888888888888928e+01 1.500000000000000000e+01
2.410000000000000000e+02 1.140856672158154872e+01 2.222222222222222143e+01 1.666666666666666430e+01 8.000000000000000000e+00
2.420000000000000000e+02 1.132619439868204303e+01 3.611111111111110716e+01 2.222222222222222143e+01 1.300000000000000000e+01
2.430000000000000000e+02 1.404448105436573435e+01 2.222222222222222143e+01 1.666666666666666430e+01 8.000000000000000000e+00
2.440000000000000000e+02 1.252059308072487553e+01 3.055555555555555358e+01 1.944444444444444642e+01 1.100000000000000000e+01
2.450000000000000000e+02 1.379736408566721551e+01 1.944444444444444642e+01 1.388888888888888928e+01 7.000000000000000000e+00
2.460000000000000000e+02 1.202635914332784139e+01 2.500000000000000000e+01 8.333333333333332149e+00 9.000000000000000000e+00
2.470000000000000000e+02 1.264415156507413585e+01 2.222222222222222143e+01 1.111111111111111072e+01 8.000000000000000000e+00
2.480000000000000000e+02 1.091433278418451280e+01 2.777777777777777857e+01 1.111111111111111072e+01 1.000000000000000000e+01
2.490000000000000000e+02 1.124382207578253734e+01 2.777777777777777857e+01 1.111111111111111072e+01 1.000000000000000000e+01
2.500000000000000000e+02 1.214991762767710171e+01 3.055555555555555358e+01 1.388888888888888928e+01 1.100000000000000000e+01
2.510000000000000000e+02 1.144975288303130156e+01 2.777777777777777857e+01 1.388888888888888928e+01 1.000000000000000000e+01
2.520000000000000000e+02 1.083196046128500711e+01 2.500000000000000000e+01 1.111111111111111072e+01 9.000000000000000000e+00
2.530000000000000000e+02 1.058484349258649004e+01 3.611111111111110716e+01 5.555555555555555358e+00 1.300000000000000000e+01
2.540000000000000000e+02 1.029654036243822013e+01 2.777777777777777857e+01 5.555555555555555358e+00 1.000000000000000000e+01
2.550000000000000000e+02 9.843492586490938834e+00 4.166666666666667140e+01 5.555555555555555358e+00 1.500000000000000000e+01
2.560000000000000000e+02 9.967051070840197369e+00 4.444444444444444287e+01 8.333333333333332149e+00 1.600000000000000000e+01
2.570000000000000000e+02 1.025535420098846728e+01 3.611111111111110716e+01 8.333333333333332149e+00 1.300000000000000000e+01
2.580000000000000000e+02 1.009060955518945590e+01 3.611111111111110716e+01 1.111111111111111072e+01 1.300000000000000000e+01
2.590000000000000000e+02 9.843492586490938834e+00 3.055555555555555358e+01 8.333333333333332149e+00 1.100000000000000000e+01
2.600000000000000000e+02 1.037891268533772759e+01 2.777777777777777857e+01 1.111111111111111072e+01 1.000000000000000000e+01
2.610000000000000000e+02 9.349258649093904694e+00 4.722222222222222854e+01 1.111111111111111072e+01 1.700000000000000000e+01
2.620000000000000000e+02 9.719934102141680299e+00 2.500000000000000000e+01 1.388888888888888928e+01 9.000000000000000000e+00
2.630000000000000000e+02 9.390444810543657539e+00 1.944444444444444642e+01 1.388888888888888928e+01 7.000000000000000000e+00
2.640000000000000000e+02 8.566721581548600639e+00 2.222222222222222143e+01 1.388888888888888928e+01 8.000000000000000000e+00
2.650000000000000000e+02 8.443163097199340328e+00 1.944444444444444642e+01 1.388888888888888928e+01 7.000000000000000000e+00
2.660000000000000000e+02 8.607907742998351708e+00 2.500000000000000000e+01 1.388888888888888928e+01 9.000000000000000000e+00
2.670000000000000000e+02 8.607907742998351708e+00 2.777777777777777857e+01 1.388888888888888928e+01 1.000000000000000000e+01
2.680000000000000000e+02 8.731466227347612019e+00 2.222222222222222143e+01 1.388888888888888928e+01 8.000000000000000000e+00
2.690000000000000000e+02 8.196046128500823258e+00 3.333333333333332860e+01 1.388888888888888928e+01 1.200000000000000000e+01
2.700000000000000000e+02 8.443163097199340328e+00 1.111111111111111072e+01 1.388888888888888928e+01 4.000000000000000000e+00
2.710000000000000000e+02 8.484349258649094949e+00 8.333333333333332149e+00 1.388888888888888928e+01 3.000000000000000000e+00
2.720000000000000000e+02 8.690280065897857398e+00 1.666666666666666430e+01 1.388888888888888928e+01 6.000000000000000000e+00
2.730000000000000000e+02 9.431630971993410384e+00 1.111111111111111072e+01 1.388888888888888928e+01 4.000000000000000000e+00
2.740000000000000000e+02 8.566721581548600639e+00 8.333333333333332149e+00 1.388888888888888928e+01 3.000000000000000000e+00
2.750000000000000000e+02 8.813838550247117709e+00 1.388888888888888928e+01 1.388888888888888928e+01 5.000000000000000000e+00
2.760000000000000000e+02 8.772652388797364864e+00 1.388888888888888928e+01 1.111111111111111072e+01 5.000000000000000000e+00
2.770000000000000000e+02 8.813838550247117709e+00 8.333333333333332149e+00 8.333333333333332149e+00 3.000000000000000000e+00
2.780000000000000000e+02 8.896210873146623399e+00 2.222222222222222143e+01 5.555555555555555358e+00 8.000000000000000000e+00
2.790000000000000000e+02 9.184514003294893314e+00 1.388888888888888928e+01 2.777777777777777679e+00 5.000000000000000000e+00
2.800000000000000000e+02 8.855024711696870554e+00 1.944444444444444642e+01 2.777777777777777679e+00 7.000000000000000000e+00
2.810000000000000000e+02 9.514003294892916074e+00 2.222222222222222143e+01 0.000000000000000000e+00 8.000000000000000000e+00
2.820000000000000000e+02 9.967051070840197369e+00 2.777777777777777857e+01 2.777777777777777679e+00 1.000000000000000000e+01
2.830000000000000000e+02 9.678747940691927454e+00 3.333333333333332860e+01 0.000000000000000000e+00 1.200000000000000000e+01
2.840000000000000000e+02 1.132619439868204303e+01 3.611111111111110716e+01 0.000000000000000000e+00 1.300000000000000000e+01
2.850000000000000000e+02 1.103789126853377311e+01 3.611111111111110716e+01 0.000000000000000000e+00 1.300000000000000000e+01
2.860000000000000000e+02 1.256177924217462838e+01 1.944444444444444642e+01 0.000000000000000000e+00 7.000000000000000000e+00
2.870000000000000000e+02 1.112026359143327880e+01 3.333333333333332860e+01 0.000000000000000000e+00 1.200000000000000000e+01
2.880000000000000000e+02 1.140856672158154872e+01 3.888888888888889284e+01 0.000000000000000000e+00 1.400000000000000000e+01
2.890000000000000000e+02 9.802306425041185989e+00 3.055555555555555358e+01 0.000000000000000000e+00 1.100000000000000000e+01
2.900000000000000000e+02 9.884678747940691679e+00 3.055555555555555358e+01 0.000000000000000000e+00 1.100000000000000000e+01
2.910000000000000000e+02 1.050247116968698435e+01 3.333333333333332860e+01 0.000000000000000000e+00 1.200000000000000000e+01
2.920000000000000000e+02 9.225700164744646159e+00 3.611111111111110716e+01 0.000000000000000000e+00 1.300000000000000000e+01
2.930000000000000000e+02 8.607907742998351708e+00 2.222222222222222143e+01 0.000000000000000000e+00 8.000000000000000000e+00
2.940000000000000000e+02 9.308072487644151849e+00 3.888888888888889284e+01 0.000000000000000000e+00 1.400000000000000000e+01
2.950000000000000000e+02 9.431630971993410384e+00 3.055555555555555358e+01 0.000000000000000000e+00 1.100000000000000000e+01
2.960000000000000000e+02 9.637561779242174609e+00 4.722222222222222854e+01 0.000000000000000000e+00 1.700000000000000000e+01
2.970000000000000000e+02 1.029654036243822013e+01 2.222222222222222143e+01 0.000000000000000000e+00 8.000000000000000000e+00
2.980000000000000000e+02 1.066721581548599573e+01 2.777777777777777857e+01 0.000000000000000000e+00 1.000000000000000000e+01
2.990000000000000000e+02 1.087314662273476173e+01 2.777777777777777857e+01 0.000000000000000000e+00 1.000000000000000000e+01
3.000000000000000000e+02 1.066721581548599573e+01 4.722222222222222854e+01 0.000000000000000000e+00 1.700000000000000000e+01
3.010000000000000000e+02 1.116144975288303165e+01 2.222222222222222143e+01 0.000000000000000000e+00 8.000000000000000000e+00
3.020000000000000000e+02 9.637561779242174609e+00 3.888888888888889284e+01 0.000000000000000000e+00 1.400000000000000000e+01
3.030000000000000000e+02 1.046128500823723328e+01 3.333333333333332860e+01 0.000000000000000000e+00 1.200000000000000000e+01
3.040000000000000000e+02 9.925864909390444524e+00 3.055555555555555358e+01 0.000000000000000000e+00 1.100000000000000000e+01
3.050000000000000000e+02 1.099670510708401849e+01 4.444444444444444287e+01 0.000000000000000000e+00 1.600000000000000000e+01
3.060000000000000000e+02 1.144975288303130156e+01 2.500000000000000000e+01 0.000000000000000000e+00 9.000000000000000000e+00
3.070000000000000000e+02 1.124382207578253734e+01 1.388888888888888928e+01 0.000000000000000000e+00 5.000000000000000000e+00
3.080000000000000000e+02 1.124382207578253734e+01 2.222222222222222143e+01 0.000000000000000000e+00 8.000000000000000000e+00
3.090000000000000000e+02 1.190280065897858286e+01 1.666666666666666430e+01 2.777777777777777679e+00 6.000000000000000000e+00
3.100000000000000000e+02 1.116144975288303165e+01 2.777777777777777857e+01 8.333333333333332149e+00 1.000000000000000000e+01
3.110000000000000000e+02 9.925864909390444524e+00 3.333333333333332860e+01 1.111111111111111072e+01 1.200000000000000000e+01
3.120000000000000000e+02 9.761120263591433144e+00 4.444444444444444287e+01 8.333333333333332149e+00 1.600000000000000000e+01
3.130000000000000000e+02 9.184514003294893314e+00 3.611111111111110716e+01 1.666666666666666430e+01 1.300000000000000000e+01
3.140000000000000000e+02 9.143327841845140469e+00 5.555555555555555713e+01 8.333333333333332149e+00 2.000000000000000000e+01
3.150000000000000000e+02 9.060955518945634779e+00 3.055555555555555358e+01 1.111111111111111072e+01 1.100000000000000000e+01
3.160000000000000000e+02 9.719934102141680299e+00 3.055555555555555358e+01 8.333333333333332149e+00 1.100000000000000000e+01
3.170000000000000000e+02 8.772652388797364864e+00 2.222222222222222143e+01 8.333333333333332149e+00 8.000000000000000000e+00
3.180000000000000000e+02 9.514003294892916074e+00 3.888888888888889284e+01 5.555555555555555358e+00 1.400000000000000000e+01
3.190000000000000000e+02 9.225700164744646159e+00 1.666666666666666430e+01 2.777777777777777679e+00 6.000000000000000000e+00
3.200000000000000000e+02 9.761120263591433144e+00 2.222222222222222143e+01 2.777777777777777679e+00 8.000000000000000000e+00
3.210000000000000000e+02 8.772652388797364864e+00 2.500000000000000000e+01 0.000000000000000000e+00 9.000000000000000000e+00
3.220000000000000000e+02 8.360790774299834638e+00 1.944444444444444642e+01 0.000000000000000000e+00 7.000000000000000000e+00
3.230000000000000000e+02 8.237232289950576103e+00 1.388888888888888928e+01 0.000000000000000000e+00 5.000000000000000000e+00
3.240000000000000000e+02 8.072487644151564723e+00 1.944444444444444642e+01 0.000000000000000000e+00 7.000000000000000000e+00
3.250000000000000000e+02 8.896210873146623399e+00 1.666666666666666430e+01 0.000000000000000000e+00 6.000000000000000000e+00
3.260000000000000000e+02 8.072487644151564723e+00 1.944444444444444642e+01 0.000000000000000000e+00 7.000000000000000000e+00
3.270000000000000000e+02 9.060955518945634779e+00 1.944444444444444642e+01 0.000000000000000000e+00 7.000000000000000000e+00
3.280000000000000000e+02 9.060955518945634779e+00 1.666666666666666430e+01 0.000000000000000000e+00 6.000000000000000000e+00
3.290000000000000000e+02 9.637561779242174609e+00 2.500000000000000000e+01 0.000000000000000000e+00 9.000000000000000000e+00
3.300000000000000000e+02 9.596375617792421764e+00 1.111111111111111072e+01 0.000000000000000000e+00 4.000000000000000000e+00
3.310000000000000000e+02 9.472817133443163229e+00 1.388888888888888928e+01 0.000000000000000000e+00 5.000000000000000000e+00
3.320000000000000000e+02 9.719934102141680299e+00 2.500000000000000000e+01 0.000000000000000000e+00 9.000000000000000000e+00
3.330000000000000000e+02 9.843492586490938834e+00 1.944444444444444642e+01 0.000000000000000000e+00 7.000000000000000000e+00
3.340000000000000000e+02 1.042009884678747866e+01 2.777777777777777857e+01 0.000000000000000000e+00 1.000000000000000000e+01
3.350000000000000000e+02 9.719934102141680299e+00 3.055555555555555358e+01 0.000000000000000000e+00 1.100000000000000000e+01
3.360000000000000000e+02 9.596375617792421764e+00 1.944444444444444642e+01 0.000000000000000000e+00 7.000000000000000000e+00
3.370000000000000000e+02 9.555189456342668919e+00 1.666666666666666430e+01 0.000000000000000000e+00 6.000000000000000000e+00
3.380000000000000000e+02 1.009060955518945590e+01 5.555555555555555358e+00 0.000000000000000000e+00 2.000000000000000000e+00
3.390000000000000000e+02 1.037891268533772759e+01 5.555555555555555358e+00 0.000000000000000000e+00 2.000000000000000000e+00
3.400000000000000000e+02 1.157331136738056010e+01 2.777777777777777679e+00 0.000000000000000000e+00 1.000000000000000000e+00
3.410000000000000000e+02 1.095551894563426742e+01 2.777777777777777679e+00 0.000000000000000000e+00 1.000000000000000000e+00
3.420000000000000000e+02 1.083196046128500711e+01 0.000000000000000000e+00 0.000000000000000000e+00 -6.000000000000000000e+03
