# step, world, group,control
0.000000000000000000e+00 2.648270181219110597e+01 1.666666666666666430e+01 8.333333333333332149e+00 6.000000000000000000e+00
1.000000000000000000e+00 2.442339373970345662e+01 1.111111111111111072e+01 8.333333333333332149e+00 4.000000000000000000e+00
2.000000000000000000e+00 2.359967051070839972e+01 2.222222222222222143e+01 1.944444444444444642e+01 8.000000000000000000e+00
3.000000000000000000e+00 2.186985172981878023e+01 1.388888888888888928e+01 1.388888888888888928e+01 5.000000000000000000e+00
4.000000000000000000e+00 2.092257001647446657e+01 1.666666666666666430e+01 1.111111111111111072e+01 6.000000000000000000e+00
5.000000000000000000e+00 1.997528830313014936e+01 2.777777777777777857e+01 1.111111111111111072e+01 1.000000000000000000e+01
6.000000000000000000e+00 1.981054365733113798e+01 1.666666666666666430e+01 8.333333333333332149e+00 6.000000000000000000e+00
7.000000000000000000e+00 2.055189456342668919e+01 1.111111111111111072e+01 1.111111111111111072e+01 4.000000000000000000e+00
8.000000000000000000e+00 1.931630971993410384e+01 1.666666666666666430e+01 1.666666666666666430e+01 6.000000000000000000e+00
9.000000000000000000e+00 1.845140032948929232e+01 1.944444444444444642e+01 2.222222222222222143e+01 7.000000000000000000e+00
1.000000000000000000e+01 1.886326194398682077e+01 1.944444444444444642e+01 1.388888888888888928e+01 7.000000000000000000e+00
1.100000000000000000e+01 1.783360790774299787e+01 1.388888888888888928e+01 8.333333333333332149e+00 5.000000000000000000e+00
1.200000000000000000e+01 1.915156507413509246e+01 1.111111111111111072e+01 1.944444444444444642e+01 4.000000000000000000e+00
1.300000000000000000e+01 1.832784184514003201e+01 1.388888888888888928e+01 2.777777777777777679e+00 5.000000000000000000e+00
1.400000000000000000e+01 1.832784184514003201e+01 1.111111111111111072e+01 0.000000000000000000e+00 4.000000000000000000e+00
1.500000000000000000e+01 1.857495881383854908e+01 1.666666666666666430e+01 0.000000000000000000e+00 6.000000000000000000e+00
1.600000000000000000e+01 1.812191103789126956e+01 2.500000000000000000e+01 0.000000000000000000e+00 9.000000000000000000e+00
1.700000000000000000e+01 1.894563426688632646e+01 2.222222222222222143e+01 0.000000000000000000e+00 8.000000000000000000e+00
1.800000000000000000e+01 1.886326194398682077e+01 3.055555555555555358e+01 0.000000000000000000e+00 1.100000000000000000e+01
1.900000000000000000e+01 1.766886326194398649e+01 2.222222222222222143e+01 0.000000000000000000e+00 8.000000000000000000e+00
2.000000000000000000e+01 1.931630971993410384e+01 1.944444444444444642e+01 0.000000000000000000e+00 7.000000000000000000e+00
2.100000000000000000e+01 1.865733113673805477e+01 1.111111111111111072e+01 0.000000000000000000e+00 4.000000000000000000e+00
2.200000000000000000e+01 1.721581548599670342e+01 5.555555555555555358e+00 0.000000000000000000e+00 2.000000000000000000e+00
2.300000000000000000e+01 1.602141680395387269e+01 5.555555555555555358e+00 0.000000000000000000e+00 2.000000000000000000e+00
2.400000000000000000e+01 1.589785831960461238e+01 5.555555555555555358e+00 0.000000000000000000e+00 2.000000000000000000e+00
2.500000000000000000e+01 1.598023064250411807e+01 5.555555555555555358e+00 0.000000000000000000e+00 2.000000000000000000e+00
2.600000000000000000e+01 1.482701812191103663e+01 5.555555555555555358e+00 0.000000000000000000e+00 2.000000000000000000e+00
2.700000000000000000e+01 1.515650741350905939e+01 5.555555555555555358e+00 1.111111111111111072e+01 2.000000000000000000e+00
2.800000000000000000e+01 1.359143327841845306e+01 8.333333333333332149e+00 1.111111111111111072e+01 3.000000000000000000e+00
2.900000000000000000e+01 1.383855024711696835e+01 1.388888888888888928e+01 1.666666666666666430e+01 5.000000000000000000e+00
3.000000000000000000e+01 1.375617792421746444e+01 8.333333333333332149e+00 1.388888888888888928e+01 3.000000000000000000e+00
3.100000000000000000e+01 1.293245469522240576e+01 1.111111111111111072e+01 1.666666666666666430e+01 4.000000000000000000e+00
3.200000000000000000e+01 1.301482701812190967e+01 8.333333333333332149e+00 1.388888888888888928e+01 3.000000000000000000e+00
3.300000000000000000e+01 1.334431630971993421e+01 1.111111111111111072e+01 2.222222222222222143e+01 4.000000000000000000e+00
3.400000000000000000e+01 1.301482701812190967e+01 8.333333333333332149e+00 1.666666666666666430e+01 3.000000000000000000e+00
3.500000000000000000e+01 1.305601317957166252e+01 1.944444444444444642e+01 1.388888888888888928e+01 7.000000000000000000e+00
3.600000000000000000e+01 1.293245469522240576e+01 1.666666666666666430e+01 1.388888888888888928e+01 6.000000000000000000e+00
3.700000000000000000e+01 1.322075782537067390e+01 2.222222222222222143e+01 1.666666666666666430e+01 8.000000000000000000e+00
3.800000000000000000e+01 1.342668863261943990e+01 1.944444444444444642e+01 2.222222222222222143e+01 7.000000000000000000e+00
3.900000000000000000e+01 1.305601317957166252e+01 3.888888888888889284e+01 2.222222222222222143e+01 1.400000000000000000e+01
4.000000000000000000e+01 1.301482701812190967e+01 1.388888888888888928e+01 1.944444444444444642e+01 5.000000000000000000e+00
4.100000000000000000e+01 1.375617792421746444e+01 5.555555555555555358e+00 2.777777777777777857e+01 2.000000000000000000e+00
4.200000000000000000e+01 1.350906095551894559e+01 5.555555555555555358e+00 2.222222222222222143e+01 2.000000000000000000e+00
4.300000000000000000e+01 1.256177924217462838e+01 0.000000000000000000e+00 2.500000000000000000e+01 -6.000000000000000000e+03
