# step, world, group,control
0.000000000000000000e+00 2.553542009884678876e+01 5.000000000000000000e+01 2.500000000000000000e+01 1.800000000000000000e+01
1.000000000000000000e+00 2.450576606260296586e+01 3.611111111111110716e+01 2.777777777777777857e+01 1.300000000000000000e+01
2.000000000000000000e+00 2.491762767710049431e+01 3.888888888888889284e+01 3.888888888888889284e+01 1.400000000000000000e+01
3.000000000000000000e+00 2.252883031301482930e+01 2.500000000000000000e+01 3.055555555555555358e+01 9.000000000000000000e+00
4.000000000000000000e+00 2.182866556836902561e+01 3.611111111111110716e+01 4.722222222222222854e+01 1.300000000000000000e+01
5.000000000000000000e+00 2.252883031301482930e+01 4.722222222222222854e+01 2.222222222222222143e+01 1.700000000000000000e+01
6.000000000000000000e+00 2.121087314662273471e+01 3.333333333333332860e+01 1.944444444444444642e+01 1.200000000000000000e+01
7.000000000000000000e+00 2.166392092257001423e+01 2.222222222222222143e+01 2.777777777777777857e+01 8.000000000000000000e+00
8.000000000000000000e+00 1.943986820428336060e+01 1.111111111111111072e+01 2.222222222222222143e+01 4.000000000000000000e+00
9.000000000000000000e+00 1.943986820428336060e+01 1.111111111111111072e+01 3.888888888888889284e+01 4.000000000000000000e+00
1.000000000000000000e+01 1.878088962108731508e+01 2.777777777777777679e+00 2.222222222222222143e+01 1.000000000000000000e+00
1.100000000000000000e+01 1.857495881383854908e+01 2.777777777777777679e+00 1.666666666666666430e+01 1.000000000000000000e+00
1.200000000000000000e+01 1.618616144975288407e+01 2.777777777777777679e+00 1.944444444444444642e+01 1.000000000000000000e+00
1.300000000000000000e+01 1.643327841845140114e+01 5.555555555555555358e+00 1.111111111111111072e+01 2.000000000000000000e+00
1.400000000000000000e+01 1.663920922570016359e+01 5.555555555555555358e+00 1.388888888888888928e+01 2.000000000000000000e+00
1.500000000000000000e+01 1.589785831960461238e+01 2.777777777777777679e+00 2.222222222222222143e+01 1.000000000000000000e+00
1.600000000000000000e+01 1.647446457990115221e+01 2.777777777777777679e+00 1.111111111111111072e+01 1.000000000000000000e+00
1.700000000000000000e+01 1.713344316309720128e+01 2.777777777777777679e+00 8.333333333333332149e+00 1.000000000000000000e+00
1.800000000000000000e+01 1.651565074135090683e+01 0.000000000000000000e+00 1.111111111111111072e+01 -6.000000000000000000e+03
