# step, world, group,control
0.000000000000000000e+00 2.598846787479406828e+01 2.777777777777777857e+01 1.944444444444444642e+01 1.000000000000000000e+01
1.000000000000000000e+00 2.528830313014827169e+01 2.777777777777777857e+01 2.222222222222222143e+01 1.000000000000000000e+01
2.000000000000000000e+00 2.524711696869851707e+01 3.055555555555555358e+01 2.222222222222222143e+01 1.100000000000000000e+01
3.000000000000000000e+00 2.302306425041186344e+01 3.055555555555555358e+01 2.222222222222222143e+01 1.100000000000000000e+01
4.000000000000000000e+00 2.425864909390444524e+01 1.944444444444444642e+01 1.944444444444444642e+01 7.000000000000000000e+00
5.000000000000000000e+00 2.281713344316309744e+01 2.777777777777777857e+01 1.666666666666666430e+01 1.000000000000000000e+01
6.000000000000000000e+00 2.219934102141680299e+01 3.055555555555555358e+01 1.388888888888888928e+01 1.100000000000000000e+01
7.000000000000000000e+00 2.154036243822075747e+01 4.166666666666667140e+01 1.111111111111111072e+01 1.500000000000000000e+01
8.000000000000000000e+00 2.302306425041186344e+01 2.777777777777777857e+01 8.333333333333332149e+00 1.000000000000000000e+01
9.000000000000000000e+00 2.051070840197693457e+01 5.277777777777777857e+01 5.555555555555555358e+00 1.900000000000000000e+01
1.000000000000000000e+01 1.939868204283360598e+01 3.333333333333332860e+01 1.388888888888888928e+01 1.200000000000000000e+01
1.100000000000000000e+01 1.952224052718286629e+01 3.055555555555555358e+01 1.388888888888888928e+01 1.100000000000000000e+01
1.200000000000000000e+01 1.766886326194398649e+01 4.166666666666667140e+01 8.333333333333332149e+00 1.500000000000000000e+01
1.300000000000000000e+01 1.775123558484349218e+01 4.166666666666667140e+01 2.777777777777777679e+00 1.500000000000000000e+01
1.400000000000000000e+01 1.647446457990115221e+01 4.722222222222222854e+01 0.000000000000000000e+00 1.700000000000000000e+01
1.500000000000000000e+01 1.663920922570016359e+01 3.888888888888889284e+01 0.000000000000000000e+00 1.400000000000000000e+01
1.600000000000000000e+01 1.536243822075782717e+01 3.333333333333332860e+01 0.000000000000000000e+00 1.200000000000000000e+01
1.700000000000000000e+01 1.598023064250411807e+01 5.000000000000000000e+01 0.000000000000000000e+00 1.800000000000000000e+01
1.800000000000000000e+01 1.515650741350905939e+01 3.611111111111110716e+01 0.000000000000000000e+00 1.300000000000000000e+01
1.900000000000000000e+01 1.556836902800658962e+01 3.888888888888889284e+01 2.777777777777777679e+00 1.400000000000000000e+01
2.000000000000000000e+01 1.573311367380560100e+01 2.777777777777777857e+01 0.000000000000000000e+00 1.000000000000000000e+01
2.100000000000000000e+01 1.420922570016474573e+01 2.777777777777777857e+01 0.000000000000000000e+00 1.000000000000000000e+01
2.200000000000000000e+01 1.425041186161449858e+01 2.777777777777777857e+01 0.000000000000000000e+00 1.000000000000000000e+01
2.300000000000000000e+01 1.400329489291597973e+01 2.222222222222222143e+01 0.000000000000000000e+00 8.000000000000000000e+00
2.400000000000000000e+01 1.231466227347611309e+01 3.888888888888889284e+01 2.777777777777777679e+00 1.400000000000000000e+01
2.500000000000000000e+01 1.157331136738056010e+01 2.500000000000000000e+01 8.333333333333332149e+00 9.000000000000000000e+00
2.600000000000000000e+01 1.157331136738056010e+01 2.500000000000000000e+01 1.388888888888888928e+01 9.000000000000000000e+00
2.700000000000000000e+01 1.107907742998352418e+01 2.222222222222222143e+01 1.666666666666666430e+01 8.000000000000000000e+00
2.800000000000000000e+01 9.761120263591433144e+00 3.333333333333332860e+01 1.111111111111111072e+01 1.200000000000000000e+01
2.900000000000000000e+01 1.050247116968698435e+01 4.166666666666667140e+01 5.555555555555555358e+00 1.500000000000000000e+01
3.000000000000000000e+01 1.000823723228995021e+01 1.666666666666666430e+01 2.777777777777777679e+00 6.000000000000000000e+00
3.100000000000000000e+01 9.802306425041185989e+00 1.111111111111111072e+01 8.333333333333332149e+00 4.000000000000000000e+00
3.200000000000000000e+01 9.967051070840197369e+00 1.388888888888888928e+01 8.333333333333332149e+00 5.000000000000000000e+00
3.300000000000000000e+01 1.025535420098846728e+01 1.666666666666666430e+01 5.555555555555555358e+00 6.000000000000000000e+00
3.400000000000000000e+01 1.058484349258649004e+01 1.111111111111111072e+01 2.777777777777777679e+00 4.000000000000000000e+00
3.500000000000000000e+01 9.555189456342668919e+00 1.944444444444444642e+01 0.000000000000000000e+00 7.000000000000000000e+00
3.600000000000000000e+01 9.390444810543657539e+00 1.388888888888888928e+01 0.000000000000000000e+00 5.000000000000000000e+00
3.700000000000000000e+01 8.978583196046129089e+00 2.500000000000000000e+01 0.000000000000000000e+00 9.000000000000000000e+00
3.800000000000000000e+01 8.443163097199340328e+00 2.500000000000000000e+01 0.000000000000000000e+00 9.000000000000000000e+00
3.900000000000000000e+01 9.349258649093904694e+00 1.944444444444444642e+01 0.000000000000000000e+00 7.000000000000000000e+00
4.000000000000000000e+01 8.937397034596376244e+00 2.500000000000000000e+01 0.000000000000000000e+00 9.000000000000000000e+00
4.100000000000000000e+01 9.596375617792421764e+00 3.333333333333332860e+01 0.000000000000000000e+00 1.200000000000000000e+01
4.200000000000000000e+01 8.443163097199340328e+00 3.333333333333332860e+01 0.000000000000000000e+00 1.200000000000000000e+01
4.300000000000000000e+01 8.566721581548600639e+00 2.777777777777777857e+01 0.000000000000000000e+00 1.000000000000000000e+01
4.400000000000000000e+01 8.196046128500823258e+00 1.944444444444444642e+01 0.000000000000000000e+00 7.000000000000000000e+00
4.500000000000000000e+01 7.537067545304777738e+00 2.222222222222222143e+01 0.000000000000000000e+00 8.000000000000000000e+00
4.600000000000000000e+01 7.907742998352553343e+00 3.055555555555555358e+01 0.000000000000000000e+00 1.100000000000000000e+01
4.700000000000000000e+01 7.084019769357495555e+00 3.611111111111110716e+01 0.000000000000000000e+00 1.300000000000000000e+01
4.800000000000000000e+01 6.177924217462932077e+00 3.888888888888889284e+01 0.000000000000000000e+00 1.400000000000000000e+01
4.900000000000000000e+01 6.507413509060954837e+00 3.611111111111110716e+01 0.000000000000000000e+00 1.300000000000000000e+01
5.000000000000000000e+01 6.260296540362437767e+00 2.222222222222222143e+01 0.000000000000000000e+00 8.000000000000000000e+00
5.100000000000000000e+01 5.807248764415156472e+00 3.333333333333332860e+01 0.000000000000000000e+00 1.200000000000000000e+01
5.200000000000000000e+01 5.230642504118616642e+00 4.166666666666667140e+01 0.000000000000000000e+00 1.500000000000000000e+01
5.300000000000000000e+01 5.395387149917628022e+00 2.777777777777777857e+01 0.000000000000000000e+00 1.000000000000000000e+01
5.400000000000000000e+01 5.889621087314662162e+00 3.055555555555555358e+01 0.000000000000000000e+00 1.100000000000000000e+01
5.500000000000000000e+01 6.054365733113673542e+00 3.333333333333332860e+01 0.000000000000000000e+00 1.200000000000000000e+01
5.600000000000000000e+01 6.960461285008237908e+00 3.333333333333332860e+01 0.000000000000000000e+00 1.200000000000000000e+01
5.700000000000000000e+01 6.466227347611202880e+00 2.222222222222222143e+01 0.000000000000000000e+00 8.000000000000000000e+00
5.800000000000000000e+01 6.836902800658978485e+00 1.666666666666666430e+01 2.777777777777777679e+00 6.000000000000000000e+00
5.900000000000000000e+01 6.672158154859967105e+00 2.500000000000000000e+01 0.000000000000000000e+00 9.000000000000000000e+00
6.000000000000000000e+01 7.125205930807249288e+00 1.944444444444444642e+01 2.777777777777777679e+00 7.000000000000000000e+00
6.100000000000000000e+01 7.660626029654035385e+00 1.944444444444444642e+01 0.000000000000000000e+00 7.000000000000000000e+00
6.200000000000000000e+01 8.031301482701811878e+00 2.222222222222222143e+01 2.777777777777777679e+00 8.000000000000000000e+00
6.300000000000000000e+01 8.360790774299834638e+00 2.777777777777777857e+01 0.000000000000000000e+00 1.000000000000000000e+01
6.400000000000000000e+01 7.660626029654035385e+00 3.055555555555555358e+01 2.777777777777777679e+00 1.100000000000000000e+01
6.500000000000000000e+01 8.072487644151564723e+00 4.722222222222222854e+01 0.000000000000000000e+00 1.700000000000000000e+01
6.600000000000000000e+01 7.537067545304777738e+00 2.500000000000000000e+01 2.777777777777777679e+00 9.000000000000000000e+00
6.700000000000000000e+01 7.331136738056012625e+00 2.222222222222222143e+01 0.000000000000000000e+00 8.000000000000000000e+00
6.800000000000000000e+01 6.878088962108732218e+00 2.222222222222222143e+01 2.777777777777777679e+00 8.000000000000000000e+00
6.900000000000000000e+01 7.413509060955518315e+00 2.500000000000000000e+01 2.777777777777777679e+00 9.000000000000000000e+00
7.000000000000000000e+01 6.919275123558484175e+00 2.777777777777777857e+01 2.777777777777777679e+00 1.000000000000000000e+01
7.100000000000000000e+01 6.836902800658978485e+00 3.333333333333332860e+01 2.777777777777777679e+00 1.200000000000000000e+01
7.200000000000000000e+01 7.907742998352553343e+00 1.666666666666666430e+01 2.777777777777777679e+00 6.000000000000000000e+00
7.300000000000000000e+01 7.289950576606260668e+00 2.500000000000000000e+01 2.777777777777777679e+00 9.000000000000000000e+00
7.400000000000000000e+01 7.537067545304777738e+00 3.055555555555555358e+01 2.777777777777777679e+00 1.100000000000000000e+01
7.500000000000000000e+01 7.084019769357495555e+00 3.055555555555555358e+01 0.000000000000000000e+00 1.100000000000000000e+01
7.600000000000000000e+01 7.495881383855024005e+00 3.888888888888889284e+01 0.000000000000000000e+00 1.400000000000000000e+01
7.700000000000000000e+01 7.784184514003294808e+00 2.777777777777777857e+01 2.777777777777777679e+00 1.000000000000000000e+01
7.800000000000000000e+01 8.031301482701811878e+00 4.722222222222222854e+01 2.777777777777777679e+00 1.700000000000000000e+01
7.900000000000000000e+01 8.278418451400328948e+00 3.611111111111110716e+01 2.777777777777777679e+00 1.300000000000000000e+01
8.000000000000000000e+01 9.143327841845140469e+00 3.888888888888889284e+01 2.777777777777777679e+00 1.400000000000000000e+01
8.100000000000000000e+01 7.948929159802306188e+00 4.722222222222222854e+01 0.000000000000000000e+00 1.700000000000000000e+01
8.200000000000000000e+01 8.237232289950576103e+00 1.944444444444444642e+01 0.000000000000000000e+00 7.000000000000000000e+00
8.300000000000000000e+01 8.113673805601317568e+00 1.944444444444444642e+01 0.000000000000000000e+00 7.000000000000000000e+00
8.400000000000000000e+01 9.143327841845140469e+00 1.666666666666666430e+01 0.000000000000000000e+00 6.000000000000000000e+00
8.500000000000000000e+01 8.360790774299834638e+00 2.500000000000000000e+01 2.777777777777777679e+00 9.000000000000000000e+00
8.600000000000000000e+01 8.855024711696870554e+00 2.222222222222222143e+01 2.777777777777777679e+00 8.000000000000000000e+00
8.700000000000000000e+01 9.143327841845140469e+00 5.555555555555555358e+00 0.000000000000000000e+00 2.000000000000000000e+00
8.800000000000000000e+01 8.443163097199340328e+00 1.111111111111111072e+01 0.000000000000000000e+00 4.000000000000000000e+00
8.900000000000000000e+01 8.484349258649094949e+00 1.111111111111111072e+01 0.000000000000000000e+00 4.000000000000000000e+00
9.000000000000000000e+01 8.401976935749589259e+00 1.111111111111111072e+01 0.000000000000000000e+00 4.000000000000000000e+00
9.100000000000000000e+01 8.690280065897857398e+00 1.111111111111111072e+01 0.000000000000000000e+00 4.000000000000000000e+00
9.200000000000000000e+01 9.102141680395387624e+00 1.111111111111111072e+01 0.000000000000000000e+00 4.000000000000000000e+00
9.300000000000000000e+01 9.431630971993410384e+00 1.111111111111111072e+01 0.000000000000000000e+00 4.000000000000000000e+00
9.400000000000000000e+01 9.266886326194399004e+00 1.111111111111111072e+01 0.000000000000000000e+00 4.000000000000000000e+00
9.500000000000000000e+01 9.472817133443163229e+00 1.388888888888888928e+01 0.000000000000000000e+00 5.000000000000000000e+00
9.600000000000000000e+01 8.525535420098846018e+00 1.944444444444444642e+01 0.000000000000000000e+00 7.000000000000000000e+00
9.700000000000000000e+01 9.472817133443163229e+00 1.666666666666666430e+01 0.000000000000000000e+00 6.000000000000000000e+00
9.800000000000000000e+01 9.225700164744646159e+00 1.666666666666666430e+01 0.000000000000000000e+00 6.000000000000000000e+00
9.900000000000000000e+01 9.102141680395387624e+00 1.666666666666666430e+01 0.000000000000000000e+00 6.000000000000000000e+00
1.000000000000000000e+02 8.896210873146623399e+00 1.111111111111111072e+01 0.000000000000000000e+00 4.000000000000000000e+00
1.010000000000000000e+02 8.525535420098846018e+00 8.333333333333332149e+00 0.000000000000000000e+00 3.000000000000000000e+00
1.020000000000000000e+02 8.443163097199340328e+00 1.111111111111111072e+01 0.000000000000000000e+00 4.000000000000000000e+00
1.030000000000000000e+02 8.772652388797364864e+00 1.666666666666666430e+01 0.000000000000000000e+00 6.000000000000000000e+00
1.040000000000000000e+02 8.278418451400328948e+00 1.666666666666666430e+01 0.000000000000000000e+00 6.000000000000000000e+00
1.050000000000000000e+02 8.525535420098846018e+00 1.111111111111111072e+01 0.000000000000000000e+00 4.000000000000000000e+00
1.060000000000000000e+02 7.948929159802306188e+00 1.111111111111111072e+01 0.000000000000000000e+00 4.000000000000000000e+00
1.070000000000000000e+02 8.813838550247117709e+00 1.666666666666666430e+01 0.000000000000000000e+00 6.000000000000000000e+00
1.080000000000000000e+02 8.525535420098846018e+00 8.333333333333332149e+00 0.000000000000000000e+00 3.000000000000000000e+00
1.090000000000000000e+02 8.607907742998351708e+00 1.388888888888888928e+01 0.000000000000000000e+00 5.000000000000000000e+00
1.100000000000000000e+02 8.937397034596376244e+00 1.388888888888888928e+01 0.000000000000000000e+00 5.000000000000000000e+00
1.110000000000000000e+02 8.896210873146623399e+00 1.111111111111111072e+01 0.000000000000000000e+00 4.000000000000000000e+00
1.120000000000000000e+02 9.390444810543657539e+00 3.055555555555555358e+01 0.000000000000000000e+00 1.100000000000000000e+01
1.130000000000000000e+02 9.555189456342668919e+00 1.388888888888888928e+01 0.000000000000000000e+00 5.000000000000000000e+00
1.140000000000000000e+02 9.884678747940691679e+00 1.666666666666666430e+01 0.000000000000000000e+00 6.000000000000000000e+00
1.150000000000000000e+02 9.308072487644151849e+00 2.500000000000000000e+01 0.000000000000000000e+00 9.000000000000000000e+00
1.160000000000000000e+02 9.102141680395387624e+00 1.944444444444444642e+01 0.000000000000000000e+00 7.000000000000000000e+00
1.170000000000000000e+02 8.690280065897857398e+00 3.055555555555555358e+01 0.000000000000000000e+00 1.100000000000000000e+01
1.180000000000000000e+02 7.948929159802306188e+00 1.944444444444444642e+01 0.000000000000000000e+00 7.000000000000000000e+00
1.190000000000000000e+02 7.619439868204283428e+00 2.500000000000000000e+01 0.000000000000000000e+00 9.000000000000000000e+00
1.200000000000000000e+02 7.248764415156506935e+00 2.500000000000000000e+01 0.000000000000000000e+00 9.000000000000000000e+00
1.210000000000000000e+02 7.372322899505766358e+00 2.777777777777777857e+01 0.000000000000000000e+00 1.000000000000000000e+01
1.220000000000000000e+02 6.919275123558484175e+00 3.055555555555555358e+01 0.000000000000000000e+00 1.100000000000000000e+01
1.230000000000000000e+02 7.454695222405272048e+00 3.055555555555555358e+01 0.000000000000000000e+00 1.100000000000000000e+01
1.240000000000000000e+02 7.578253706754529695e+00 4.166666666666667140e+01 0.000000000000000000e+00 1.500000000000000000e+01
1.250000000000000000e+02 8.772652388797364864e+00 2.500000000000000000e+01 0.000000000000000000e+00 9.000000000000000000e+00
1.260000000000000000e+02 7.166392092257001245e+00 3.333333333333332860e+01 0.000000000000000000e+00 1.200000000000000000e+01
1.270000000000000000e+02 7.619439868204283428e+00 2.500000000000000000e+01 0.000000000000000000e+00 9.000000000000000000e+00
1.280000000000000000e+02 7.207578253706754978e+00 3.611111111111110716e+01 0.000000000000000000e+00 1.300000000000000000e+01
1.290000000000000000e+02 7.742998352553541075e+00 3.888888888888889284e+01 0.000000000000000000e+00 1.400000000000000000e+01
1.300000000000000000e+02 7.495881383855024005e+00 2.500000000000000000e+01 0.000000000000000000e+00 9.000000000000000000e+00
1.310000000000000000e+02 7.001647446457989865e+00 2.777777777777777857e+01 0.000000000000000000e+00 1.000000000000000000e+01
1.320000000000000000e+02 7.207578253706754978e+00 2.777777777777777857e+01 0.000000000000000000e+00 1.000000000000000000e+01
1.330000000000000000e+02 6.960461285008237908e+00 2.777777777777777857e+01 0.000000000000000000e+00 1.000000000000000000e+01
1.340000000000000000e+02 6.836902800658978485e+00 2.222222222222222143e+01 0.000000000000000000e+00 8.000000000000000000e+00
1.350000000000000000e+02 5.930807248764415007e+00 3.888888888888889284e+01 0.000000000000000000e+00 1.400000000000000000e+01
1.360000000000000000e+02 5.477759472817133712e+00 2.777777777777777857e+01 0.000000000000000000e+00 1.000000000000000000e+01
1.370000000000000000e+02 5.395387149917628022e+00 3.055555555555555358e+01 0.000000000000000000e+00 1.100000000000000000e+01
1.380000000000000000e+02 5.148270181219110064e+00 4.166666666666667140e+01 0.000000000000000000e+00 1.500000000000000000e+01
1.390000000000000000e+02 5.518945634266886557e+00 2.500000000000000000e+01 0.000000000000000000e+00 9.000000000000000000e+00
1.400000000000000000e+02 6.466227347611202880e+00 1.944444444444444642e+01 0.000000000000000000e+00 7.000000000000000000e+00
1.410000000000000000e+02 6.095551894563426387e+00 1.944444444444444642e+01 0.000000000000000000e+00 7.000000000000000000e+00
1.420000000000000000e+02 7.289950576606260668e+00 3.333333333333332860e+01 0.000000000000000000e+00 1.200000000000000000e+01
1.430000000000000000e+02 6.507413509060954837e+00 1.666666666666666430e+01 0.000000000000000000e+00 6.000000000000000000e+00
1.440000000000000000e+02 6.095551894563426387e+00 1.944444444444444642e+01 0.000000000000000000e+00 7.000000000000000000e+00
1.450000000000000000e+02 6.301482701812191500e+00 1.944444444444444642e+01 0.000000000000000000e+00 7.000000000000000000e+00
1.460000000000000000e+02 6.095551894563426387e+00 1.388888888888888928e+01 0.000000000000000000e+00 5.000000000000000000e+00
1.470000000000000000e+02 6.672158154859967105e+00 5.555555555555555358e+00 0.000000000000000000e+00 2.000000000000000000e+00
1.480000000000000000e+02 6.219110378912684922e+00 5.555555555555555358e+00 0.000000000000000000e+00 2.000000000000000000e+00
1.490000000000000000e+02 5.807248764415156472e+00 2.777777777777777679e+00 0.000000000000000000e+00 1.000000000000000000e+00
1.500000000000000000e+02 5.271828665568369487e+00 2.777777777777777679e+00 0.000000000000000000e+00 1.000000000000000000e+00
1.510000000000000000e+02 5.271828665568369487e+00 5.555555555555555358e+00 0.000000000000000000e+00 2.000000000000000000e+00
1.520000000000000000e+02 5.107084019769357219e+00 8.333333333333332149e+00 0.000000000000000000e+00 3.000000000000000000e+00
1.530000000000000000e+02 4.448105436573311700e+00 1.388888888888888928e+01 0.000000000000000000e+00 5.000000000000000000e+00
1.540000000000000000e+02 4.571663920922570234e+00 1.666666666666666430e+01 0.000000000000000000e+00 6.000000000000000000e+00
1.550000000000000000e+02 4.818780889621087304e+00 1.944444444444444642e+01 0.000000000000000000e+00 7.000000000000000000e+00
1.560000000000000000e+02 4.777594728171334459e+00 1.111111111111111072e+01 0.000000000000000000e+00 4.000000000000000000e+00
1.570000000000000000e+02 5.395387149917628022e+00 8.333333333333332149e+00 0.000000000000000000e+00 3.000000000000000000e+00
1.580000000000000000e+02 5.024711696869851529e+00 1.944444444444444642e+01 0.000000000000000000e+00 7.000000000000000000e+00
1.590000000000000000e+02 5.518945634266886557e+00 2.222222222222222143e+01 0.000000000000000000e+00 8.000000000000000000e+00
1.600000000000000000e+02 5.024711696869851529e+00 2.777777777777777857e+01 0.000000000000000000e+00 1.000000000000000000e+01
1.610000000000000000e+02 5.313014827018122332e+00 3.333333333333332860e+01 0.000000000000000000e+00 1.200000000000000000e+01
1.620000000000000000e+02 5.601317957166392247e+00 2.500000000000000000e+01 0.000000000000000000e+00 9.000000000000000000e+00
1.630000000000000000e+02 5.148270181219110064e+00 3.333333333333332860e+01 0.000000000000000000e+00 1.200000000000000000e+01
1.640000000000000000e+02 5.642504118616145092e+00 3.055555555555555358e+01 0.000000000000000000e+00 1.100000000000000000e+01
1.650000000000000000e+02 5.560131795716639402e+00 2.222222222222222143e+01 0.000000000000000000e+00 8.000000000000000000e+00
1.660000000000000000e+02 5.107084019769357219e+00 3.055555555555555358e+01 0.000000000000000000e+00 1.100000000000000000e+01
1.670000000000000000e+02 5.148270181219110064e+00 3.055555555555555358e+01 0.000000000000000000e+00 1.100000000000000000e+01
1.680000000000000000e+02 4.901153212520592994e+00 4.444444444444444287e+01 0.000000000000000000e+00 1.600000000000000000e+01
1.690000000000000000e+02 5.189456342668863797e+00 3.333333333333332860e+01 0.000000000000000000e+00 1.200000000000000000e+01
1.700000000000000000e+02 5.518945634266886557e+00 3.055555555555555358e+01 0.000000000000000000e+00 1.100000000000000000e+01
1.710000000000000000e+02 5.724876441515650782e+00 3.333333333333332860e+01 0.000000000000000000e+00 1.200000000000000000e+01
1.720000000000000000e+02 5.724876441515650782e+00 2.500000000000000000e+01 0.000000000000000000e+00 9.000000000000000000e+00
1.730000000000000000e+02 6.136738056013179232e+00 3.611111111111110716e+01 0.000000000000000000e+00 1.300000000000000000e+01
1.740000000000000000e+02 6.466227347611202880e+00 3.055555555555555358e+01 0.000000000000000000e+00 1.100000000000000000e+01
1.750000000000000000e+02 7.084019769357495555e+00 2.777777777777777857e+01 0.000000000000000000e+00 1.000000000000000000e+01
1.760000000000000000e+02 6.136738056013179232e+00 3.888888888888889284e+01 0.000000000000000000e+00 1.400000000000000000e+01
1.770000000000000000e+02 6.425041186161449147e+00 4.166666666666667140e+01 0.000000000000000000e+00 1.500000000000000000e+01
1.780000000000000000e+02 6.672158154859967105e+00 3.611111111111110716e+01 0.000000000000000000e+00 1.300000000000000000e+01
1.790000000000000000e+02 6.630971993410214260e+00 3.888888888888889284e+01 0.000000000000000000e+00 1.400000000000000000e+01
1.800000000000000000e+02 6.960461285008237908e+00 3.333333333333332860e+01 0.000000000000000000e+00 1.200000000000000000e+01
1.810000000000000000e+02 6.548599670510708570e+00 4.444444444444444287e+01 0.000000000000000000e+00 1.600000000000000000e+01
1.820000000000000000e+02 6.301482701812191500e+00 3.333333333333332860e+01 0.000000000000000000e+00 1.200000000000000000e+01
1.830000000000000000e+02 6.342668863261943457e+00 3.888888888888889284e+01 0.000000000000000000e+00 1.400000000000000000e+01
1.840000000000000000e+02 6.548599670510708570e+00 3.611111111111110716e+01 0.000000000000000000e+00 1.300000000000000000e+01
1.850000000000000000e+02 6.795716639209226528e+00 3.611111111111110716e+01 0.000000000000000000e+00 1.300000000000000000e+01
1.860000000000000000e+02 6.342668863261943457e+00 3.611111111111110716e+01 0.000000000000000000e+00 1.300000000000000000e+01
1.870000000000000000e+02 6.260296540362437767e+00 3.888888888888889284e+01 0.000000000000000000e+00 1.400000000000000000e+01
1.880000000000000000e+02 6.219110378912684922e+00 3.333333333333332860e+01 0.000000000000000000e+00 1.200000000000000000e+01
1.890000000000000000e+02 6.425041186161449147e+00 3.055555555555555358e+01 0.000000000000000000e+00 1.100000000000000000e+01
1.900000000000000000e+02 6.589785831960461415e+00 1.944444444444444642e+01 0.000000000000000000e+00 7.000000000000000000e+00
1.910000000000000000e+02 6.342668863261943457e+00 3.888888888888889284e+01 0.000000000000000000e+00 1.400000000000000000e+01
1.920000000000000000e+02 6.836902800658978485e+00 1.388888888888888928e+01 0.000000000000000000e+00 5.000000000000000000e+00
1.930000000000000000e+02 7.207578253706754978e+00 1.944444444444444642e+01 0.000000000000000000e+00 7.000000000000000000e+00
1.940000000000000000e+02 6.177924217462932077e+00 8.333333333333332149e+00 0.000000000000000000e+00 3.000000000000000000e+00
1.950000000000000000e+02 6.425041186161449147e+00 2.777777777777777679e+00 0.000000000000000000e+00 1.000000000000000000e+00
1.960000000000000000e+02 5.889621087314662162e+00 2.777777777777777679e+00 0.000000000000000000e+00 1.000000000000000000e+00
1.970000000000000000e+02 6.177924217462932077e+00 2.777777777777777679e+00 0.000000000000000000e+00 1.000000000000000000e+00
1.980000000000000000e+02 6.507413509060954837e+00 0.000000000000000000e+00 0.000000000000000000e+00 -6.000000000000000000e+03
