# step, world, group,control
0.000000000000000000e+00 2.730642504118615932e+01 3.333333333333332860e+01 1.944444444444444642e+01 1.200000000000000000e+01
1.000000000000000000e+00 2.306425041186161451e+01 3.055555555555555358e+01 3.055555555555555358e+01 1.100000000000000000e+01
2.000000000000000000e+00 2.281713344316309744e+01 1.944444444444444642e+01 1.666666666666666430e+01 7.000000000000000000e+00
3.000000000000000000e+00 2.211696869851729730e+01 2.222222222222222143e+01 2.222222222222222143e+01 8.000000000000000000e+00
4.000000000000000000e+00 1.948105436573311522e+01 3.611111111111110716e+01 2.500000000000000000e+01 1.300000000000000000e+01
5.000000000000000000e+00 2.046952224052718350e+01 3.333333333333332860e+01 3.333333333333332860e+01 1.200000000000000000e+01
6.000000000000000000e+00 1.993410214168039474e+01 2.777777777777777857e+01 1.388888888888888928e+01 1.000000000000000000e+01
7.000000000000000000e+00 1.902800658978583215e+01 4.444444444444444287e+01 8.333333333333332149e+00 1.600000000000000000e+01
8.000000000000000000e+00 1.865733113673805477e+01 2.777777777777777857e+01 5.555555555555555358e+00 1.000000000000000000e+01
9.000000000000000000e+00 1.869851729818780939e+01 4.444444444444444287e+01 5.555555555555555358e+00 1.600000000000000000e+01
1.000000000000000000e+01 1.836902800658978663e+01 3.888888888888889284e+01 5.555555555555555358e+00 1.400000000000000000e+01
1.100000000000000000e+01 1.923393739703459460e+01 5.277777777777777857e+01 5.555555555555555358e+00 1.900000000000000000e+01
1.200000000000000000e+01 1.750411861614497511e+01 3.611111111111110716e+01 8.333333333333332149e+00 1.300000000000000000e+01
1.300000000000000000e+01 1.738056013179571480e+01 3.611111111111110716e+01 8.333333333333332149e+00 1.300000000000000000e+01
1.400000000000000000e+01 1.668039538714991821e+01 4.444444444444444287e+01 8.333333333333332149e+00 1.600000000000000000e+01
1.500000000000000000e+01 1.832784184514003201e+01 3.611111111111110716e+01 1.111111111111111072e+01 1.300000000000000000e+01
1.600000000000000000e+01 1.672158154859966928e+01 2.777777777777777857e+01 1.388888888888888928e+01 1.000000000000000000e+01
1.700000000000000000e+01 1.680395387149917852e+01 4.722222222222222854e+01 1.388888888888888928e+01 1.700000000000000000e+01
1.800000000000000000e+01 1.639209225700164652e+01 3.611111111111110716e+01 1.111111111111111072e+01 1.300000000000000000e+01
1.900000000000000000e+01 1.668039538714991821e+01 3.055555555555555358e+01 1.111111111111111072e+01 1.100000000000000000e+01
2.000000000000000000e+01 1.635090609555189545e+01 2.500000000000000000e+01 1.111111111111111072e+01 9.000000000000000000e+00
2.100000000000000000e+01 1.532125205930807077e+01 3.611111111111110716e+01 1.111111111111111072e+01 1.300000000000000000e+01
2.200000000000000000e+01 1.556836902800658962e+01 1.944444444444444642e+01 1.388888888888888928e+01 7.000000000000000000e+00
2.300000000000000000e+01 1.536243822075782717e+01 3.055555555555555358e+01 1.666666666666666430e+01 1.100000000000000000e+01
2.400000000000000000e+01 1.565074135090609531e+01 2.777777777777777857e+01 1.666666666666666430e+01 1.000000000000000000e+01
2.500000000000000000e+01 1.630971993410214083e+01 4.166666666666667140e+01 1.111111111111111072e+01 1.500000000000000000e+01
2.600000000000000000e+01 1.507413509060955548e+01 4.166666666666667140e+01 8.333333333333332149e+00 1.500000000000000000e+01
2.700000000000000000e+01 1.618616144975288407e+01 3.611111111111110716e+01 1.388888888888888928e+01 1.300000000000000000e+01
2.800000000000000000e+01 1.536243822075782717e+01 3.888888888888889284e+01 1.666666666666666430e+01 1.400000000000000000e+01
2.900000000000000000e+01 1.733937397034596373e+01 2.500000000000000000e+01 1.388888888888888928e+01 9.000000000000000000e+00
3.000000000000000000e+01 1.457990115321252134e+01 3.888888888888889284e+01 8.333333333333332149e+00 1.400000000000000000e+01
3.100000000000000000e+01 1.523887973640856686e+01 3.055555555555555358e+01 0.000000000000000000e+00 1.100000000000000000e+01
3.200000000000000000e+01 1.453871499176276849e+01 3.611111111111110716e+01 0.000000000000000000e+00 1.300000000000000000e+01
3.300000000000000000e+01 1.408566721581548720e+01 3.055555555555555358e+01 0.000000000000000000e+00 1.100000000000000000e+01
3.400000000000000000e+01 1.474464579901153272e+01 4.166666666666667140e+01 0.000000000000000000e+00 1.500000000000000000e+01
3.500000000000000000e+01 1.544481054365733108e+01 1.388888888888888928e+01 0.000000000000000000e+00 5.000000000000000000e+00
3.600000000000000000e+01 1.462108731466227241e+01 1.111111111111111072e+01 0.000000000000000000e+00 4.000000000000000000e+00
3.700000000000000000e+01 1.532125205930807077e+01 1.944444444444444642e+01 0.000000000000000000e+00 7.000000000000000000e+00
3.800000000000000000e+01 1.507413509060955548e+01 1.111111111111111072e+01 2.777777777777777679e+00 4.000000000000000000e+00
3.900000000000000000e+01 1.565074135090609531e+01 1.388888888888888928e+01 0.000000000000000000e+00 5.000000000000000000e+00
4.000000000000000000e+01 1.598023064250411807e+01 5.555555555555555358e+00 0.000000000000000000e+00 2.000000000000000000e+00
4.100000000000000000e+01 1.507413509060955548e+01 8.333333333333332149e+00 0.000000000000000000e+00 3.000000000000000000e+00
4.200000000000000000e+01 1.457990115321252134e+01 8.333333333333332149e+00 0.000000000000000000e+00 3.000000000000000000e+00
4.300000000000000000e+01 1.346787479406919275e+01 1.111111111111111072e+01 0.000000000000000000e+00 4.000000000000000000e+00
4.400000000000000000e+01 1.412685337726523827e+01 1.388888888888888928e+01 0.000000000000000000e+00 5.000000000000000000e+00
4.500000000000000000e+01 1.387973640856671942e+01 2.222222222222222143e+01 2.777777777777777679e+00 8.000000000000000000e+00
4.600000000000000000e+01 1.453871499176276849e+01 3.333333333333332860e+01 2.777777777777777679e+00 1.200000000000000000e+01
4.700000000000000000e+01 1.437397034596375711e+01 3.888888888888889284e+01 8.333333333333332149e+00 1.400000000000000000e+01
4.800000000000000000e+01 1.507413509060955548e+01 3.333333333333332860e+01 5.555555555555555358e+00 1.200000000000000000e+01
4.900000000000000000e+01 1.565074135090609531e+01 3.055555555555555358e+01 5.555555555555555358e+00 1.100000000000000000e+01
5.000000000000000000e+01 1.523887973640856686e+01 2.777777777777777857e+01 1.111111111111111072e+01 1.000000000000000000e+01
5.100000000000000000e+01 1.515650741350905939e+01 3.333333333333332860e+01 1.944444444444444642e+01 1.200000000000000000e+01
5.200000000000000000e+01 1.387973640856671942e+01 2.777777777777777857e+01 5.555555555555555358e+00 1.000000000000000000e+01
5.300000000000000000e+01 1.482701812191103663e+01 4.166666666666667140e+01 5.555555555555555358e+00 1.500000000000000000e+01
5.400000000000000000e+01 1.313838550247116999e+01 4.166666666666667140e+01 5.555555555555555358e+00 1.500000000000000000e+01
5.500000000000000000e+01 1.396210873146622689e+01 2.222222222222222143e+01 2.777777777777777679e+00 8.000000000000000000e+00
5.600000000000000000e+01 1.313838550247116999e+01 2.777777777777777857e+01 2.777777777777777679e+00 1.000000000000000000e+01
5.700000000000000000e+01 1.285008237232289829e+01 1.666666666666666430e+01 0.000000000000000000e+00 6.000000000000000000e+00
5.800000000000000000e+01 1.268533772652388691e+01 1.388888888888888928e+01 2.777777777777777679e+00 5.000000000000000000e+00
5.900000000000000000e+01 1.239703459637561878e+01 1.388888888888888928e+01 0.000000000000000000e+00 5.000000000000000000e+00
6.000000000000000000e+01 1.107907742998352418e+01 1.111111111111111072e+01 0.000000000000000000e+00 4.000000000000000000e+00
6.100000000000000000e+01 1.062602965403624466e+01 1.388888888888888928e+01 2.777777777777777679e+00 5.000000000000000000e+00
6.200000000000000000e+01 1.169686985172981863e+01 8.333333333333332149e+00 2.777777777777777679e+00 3.000000000000000000e+00
6.300000000000000000e+01 1.194398682042833570e+01 8.333333333333332149e+00 0.000000000000000000e+00 3.000000000000000000e+00
6.400000000000000000e+01 1.247940691927512447e+01 1.111111111111111072e+01 2.777777777777777679e+00 4.000000000000000000e+00
6.500000000000000000e+01 1.214991762767710171e+01 1.666666666666666430e+01 5.555555555555555358e+00 6.000000000000000000e+00
6.600000000000000000e+01 1.289126853377265114e+01 1.111111111111111072e+01 2.777777777777777679e+00 4.000000000000000000e+00
6.700000000000000000e+01 1.223228995057660740e+01 1.944444444444444642e+01 0.000000000000000000e+00 7.000000000000000000e+00
6.800000000000000000e+01 1.210873146622734708e+01 2.222222222222222143e+01 0.000000000000000000e+00 8.000000000000000000e+00
6.900000000000000000e+01 1.235584843492586415e+01 1.944444444444444642e+01 0.000000000000000000e+00 7.000000000000000000e+00
7.000000000000000000e+01 1.227347611202635846e+01 3.611111111111110716e+01 0.000000000000000000e+00 1.300000000000000000e+01
7.100000000000000000e+01 1.297364085667215861e+01 2.777777777777777857e+01 2.777777777777777679e+00 1.000000000000000000e+01
7.200000000000000000e+01 1.239703459637561878e+01 3.333333333333332860e+01 2.777777777777777679e+00 1.200000000000000000e+01
7.300000000000000000e+01 1.350906095551894559e+01 2.777777777777777857e+01 0.000000000000000000e+00 1.000000000000000000e+01
7.400000000000000000e+01 1.330313014827018137e+01 3.055555555555555358e+01 0.000000000000000000e+00 1.100000000000000000e+01
7.500000000000000000e+01 1.268533772652388691e+01 3.055555555555555358e+01 0.000000000000000000e+00 1.100000000000000000e+01
7.600000000000000000e+01 1.112026359143327880e+01 2.222222222222222143e+01 0.000000000000000000e+00 8.000000000000000000e+00
7.700000000000000000e+01 1.206754530477759602e+01 1.944444444444444642e+01 0.000000000000000000e+00 7.000000000000000000e+00
7.800000000000000000e+01 1.157331136738056010e+01 1.666666666666666430e+01 0.000000000000000000e+00 6.000000000000000000e+00
7.900000000000000000e+01 1.223228995057660740e+01 2.500000000000000000e+01 2.777777777777777679e+00 9.000000000000000000e+00
8.000000000000000000e+01 1.256177924217462838e+01 1.666666666666666430e+01 2.777777777777777679e+00 6.000000000000000000e+00
8.100000000000000000e+01 1.293245469522240576e+01 3.055555555555555358e+01 8.333333333333332149e+00 1.100000000000000000e+01
8.200000000000000000e+01 1.317957166392092283e+01 2.777777777777777857e+01 1.388888888888888928e+01 1.000000000000000000e+01
8.300000000000000000e+01 1.289126853377265114e+01 3.055555555555555358e+01 1.666666666666666430e+01 1.100000000000000000e+01
8.400000000000000000e+01 1.243822075782536984e+01 3.611111111111110716e+01 1.388888888888888928e+01 1.300000000000000000e+01
8.500000000000000000e+01 1.264415156507413585e+01 5.833333333333333570e+01 1.388888888888888928e+01 2.100000000000000000e+01
8.600000000000000000e+01 1.408566721581548720e+01 1.111111111111111072e+01 1.111111111111111072e+01 4.000000000000000000e+00
8.700000000000000000e+01 1.317957166392092283e+01 1.666666666666666430e+01 1.388888888888888928e+01 6.000000000000000000e+00
8.800000000000000000e+01 1.285008237232289829e+01 1.388888888888888928e+01 1.944444444444444642e+01 5.000000000000000000e+00
8.900000000000000000e+01 1.247940691927512447e+01 1.388888888888888928e+01 1.944444444444444642e+01 5.000000000000000000e+00
9.000000000000000000e+01 1.124382207578253734e+01 1.111111111111111072e+01 2.222222222222222143e+01 4.000000000000000000e+00
9.100000000000000000e+01 1.004942339373970306e+01 1.388888888888888928e+01 3.333333333333332860e+01 5.000000000000000000e+00
9.200000000000000000e+01 1.058484349258649004e+01 2.222222222222222143e+01 3.888888888888889284e+01 8.000000000000000000e+00
9.300000000000000000e+01 9.884678747940691679e+00 2.777777777777777857e+01 3.055555555555555358e+01 1.000000000000000000e+01
9.400000000000000000e+01 1.021416803953871444e+01 2.500000000000000000e+01 1.666666666666666430e+01 9.000000000000000000e+00
9.500000000000000000e+01 9.678747940691927454e+00 3.055555555555555358e+01 1.111111111111111072e+01 1.100000000000000000e+01
9.600000000000000000e+01 1.004942339373970306e+01 3.888888888888889284e+01 8.333333333333332149e+00 1.400000000000000000e+01
9.700000000000000000e+01 1.000823723228995021e+01 3.055555555555555358e+01 1.111111111111111072e+01 1.100000000000000000e+01
9.800000000000000000e+01 1.157331136738056010e+01 2.777777777777777857e+01 1.111111111111111072e+01 1.000000000000000000e+01
9.900000000000000000e+01 1.079077429983525604e+01 2.777777777777777857e+01 1.111111111111111072e+01 1.000000000000000000e+01
1.000000000000000000e+02 1.033772652388797297e+01 5.000000000000000000e+01 1.111111111111111072e+01 1.800000000000000000e+01
1.010000000000000000e+02 9.843492586490938834e+00 3.333333333333332860e+01 1.111111111111111072e+01 1.200000000000000000e+01
1.020000000000000000e+02 9.390444810543657539e+00 3.055555555555555358e+01 1.111111111111111072e+01 1.100000000000000000e+01
1.030000000000000000e+02 1.029654036243822013e+01 2.500000000000000000e+01 1.111111111111111072e+01 9.000000000000000000e+00
1.040000000000000000e+02 9.884678747940691679e+00 2.222222222222222143e+01 1.111111111111111072e+01 8.000000000000000000e+00
1.050000000000000000e+02 9.225700164744646159e+00 3.333333333333332860e+01 1.111111111111111072e+01 1.200000000000000000e+01
1.060000000000000000e+02 9.390444810543657539e+00 1.666666666666666430e+01 1.111111111111111072e+01 6.000000000000000000e+00
1.070000000000000000e+02 9.678747940691927454e+00 1.388888888888888928e+01 1.111111111111111072e+01 5.000000000000000000e+00
1.080000000000000000e+02 9.431630971993410384e+00 1.111111111111111072e+01 1.111111111111111072e+01 4.000000000000000000e+00
1.090000000000000000e+02 9.843492586490938834e+00 2.222222222222222143e+01 1.111111111111111072e+01 8.000000000000000000e+00
1.100000000000000000e+02 8.278418451400328948e+00 1.666666666666666430e+01 1.111111111111111072e+01 6.000000000000000000e+00
1.110000000000000000e+02 9.472817133443163229e+00 2.777777777777777679e+00 1.111111111111111072e+01 1.000000000000000000e+00
1.120000000000000000e+02 8.360790774299834638e+00 0.000000000000000000e+00 1.111111111111111072e+01 -6.000000000000000000e+03
