# step, world, group,control
0.000000000000000000e+00 2.850082372322899715e+01 2.500000000000000000e+01 2.500000000000000000e+01 9.000000000000000000e+00
1.000000000000000000e+00 2.619439868204283428e+01 3.611111111111110716e+01 3.611111111111110716e+01 1.300000000000000000e+01
2.000000000000000000e+00 2.561779242174629445e+01 2.222222222222222143e+01 3.611111111111110716e+01 8.000000000000000000e+00
3.000000000000000000e+00 2.561779242174629445e+01 3.333333333333332860e+01 3.611111111111110716e+01 1.200000000000000000e+01
4.000000000000000000e+00 2.619439868204283428e+01 2.500000000000000000e+01 1.944444444444444642e+01 9.000000000000000000e+00
5.000000000000000000e+00 2.537067545304777383e+01 3.055555555555555358e+01 3.055555555555555358e+01 1.100000000000000000e+01
6.000000000000000000e+00 2.586490939044481152e+01 1.944444444444444642e+01 1.388888888888888928e+01 7.000000000000000000e+00
7.000000000000000000e+00 2.425864909390444524e+01 3.888888888888889284e+01 1.944444444444444642e+01 1.400000000000000000e+01
8.000000000000000000e+00 2.421746293245469417e+01 2.500000000000000000e+01 2.777777777777777857e+01 9.000000000000000000e+00
9.000000000000000000e+00 2.409390444810543386e+01 1.111111111111111072e+01 2.222222222222222143e+01 4.000000000000000000e+00
1.000000000000000000e+01 2.384678747940692034e+01 1.111111111111111072e+01 2.777777777777777857e+01 4.000000000000000000e+00
1.100000000000000000e+01 2.236408566721581792e+01 1.111111111111111072e+01 3.055555555555555358e+01 4.000000000000000000e+00
1.200000000000000000e+01 2.133443163097199147e+01 1.666666666666666430e+01 3.333333333333332860e+01 6.000000000000000000e+00
1.300000000000000000e+01 2.104612850082372333e+01 1.388888888888888928e+01 5.555555555555555713e+01 5.000000000000000000e+00
1.400000000000000000e+01 1.906919275123558322e+01 1.111111111111111072e+01 1.944444444444444642e+01 4.000000000000000000e+00
1.500000000000000000e+01 2.092257001647446657e+01 1.388888888888888928e+01 1.666666666666666430e+01 5.000000000000000000e+00
1.600000000000000000e+01 1.812191103789126956e+01 1.111111111111111072e+01 1.666666666666666430e+01 4.000000000000000000e+00
1.700000000000000000e+01 1.981054365733113798e+01 1.944444444444444642e+01 2.500000000000000000e+01 7.000000000000000000e+00
1.800000000000000000e+01 1.742174629324546942e+01 2.222222222222222143e+01 2.500000000000000000e+01 8.000000000000000000e+00
1.900000000000000000e+01 1.717462932454695235e+01 2.500000000000000000e+01 1.944444444444444642e+01 9.000000000000000000e+00
2.000000000000000000e+01 1.799835255354200925e+01 3.055555555555555358e+01 2.500000000000000000e+01 1.100000000000000000e+01
2.100000000000000000e+01 1.688632619439868066e+01 2.777777777777777857e+01 1.666666666666666430e+01 1.000000000000000000e+01
2.200000000000000000e+01 1.659802306425041252e+01 4.444444444444444287e+01 2.500000000000000000e+01 1.600000000000000000e+01
2.300000000000000000e+01 1.721581548599670342e+01 3.055555555555555358e+01 1.388888888888888928e+01 1.100000000000000000e+01
2.400000000000000000e+01 1.799835255354200925e+01 3.055555555555555358e+01 1.111111111111111072e+01 1.100000000000000000e+01
2.500000000000000000e+01 1.775123558484349218e+01 2.500000000000000000e+01 8.333333333333332149e+00 9.000000000000000000e+00
2.600000000000000000e+01 1.733937397034596373e+01 3.611111111111110716e+01 8.333333333333332149e+00 1.300000000000000000e+01
2.700000000000000000e+01 1.618616144975288407e+01 3.611111111111110716e+01 8.333333333333332149e+00 1.300000000000000000e+01
2.800000000000000000e+01 1.552718286655683855e+01 3.611111111111110716e+01 8.333333333333332149e+00 1.300000000000000000e+01
2.900000000000000000e+01 1.507413509060955548e+01 1.666666666666666430e+01 8.333333333333332149e+00 6.000000000000000000e+00
3.000000000000000000e+01 1.507413509060955548e+01 2.500000000000000000e+01 8.333333333333332149e+00 9.000000000000000000e+00
3.100000000000000000e+01 1.523887973640856686e+01 1.944444444444444642e+01 8.333333333333332149e+00 7.000000000000000000e+00
3.200000000000000000e+01 1.511532125205930832e+01 1.111111111111111072e+01 8.333333333333332149e+00 4.000000000000000000e+00
3.300000000000000000e+01 1.392092257001647582e+01 1.388888888888888928e+01 8.333333333333332149e+00 5.000000000000000000e+00
3.400000000000000000e+01 1.478583196046128556e+01 1.388888888888888928e+01 8.333333333333332149e+00 5.000000000000000000e+00
3.500000000000000000e+01 1.466227347611202525e+01 1.111111111111111072e+01 8.333333333333332149e+00 4.000000000000000000e+00
3.600000000000000000e+01 1.532125205930807077e+01 1.388888888888888928e+01 8.333333333333332149e+00 5.000000000000000000e+00
3.700000000000000000e+01 1.503294892915980263e+01 1.388888888888888928e+01 8.333333333333332149e+00 5.000000000000000000e+00
3.800000000000000000e+01 1.462108731466227241e+01 1.111111111111111072e+01 8.333333333333332149e+00 4.000000000000000000e+00
3.900000000000000000e+01 1.453871499176276849e+01 1.944444444444444642e+01 8.333333333333332149e+00 7.000000000000000000e+00
4.000000000000000000e+01 1.387973640856671942e+01 1.666666666666666430e+01 8.333333333333332149e+00 6.000000000000000000e+00
4.100000000000000000e+01 1.466227347611202525e+01 3.611111111111110716e+01 8.333333333333332149e+00 1.300000000000000000e+01
4.200000000000000000e+01 1.350906095551894559e+01 1.666666666666666430e+01 1.388888888888888928e+01 6.000000000000000000e+00
4.300000000000000000e+01 1.412685337726523827e+01 3.055555555555555358e+01 1.666666666666666430e+01 1.100000000000000000e+01
4.400000000000000000e+01 1.342668863261943990e+01 2.777777777777777857e+01 1.111111111111111072e+01 1.000000000000000000e+01
4.500000000000000000e+01 1.342668863261943990e+01 2.777777777777777857e+01 1.111111111111111072e+01 1.000000000000000000e+01
4.600000000000000000e+01 1.309719934102141714e+01 4.722222222222222854e+01 1.388888888888888928e+01 1.700000000000000000e+01
4.700000000000000000e+01 1.293245469522240576e+01 1.944444444444444642e+01 1.388888888888888928e+01 7.000000000000000000e+00
4.800000000000000000e+01 1.235584843492586415e+01 2.777777777777777857e+01 1.111111111111111072e+01 1.000000000000000000e+01
4.900000000000000000e+01 1.293245469522240576e+01 3.611111111111110716e+01 5.555555555555555358e+00 1.300000000000000000e+01
5.000000000000000000e+01 1.309719934102141714e+01 4.444444444444444287e+01 2.777777777777777679e+00 1.600000000000000000e+01
5.100000000000000000e+01 1.301482701812190967e+01 1.944444444444444642e+01 0.000000000000000000e+00 7.000000000000000000e+00
5.200000000000000000e+01 1.301482701812190967e+01 1.944444444444444642e+01 2.777777777777777679e+00 7.000000000000000000e+00
5.300000000000000000e+01 1.429159802306424965e+01 2.777777777777777857e+01 2.777777777777777679e+00 1.000000000000000000e+01
5.400000000000000000e+01 1.293245469522240576e+01 2.500000000000000000e+01 0.000000000000000000e+00 9.000000000000000000e+00
5.500000000000000000e+01 1.371499176276770804e+01 2.222222222222222143e+01 0.000000000000000000e+00 8.000000000000000000e+00
5.600000000000000000e+01 1.317957166392092283e+01 2.500000000000000000e+01 0.000000000000000000e+00 9.000000000000000000e+00
5.700000000000000000e+01 1.219110378912685277e+01 3.611111111111110716e+01 0.000000000000000000e+00 1.300000000000000000e+01
5.800000000000000000e+01 1.272652388797363976e+01 2.500000000000000000e+01 0.000000000000000000e+00 9.000000000000000000e+00
5.900000000000000000e+01 1.301482701812190967e+01 5.000000000000000000e+01 0.000000000000000000e+00 1.800000000000000000e+01
6.000000000000000000e+01 1.355024711696869666e+01 1.944444444444444642e+01 0.000000000000000000e+00 7.000000000000000000e+00
6.100000000000000000e+01 1.359143327841845306e+01 4.166666666666667140e+01 0.000000000000000000e+00 1.500000000000000000e+01
6.200000000000000000e+01 1.252059308072487553e+01 4.444444444444444287e+01 0.000000000000000000e+00 1.600000000000000000e+01
6.300000000000000000e+01 1.313838550247116999e+01 4.166666666666667140e+01 0.000000000000000000e+00 1.500000000000000000e+01
6.400000000000000000e+01 1.301482701812190967e+01 4.444444444444444287e+01 0.000000000000000000e+00 1.600000000000000000e+01
6.500000000000000000e+01 1.350906095551894559e+01 3.888888888888889284e+01 0.000000000000000000e+00 1.400000000000000000e+01
6.600000000000000000e+01 1.260296540362438300e+01 3.055555555555555358e+01 0.000000000000000000e+00 1.100000000000000000e+01
6.700000000000000000e+01 1.330313014827018137e+01 3.888888888888889284e+01 0.000000000000000000e+00 1.400000000000000000e+01
6.800000000000000000e+01 1.280889621087314723e+01 2.500000000000000000e+01 0.000000000000000000e+00 9.000000000000000000e+00
6.900000000000000000e+01 1.412685337726523827e+01 4.166666666666667140e+01 0.000000000000000000e+00 1.500000000000000000e+01
7.000000000000000000e+01 1.322075782537067390e+01 3.055555555555555358e+01 5.555555555555555358e+00 1.100000000000000000e+01
7.100000000000000000e+01 1.363261943986820413e+01 3.333333333333332860e+01 8.333333333333332149e+00 1.200000000000000000e+01
7.200000000000000000e+01 1.355024711696869666e+01 2.777777777777777857e+01 5.555555555555555358e+00 1.000000000000000000e+01
7.300000000000000000e+01 1.507413509060955548e+01 5.277777777777777857e+01 2.777777777777777679e+00 1.900000000000000000e+01
7.400000000000000000e+01 1.355024711696869666e+01 2.222222222222222143e+01 5.555555555555555358e+00 8.000000000000000000e+00
7.500000000000000000e+01 1.289126853377265114e+01 1.388888888888888928e+01 0.000000000000000000e+00 5.000000000000000000e+00
7.600000000000000000e+01 1.153212520593080725e+01 1.388888888888888928e+01 5.555555555555555358e+00 5.000000000000000000e+00
7.700000000000000000e+01 1.264415156507413585e+01 1.111111111111111072e+01 5.555555555555555358e+00 4.000000000000000000e+00
7.800000000000000000e+01 1.157331136738056010e+01 1.666666666666666430e+01 1.388888888888888928e+01 6.000000000000000000e+00
7.900000000000000000e+01 1.107907742998352418e+01 1.944444444444444642e+01 5.555555555555555358e+00 7.000000000000000000e+00
8.000000000000000000e+01 1.202635914332784139e+01 2.777777777777777857e+01 0.000000000000000000e+00 1.000000000000000000e+01
8.100000000000000000e+01 1.227347611202635846e+01 2.500000000000000000e+01 0.000000000000000000e+00 9.000000000000000000e+00
8.200000000000000000e+01 1.309719934102141714e+01 2.222222222222222143e+01 0.000000000000000000e+00 8.000000000000000000e+00
8.300000000000000000e+01 1.330313014827018137e+01 2.500000000000000000e+01 2.777777777777777679e+00 9.000000000000000000e+00
8.400000000000000000e+01 1.375617792421746444e+01 3.611111111111110716e+01 2.777777777777777679e+00 1.300000000000000000e+01
8.500000000000000000e+01 1.297364085667215861e+01 1.666666666666666430e+01 5.555555555555555358e+00 6.000000000000000000e+00
8.600000000000000000e+01 1.272652388797363976e+01 1.944444444444444642e+01 2.777777777777777679e+00 7.000000000000000000e+00
8.700000000000000000e+01 1.334431630971993421e+01 1.666666666666666430e+01 0.000000000000000000e+00 6.000000000000000000e+00
8.800000000000000000e+01 1.285008237232289829e+01 1.944444444444444642e+01 5.555555555555555358e+00 7.000000000000000000e+00
8.900000000000000000e+01 1.219110378912685277e+01 1.944444444444444642e+01 1.111111111111111072e+01 7.000000000000000000e+00
9.000000000000000000e+01 1.453871499176276849e+01 1.666666666666666430e+01 1.388888888888888928e+01 6.000000000000000000e+00
9.100000000000000000e+01 1.330313014827018137e+01 8.333333333333332149e+00 2.222222222222222143e+01 3.000000000000000000e+00
9.200000000000000000e+01 1.317957166392092283e+01 5.555555555555555358e+00 3.888888888888889284e+01 2.000000000000000000e+00
9.300000000000000000e+01 1.462108731466227241e+01 5.555555555555555358e+00 1.111111111111111072e+01 2.000000000000000000e+00
9.400000000000000000e+01 1.552718286655683855e+01 0.000000000000000000e+00 2.777777777777777679e+00 -6.000000000000000000e+03
