# step, world, group,control
0.000000000000000000e+00 2.784184514003295163e+01 3.333333333333332860e+01 8.333333333333332149e+00 1.200000000000000000e+01
1.000000000000000000e+00 2.405271828665568279e+01 3.611111111111110716e+01 5.555555555555555358e+00 1.300000000000000000e+01
2.000000000000000000e+00 2.611202635914332504e+01 3.333333333333332860e+01 1.111111111111111072e+01 1.200000000000000000e+01
3.000000000000000000e+00 2.462932454695222617e+01 3.333333333333332860e+01 8.333333333333332149e+00 1.200000000000000000e+01
4.000000000000000000e+00 2.372322899505766003e+01 2.777777777777777857e+01 8.333333333333332149e+00 1.000000000000000000e+01
5.000000000000000000e+00 2.265238879736408606e+01 4.444444444444444287e+01 8.333333333333332149e+00 1.600000000000000000e+01
6.000000000000000000e+00 2.116968698517298009e+01 3.333333333333332860e+01 1.111111111111111072e+01 1.200000000000000000e+01
7.000000000000000000e+00 2.244645799011532006e+01 5.277777777777777857e+01 8.333333333333332149e+00 1.900000000000000000e+01
8.000000000000000000e+00 2.055189456342668919e+01 2.222222222222222143e+01 8.333333333333332149e+00 8.000000000000000000e+00
9.000000000000000000e+00 1.857495881383854908e+01 3.888888888888889284e+01 1.111111111111111072e+01 1.400000000000000000e+01
1.000000000000000000e+01 1.919275123558484353e+01 3.888888888888889284e+01 1.666666666666666430e+01 1.400000000000000000e+01
1.100000000000000000e+01 2.014003294892916074e+01 3.888888888888889284e+01 1.388888888888888928e+01 1.400000000000000000e+01
1.200000000000000000e+01 1.762767710049423542e+01 3.611111111111110716e+01 1.666666666666666430e+01 1.300000000000000000e+01
1.300000000000000000e+01 1.754530477759472973e+01 4.166666666666667140e+01 2.222222222222222143e+01 1.500000000000000000e+01
1.400000000000000000e+01 1.721581548599670342e+01 2.500000000000000000e+01 1.388888888888888928e+01 9.000000000000000000e+00
1.500000000000000000e+01 1.717462932454695235e+01 2.500000000000000000e+01 1.388888888888888928e+01 9.000000000000000000e+00
1.600000000000000000e+01 1.849258649093904339e+01 2.500000000000000000e+01 1.111111111111111072e+01 9.000000000000000000e+00
1.700000000000000000e+01 1.577429983525535384e+01 3.611111111111110716e+01 1.666666666666666430e+01 1.300000000000000000e+01
1.800000000000000000e+01 1.528006589785831970e+01 1.944444444444444642e+01 2.222222222222222143e+01 7.000000000000000000e+00
1.900000000000000000e+01 1.495057660626029694e+01 2.777777777777777857e+01 1.111111111111111072e+01 1.000000000000000000e+01
2.000000000000000000e+01 1.474464579901153272e+01 2.222222222222222143e+01 1.666666666666666430e+01 8.000000000000000000e+00
2.100000000000000000e+01 1.507413509060955548e+01 1.388888888888888928e+01 1.666666666666666430e+01 5.000000000000000000e+00
2.200000000000000000e+01 1.478583196046128556e+01 1.666666666666666430e+01 2.222222222222222143e+01 6.000000000000000000e+00
2.300000000000000000e+01 1.408566721581548720e+01 2.777777777777777857e+01 2.222222222222222143e+01 1.000000000000000000e+01
2.400000000000000000e+01 1.309719934102141714e+01 2.500000000000000000e+01 2.222222222222222143e+01 9.000000000000000000e+00
2.500000000000000000e+01 1.330313014827018137e+01 2.777777777777777857e+01 1.944444444444444642e+01 1.000000000000000000e+01
2.600000000000000000e+01 1.264415156507413585e+01 3.333333333333332860e+01 1.111111111111111072e+01 1.200000000000000000e+01
2.700000000000000000e+01 1.173805601317957148e+01 1.388888888888888928e+01 2.222222222222222143e+01 5.000000000000000000e+00
2.800000000000000000e+01 1.157331136738056010e+01 0.000000000000000000e+00 1.388888888888888928e+01 -6.000000000000000000e+03
