# step, world, group,control
0.000000000000000000e+00 2.730642504118615932e+01 5.000000000000000000e+01 1.388888888888888928e+01 1.800000000000000000e+01
1.000000000000000000e+00 2.607084019769357397e+01 3.611111111111110716e+01 8.333333333333332149e+00 1.300000000000000000e+01
2.000000000000000000e+00 2.619439868204283428e+01 3.333333333333332860e+01 2.777777777777777679e+00 1.200000000000000000e+01
3.000000000000000000e+00 2.623558484349258890e+01 3.055555555555555358e+01 8.333333333333332149e+00 1.100000000000000000e+01
4.000000000000000000e+00 2.619439868204283428e+01 4.722222222222222854e+01 8.333333333333332149e+00 1.700000000000000000e+01
5.000000000000000000e+00 2.421746293245469417e+01 2.222222222222222143e+01 0.000000000000000000e+00 8.000000000000000000e+00
6.000000000000000000e+00 2.322899505766062589e+01 1.111111111111111072e+01 8.333333333333332149e+00 4.000000000000000000e+00
7.000000000000000000e+00 2.038714991762767781e+01 1.666666666666666430e+01 5.555555555555555358e+00 6.000000000000000000e+00
8.000000000000000000e+00 1.972817133443163229e+01 1.666666666666666430e+01 8.333333333333332149e+00 6.000000000000000000e+00
9.000000000000000000e+00 1.873970345963756046e+01 1.111111111111111072e+01 5.555555555555555358e+00 4.000000000000000000e+00
1.000000000000000000e+01 1.746293245469522404e+01 8.333333333333332149e+00 2.777777777777777679e+00 3.000000000000000000e+00
1.100000000000000000e+01 1.783360790774299787e+01 8.333333333333332149e+00 0.000000000000000000e+00 3.000000000000000000e+00
1.200000000000000000e+01 1.795716639209225818e+01 1.388888888888888928e+01 0.000000000000000000e+00 5.000000000000000000e+00
1.300000000000000000e+01 1.565074135090609531e+01 1.111111111111111072e+01 0.000000000000000000e+00 4.000000000000000000e+00
1.400000000000000000e+01 1.581548599670510669e+01 1.666666666666666430e+01 0.000000000000000000e+00 6.000000000000000000e+00
1.500000000000000000e+01 1.285008237232289829e+01 3.333333333333332860e+01 2.777777777777777679e+00 1.200000000000000000e+01
1.600000000000000000e+01 1.457990115321252134e+01 2.777777777777777857e+01 0.000000000000000000e+00 1.000000000000000000e+01
1.700000000000000000e+01 1.334431630971993421e+01 1.944444444444444642e+01 0.000000000000000000e+00 7.000000000000000000e+00
1.800000000000000000e+01 1.198517298187809033e+01 2.222222222222222143e+01 2.777777777777777679e+00 8.000000000000000000e+00
1.900000000000000000e+01 1.346787479406919275e+01 1.944444444444444642e+01 2.777777777777777679e+00 7.000000000000000000e+00
2.000000000000000000e+01 1.223228995057660740e+01 3.055555555555555358e+01 5.555555555555555358e+00 1.100000000000000000e+01
2.100000000000000000e+01 1.420922570016474573e+01 2.777777777777777857e+01 8.333333333333332149e+00 1.000000000000000000e+01
2.200000000000000000e+01 1.326194398682042852e+01 2.777777777777777857e+01 8.333333333333332149e+00 1.000000000000000000e+01
2.300000000000000000e+01 1.289126853377265114e+01 1.944444444444444642e+01 1.388888888888888928e+01 7.000000000000000000e+00
2.400000000000000000e+01 1.285008237232289829e+01 2.500000000000000000e+01 1.111111111111111072e+01 9.000000000000000000e+00
2.500000000000000000e+01 1.309719934102141714e+01 1.944444444444444642e+01 1.666666666666666430e+01 7.000000000000000000e+00
2.600000000000000000e+01 1.276771004942339438e+01 1.388888888888888928e+01 1.666666666666666430e+01 5.000000000000000000e+00
2.700000000000000000e+01 1.194398682042833570e+01 1.666666666666666430e+01 2.222222222222222143e+01 6.000000000000000000e+00
2.800000000000000000e+01 1.330313014827018137e+01 8.333333333333332149e+00 2.222222222222222143e+01 3.000000000000000000e+00
2.900000000000000000e+01 1.136738056013179587e+01 1.388888888888888928e+01 2.777777777777777857e+01 5.000000000000000000e+00
3.000000000000000000e+01 1.144975288303130156e+01 1.111111111111111072e+01 3.333333333333332860e+01 4.000000000000000000e+00
3.100000000000000000e+01 1.037891268533772759e+01 1.111111111111111072e+01 3.333333333333332860e+01 4.000000000000000000e+00
3.200000000000000000e+01 1.107907742998352418e+01 2.222222222222222143e+01 5.000000000000000000e+01 8.000000000000000000e+00
3.300000000000000000e+01 1.042009884678747866e+01 3.333333333333332860e+01 1.666666666666666430e+01 1.200000000000000000e+01
3.400000000000000000e+01 1.116144975288303165e+01 1.111111111111111072e+01 2.222222222222222143e+01 4.000000000000000000e+00
3.500000000000000000e+01 1.021416803953871444e+01 1.111111111111111072e+01 1.666666666666666430e+01 4.000000000000000000e+00
3.600000000000000000e+01 9.596375617792421764e+00 2.777777777777777679e+00 1.111111111111111072e+01 1.000000000000000000e+00
3.700000000000000000e+01 1.009060955518945590e+01 0.000000000000000000e+00 1.111111111111111072e+01 -6.000000000000000000e+03
