# step, world, group,control
0.000000000000000000e+00 2.425864909390444524e+01 4.166666666666667140e+01 3.055555555555555358e+01 1.500000000000000000e+01
1.000000000000000000e+00 2.487644151565073969e+01 1.111111111111111072e+01 4.166666666666667140e+01 4.000000000000000000e+00
2.000000000000000000e+00 2.413509060955519203e+01 1.388888888888888928e+01 2.222222222222222143e+01 5.000000000000000000e+00
3.000000000000000000e+00 2.244645799011532006e+01 1.666666666666666430e+01 1.111111111111111072e+01 6.000000000000000000e+00
4.000000000000000000e+00 2.154036243822075747e+01 1.111111111111111072e+01 1.944444444444444642e+01 4.000000000000000000e+00
5.000000000000000000e+00 2.063426688632619488e+01 5.555555555555555358e+00 2.500000000000000000e+01 2.000000000000000000e+00
6.000000000000000000e+00 2.141680395387150071e+01 5.555555555555555358e+00 1.666666666666666430e+01 2.000000000000000000e+00
7.000000000000000000e+00 1.865733113673805477e+01 1.666666666666666430e+01 2.222222222222222143e+01 6.000000000000000000e+00
8.000000000000000000e+00 1.799835255354200925e+01 2.777777777777777857e+01 2.777777777777777857e+01 1.000000000000000000e+01
9.000000000000000000e+00 1.857495881383854908e+01 1.666666666666666430e+01 3.611111111111110716e+01 6.000000000000000000e+00
1.000000000000000000e+01 1.610378912685337838e+01 2.222222222222222143e+01 3.055555555555555358e+01 8.000000000000000000e+00
1.100000000000000000e+01 1.725700164744645804e+01 3.055555555555555358e+01 3.888888888888889284e+01 1.100000000000000000e+01
1.200000000000000000e+01 1.565074135090609531e+01 1.388888888888888928e+01 3.888888888888889284e+01 5.000000000000000000e+00
1.300000000000000000e+01 1.676276771004942390e+01 2.777777777777777857e+01 4.722222222222222854e+01 1.000000000000000000e+01
1.400000000000000000e+01 1.573311367380560100e+01 2.222222222222222143e+01 2.500000000000000000e+01 8.000000000000000000e+00
1.500000000000000000e+01 1.606260296540362376e+01 3.055555555555555358e+01 3.611111111111110716e+01 1.100000000000000000e+01
1.600000000000000000e+01 1.540362438220757824e+01 2.222222222222222143e+01 2.500000000000000000e+01 8.000000000000000000e+00
1.700000000000000000e+01 1.598023064250411807e+01 3.055555555555555358e+01 2.500000000000000000e+01 1.100000000000000000e+01
1.800000000000000000e+01 1.560955518945634246e+01 2.222222222222222143e+01 2.222222222222222143e+01 8.000000000000000000e+00
1.900000000000000000e+01 1.445634266886326103e+01 3.333333333333332860e+01 3.055555555555555358e+01 1.200000000000000000e+01
2.000000000000000000e+01 1.540362438220757824e+01 1.388888888888888928e+01 3.055555555555555358e+01 5.000000000000000000e+00
2.100000000000000000e+01 1.359143327841845306e+01 1.666666666666666430e+01 2.777777777777777857e+01 6.000000000000000000e+00
2.200000000000000000e+01 1.392092257001647582e+01 2.222222222222222143e+01 4.444444444444444287e+01 8.000000000000000000e+00
2.300000000000000000e+01 1.453871499176276849e+01 2.222222222222222143e+01 2.777777777777777857e+01 8.000000000000000000e+00
2.400000000000000000e+01 1.445634266886326103e+01 2.500000000000000000e+01 2.777777777777777857e+01 9.000000000000000000e+00
2.500000000000000000e+01 1.457990115321252134e+01 2.500000000000000000e+01 1.666666666666666430e+01 9.000000000000000000e+00
2.600000000000000000e+01 1.379736408566721551e+01 2.777777777777777857e+01 1.666666666666666430e+01 1.000000000000000000e+01
2.700000000000000000e+01 1.387973640856671942e+01 5.555555555555555358e+00 1.111111111111111072e+01 2.000000000000000000e+00
2.800000000000000000e+01 1.396210873146622689e+01 5.555555555555555358e+00 5.555555555555555358e+00 2.000000000000000000e+00
2.900000000000000000e+01 1.383855024711696835e+01 5.555555555555555358e+00 5.555555555555555358e+00 2.000000000000000000e+00
3.000000000000000000e+01 1.371499176276770804e+01 0.000000000000000000e+00 0.000000000000000000e+00 -6.000000000000000000e+03
