# step, world, group,control
0.000000000000000000e+00 2.607084019769357397e+01 1.111111111111111072e+01 2.222222222222222143e+01 4.000000000000000000e+00
1.000000000000000000e+00 2.384678747940692034e+01 2.222222222222222143e+01 2.777777777777777857e+01 8.000000000000000000e+00
2.000000000000000000e+00 2.631795716639209104e+01 8.333333333333332149e+00 1.944444444444444642e+01 3.000000000000000000e+00
3.000000000000000000e+00 2.598846787479406828e+01 8.333333333333332149e+00 1.944444444444444642e+01 3.000000000000000000e+00
4.000000000000000000e+00 2.553542009884678876e+01 1.388888888888888928e+01 1.666666666666666430e+01 5.000000000000000000e+00
5.000000000000000000e+00 2.532948929159802276e+01 8.333333333333332149e+00 2.500000000000000000e+01 3.000000000000000000e+00
6.000000000000000000e+00 2.343492586490938834e+01 1.666666666666666430e+01 1.944444444444444642e+01 6.000000000000000000e+00
7.000000000000000000e+00 2.281713344316309744e+01 2.222222222222222143e+01 2.222222222222222143e+01 8.000000000000000000e+00
8.000000000000000000e+00 2.162273476112026316e+01 2.777777777777777857e+01 1.388888888888888928e+01 1.000000000000000000e+01
9.000000000000000000e+00 2.302306425041186344e+01 2.777777777777777857e+01 1.666666666666666430e+01 1.000000000000000000e+01
1.000000000000000000e+01 2.372322899505766003e+01 2.500000000000000000e+01 1.388888888888888928e+01 9.000000000000000000e+00
1.100000000000000000e+01 2.277594728171334282e+01 2.500000000000000000e+01 1.666666666666666430e+01 9.000000000000000000e+00
1.200000000000000000e+01 2.170510708401976885e+01 2.777777777777777857e+01 2.222222222222222143e+01 1.000000000000000000e+01
1.300000000000000000e+01 2.071663920922570057e+01 2.777777777777777857e+01 3.333333333333332860e+01 1.000000000000000000e+01
1.400000000000000000e+01 2.071663920922570057e+01 3.333333333333332860e+01 2.777777777777777857e+01 1.200000000000000000e+01
1.500000000000000000e+01 2.022240527182866643e+01 2.777777777777777857e+01 2.777777777777777679e+00 1.000000000000000000e+01
1.600000000000000000e+01 1.906919275123558322e+01 3.055555555555555358e+01 5.555555555555555358e+00 1.100000000000000000e+01
1.700000000000000000e+01 1.717462932454695235e+01 3.333333333333332860e+01 2.777777777777777679e+00 1.200000000000000000e+01
1.800000000000000000e+01 1.766886326194398649e+01 2.222222222222222143e+01 0.000000000000000000e+00 8.000000000000000000e+00
1.900000000000000000e+01 1.668039538714991821e+01 3.611111111111110716e+01 2.777777777777777679e+00 1.300000000000000000e+01
2.000000000000000000e+01 1.886326194398682077e+01 2.222222222222222143e+01 5.555555555555555358e+00 8.000000000000000000e+00
2.100000000000000000e+01 1.795716639209225818e+01 1.388888888888888928e+01 5.555555555555555358e+00 5.000000000000000000e+00
2.200000000000000000e+01 1.758649093904448080e+01 1.388888888888888928e+01 8.333333333333332149e+00 5.000000000000000000e+00
2.300000000000000000e+01 1.705107084019769204e+01 2.222222222222222143e+01 8.333333333333332149e+00 8.000000000000000000e+00
2.400000000000000000e+01 1.729818780889621266e+01 1.944444444444444642e+01 1.111111111111111072e+01 7.000000000000000000e+00
2.500000000000000000e+01 1.820428336079077525e+01 1.111111111111111072e+01 1.666666666666666430e+01 4.000000000000000000e+00
2.600000000000000000e+01 1.688632619439868066e+01 1.944444444444444642e+01 2.222222222222222143e+01 7.000000000000000000e+00
2.700000000000000000e+01 1.486820428336079125e+01 1.944444444444444642e+01 2.222222222222222143e+01 7.000000000000000000e+00
2.800000000000000000e+01 1.540362438220757824e+01 2.500000000000000000e+01 1.944444444444444642e+01 9.000000000000000000e+00
2.900000000000000000e+01 1.560955518945634246e+01 1.666666666666666430e+01 2.777777777777777857e+01 6.000000000000000000e+00
3.000000000000000000e+01 1.565074135090609531e+01 2.500000000000000000e+01 2.500000000000000000e+01 9.000000000000000000e+00
3.100000000000000000e+01 1.560955518945634246e+01 2.500000000000000000e+01 2.500000000000000000e+01 9.000000000000000000e+00
3.200000000000000000e+01 1.466227347611202525e+01 2.777777777777777857e+01 4.722222222222222854e+01 1.000000000000000000e+01
3.300000000000000000e+01 1.371499176276770804e+01 2.222222222222222143e+01 3.055555555555555358e+01 8.000000000000000000e+00
3.400000000000000000e+01 1.392092257001647582e+01 3.055555555555555358e+01 3.611111111111110716e+01 1.100000000000000000e+01
3.500000000000000000e+01 1.383855024711696835e+01 3.611111111111110716e+01 3.055555555555555358e+01 1.300000000000000000e+01
3.600000000000000000e+01 1.326194398682042852e+01 3.333333333333332860e+01 4.722222222222222854e+01 1.200000000000000000e+01
3.700000000000000000e+01 1.342668863261943990e+01 2.500000000000000000e+01 3.333333333333332860e+01 9.000000000000000000e+00
3.800000000000000000e+01 1.309719934102141714e+01 3.611111111111110716e+01 3.888888888888889284e+01 1.300000000000000000e+01
3.900000000000000000e+01 1.425041186161449858e+01 3.333333333333332860e+01 3.888888888888889284e+01 1.200000000000000000e+01
4.000000000000000000e+01 1.420922570016474573e+01 1.944444444444444642e+01 3.333333333333332860e+01 7.000000000000000000e+00
4.100000000000000000e+01 1.396210873146622689e+01 3.333333333333332860e+01 5.277777777777777857e+01 1.200000000000000000e+01
4.200000000000000000e+01 1.474464579901153272e+01 2.222222222222222143e+01 3.611111111111110716e+01 8.000000000000000000e+00
4.300000000000000000e+01 1.412685337726523827e+01 2.222222222222222143e+01 3.333333333333332860e+01 8.000000000000000000e+00
4.400000000000000000e+01 1.449752883031301387e+01 1.388888888888888928e+01 2.777777777777777857e+01 5.000000000000000000e+00
4.500000000000000000e+01 1.429159802306424965e+01 2.777777777777777679e+00 2.222222222222222143e+01 1.000000000000000000e+00
4.600000000000000000e+01 1.532125205930807077e+01 0.000000000000000000e+00 2.222222222222222143e+01 -6.000000000000000000e+03
