# step, world, group,control
0.000000000000000000e+00 2.697693574958813656e+01 4.166666666666667140e+01 3.333333333333332860e+01 1.500000000000000000e+01
1.000000000000000000e+00 2.265238879736408606e+01 3.611111111111110716e+01 2.500000000000000000e+01 1.300000000000000000e+01
2.000000000000000000e+00 2.306425041186161451e+01 1.666666666666666430e+01 4.444444444444444287e+01 6.000000000000000000e+00
3.000000000000000000e+00 2.347611202635914296e+01 1.944444444444444642e+01 1.388888888888888928e+01 7.000000000000000000e+00
4.000000000000000000e+00 2.137561779242174609e+01 1.944444444444444642e+01 1.111111111111111072e+01 7.000000000000000000e+00
5.000000000000000000e+00 1.968698517298187767e+01 2.777777777777777857e+01 8.333333333333332149e+00 1.000000000000000000e+01
6.000000000000000000e+00 1.857495881383854908e+01 4.444444444444444287e+01 1.111111111111111072e+01 1.600000000000000000e+01
7.000000000000000000e+00 1.787479406919275249e+01 2.777777777777777857e+01 1.111111111111111072e+01 1.000000000000000000e+01
8.000000000000000000e+00 1.808072487644151494e+01 2.777777777777777857e+01 1.111111111111111072e+01 1.000000000000000000e+01
9.000000000000000000e+00 1.676276771004942390e+01 2.222222222222222143e+01 1.111111111111111072e+01 8.000000000000000000e+00
1.000000000000000000e+01 1.709225700164744666e+01 3.333333333333332860e+01 1.111111111111111072e+01 1.200000000000000000e+01
1.100000000000000000e+01 1.610378912685337838e+01 3.055555555555555358e+01 1.388888888888888928e+01 1.100000000000000000e+01
1.200000000000000000e+01 1.787479406919275249e+01 3.611111111111110716e+01 8.333333333333332149e+00 1.300000000000000000e+01
1.300000000000000000e+01 1.585667215815486131e+01 2.500000000000000000e+01 1.111111111111111072e+01 9.000000000000000000e+00
1.400000000000000000e+01 1.618616144975288407e+01 3.055555555555555358e+01 1.111111111111111072e+01 1.100000000000000000e+01
1.500000000000000000e+01 1.519769357495881579e+01 3.333333333333332860e+01 8.333333333333332149e+00 1.200000000000000000e+01
1.600000000000000000e+01 1.482701812191103663e+01 1.944444444444444642e+01 5.555555555555555358e+00 7.000000000000000000e+00
1.700000000000000000e+01 1.515650741350905939e+01 2.222222222222222143e+01 0.000000000000000000e+00 8.000000000000000000e+00
1.800000000000000000e+01 1.606260296540362376e+01 2.777777777777777857e+01 0.000000000000000000e+00 1.000000000000000000e+01
1.900000000000000000e+01 1.523887973640856686e+01 1.666666666666666430e+01 0.000000000000000000e+00 6.000000000000000000e+00
2.000000000000000000e+01 1.441515650741350996e+01 2.222222222222222143e+01 0.000000000000000000e+00 8.000000000000000000e+00
2.100000000000000000e+01 1.429159802306424965e+01 2.777777777777777857e+01 0.000000000000000000e+00 1.000000000000000000e+01
2.200000000000000000e+01 1.486820428336079125e+01 2.500000000000000000e+01 0.000000000000000000e+00 9.000000000000000000e+00
2.300000000000000000e+01 1.330313014827018137e+01 3.333333333333332860e+01 0.000000000000000000e+00 1.200000000000000000e+01
2.400000000000000000e+01 1.355024711696869666e+01 1.388888888888888928e+01 0.000000000000000000e+00 5.000000000000000000e+00
2.500000000000000000e+01 1.425041186161449858e+01 3.611111111111110716e+01 0.000000000000000000e+00 1.300000000000000000e+01
2.600000000000000000e+01 1.429159802306424965e+01 1.666666666666666430e+01 0.000000000000000000e+00 6.000000000000000000e+00
2.700000000000000000e+01 1.396210873146622689e+01 8.333333333333332149e+00 0.000000000000000000e+00 3.000000000000000000e+00
2.800000000000000000e+01 1.256177924217462838e+01 2.222222222222222143e+01 0.000000000000000000e+00 8.000000000000000000e+00
2.900000000000000000e+01 1.355024711696869666e+01 1.388888888888888928e+01 0.000000000000000000e+00 5.000000000000000000e+00
3.000000000000000000e+01 1.433278418451400249e+01 2.777777777777777679e+00 0.000000000000000000e+00 1.000000000000000000e+00
3.100000000000000000e+01 1.371499176276770804e+01 2.777777777777777679e+00 0.000000000000000000e+00 1.000000000000000000e+00
3.200000000000000000e+01 1.375617792421746444e+01 2.777777777777777679e+00 0.000000000000000000e+00 1.000000000000000000e+00
3.300000000000000000e+01 1.416803953871499111e+01 2.777777777777777679e+00 2.777777777777777679e+00 1.000000000000000000e+00
3.400000000000000000e+01 1.392092257001647582e+01 2.777777777777777679e+00 5.555555555555555358e+00 1.000000000000000000e+00
3.500000000000000000e+01 1.387973640856671942e+01 5.555555555555555358e+00 8.333333333333332149e+00 2.000000000000000000e+00
3.600000000000000000e+01 1.342668863261943990e+01 1.111111111111111072e+01 8.333333333333332149e+00 4.000000000000000000e+00
3.700000000000000000e+01 1.346787479406919275e+01 1.388888888888888928e+01 1.388888888888888928e+01 5.000000000000000000e+00
3.800000000000000000e+01 1.330313014827018137e+01 1.111111111111111072e+01 1.388888888888888928e+01 4.000000000000000000e+00
3.900000000000000000e+01 1.289126853377265114e+01 1.388888888888888928e+01 1.944444444444444642e+01 5.000000000000000000e+00
4.000000000000000000e+01 1.297364085667215861e+01 1.388888888888888928e+01 1.666666666666666430e+01 5.000000000000000000e+00
4.100000000000000000e+01 1.161449752883031294e+01 2.222222222222222143e+01 2.777777777777777857e+01 8.000000000000000000e+00
4.200000000000000000e+01 1.293245469522240576e+01 1.388888888888888928e+01 1.944444444444444642e+01 5.000000000000000000e+00
4.300000000000000000e+01 1.177924217462932432e+01 2.222222222222222143e+01 3.055555555555555358e+01 8.000000000000000000e+00
4.400000000000000000e+01 1.317957166392092283e+01 2.222222222222222143e+01 2.777777777777777857e+01 8.000000000000000000e+00
4.500000000000000000e+01 1.157331136738056010e+01 3.055555555555555358e+01 4.722222222222222854e+01 1.100000000000000000e+01
4.600000000000000000e+01 1.322075782537067390e+01 3.055555555555555358e+01 1.111111111111111072e+01 1.100000000000000000e+01
4.700000000000000000e+01 1.305601317957166252e+01 2.500000000000000000e+01 1.666666666666666430e+01 9.000000000000000000e+00
4.800000000000000000e+01 1.252059308072487553e+01 3.611111111111110716e+01 2.777777777777777857e+01 1.300000000000000000e+01
4.900000000000000000e+01 1.350906095551894559e+01 2.777777777777777857e+01 1.666666666666666430e+01 1.000000000000000000e+01
5.000000000000000000e+01 1.243822075782536984e+01 3.333333333333332860e+01 1.666666666666666430e+01 1.200000000000000000e+01
5.100000000000000000e+01 1.359143327841845306e+01 4.166666666666667140e+01 1.666666666666666430e+01 1.500000000000000000e+01
5.200000000000000000e+01 1.317957166392092283e+01 5.000000000000000000e+01 2.222222222222222143e+01 1.800000000000000000e+01
5.300000000000000000e+01 1.495057660626029694e+01 2.222222222222222143e+01 2.222222222222222143e+01 8.000000000000000000e+00
5.400000000000000000e+01 1.363261943986820413e+01 1.944444444444444642e+01 2.500000000000000000e+01 7.000000000000000000e+00
5.500000000000000000e+01 1.462108731466227241e+01 1.388888888888888928e+01 2.222222222222222143e+01 5.000000000000000000e+00
5.600000000000000000e+01 1.334431630971993421e+01 2.777777777777777857e+01 1.666666666666666430e+01 1.000000000000000000e+01
5.700000000000000000e+01 1.449752883031301387e+01 2.222222222222222143e+01 2.222222222222222143e+01 8.000000000000000000e+00
5.800000000000000000e+01 1.453871499176276849e+01 2.222222222222222143e+01 3.055555555555555358e+01 8.000000000000000000e+00
5.900000000000000000e+01 1.523887973640856686e+01 3.055555555555555358e+01 1.944444444444444642e+01 1.100000000000000000e+01
6.000000000000000000e+01 1.400329489291597973e+01 4.166666666666667140e+01 2.777777777777777857e+01 1.500000000000000000e+01
6.100000000000000000e+01 1.322075782537067390e+01 4.722222222222222854e+01 1.111111111111111072e+01 1.700000000000000000e+01
6.200000000000000000e+01 1.387973640856671942e+01 3.888888888888889284e+01 8.333333333333332149e+00 1.400000000000000000e+01
6.300000000000000000e+01 1.322075782537067390e+01 4.444444444444444287e+01 8.333333333333332149e+00 1.600000000000000000e+01
6.400000000000000000e+01 1.214991762767710171e+01 3.611111111111110716e+01 5.555555555555555358e+00 1.300000000000000000e+01
6.500000000000000000e+01 1.285008237232289829e+01 4.722222222222222854e+01 5.555555555555555358e+00 1.700000000000000000e+01
6.600000000000000000e+01 1.227347611202635846e+01 5.000000000000000000e+01 2.777777777777777679e+00 1.800000000000000000e+01
6.700000000000000000e+01 1.346787479406919275e+01 3.611111111111110716e+01 2.777777777777777679e+00 1.300000000000000000e+01
6.800000000000000000e+01 1.260296540362438300e+01 3.888888888888889284e+01 5.555555555555555358e+00 1.400000000000000000e+01
6.900000000000000000e+01 1.342668863261943990e+01 3.888888888888889284e+01 5.555555555555555358e+00 1.400000000000000000e+01
7.000000000000000000e+01 1.392092257001647582e+01 3.888888888888889284e+01 5.555555555555555358e+00 1.400000000000000000e+01
7.100000000000000000e+01 1.317957166392092283e+01 4.444444444444444287e+01 5.555555555555555358e+00 1.600000000000000000e+01
7.200000000000000000e+01 1.359143327841845306e+01 4.444444444444444287e+01 5.555555555555555358e+00 1.600000000000000000e+01
7.300000000000000000e+01 1.301482701812190967e+01 3.055555555555555358e+01 5.555555555555555358e+00 1.100000000000000000e+01
7.400000000000000000e+01 1.338550247116968528e+01 2.777777777777777857e+01 5.555555555555555358e+00 1.000000000000000000e+01
7.500000000000000000e+01 1.342668863261943990e+01 4.444444444444444287e+01 8.333333333333332149e+00 1.600000000000000000e+01
7.600000000000000000e+01 1.338550247116968528e+01 1.388888888888888928e+01 8.333333333333332149e+00 5.000000000000000000e+00
7.700000000000000000e+01 1.219110378912685277e+01 2.777777777777777857e+01 1.111111111111111072e+01 1.000000000000000000e+01
7.800000000000000000e+01 1.128500823723229018e+01 3.333333333333332860e+01 1.111111111111111072e+01 1.200000000000000000e+01
7.900000000000000000e+01 1.066721581548599573e+01 3.888888888888889284e+01 1.111111111111111072e+01 1.400000000000000000e+01
8.000000000000000000e+01 1.037891268533772759e+01 2.222222222222222143e+01 1.111111111111111072e+01 8.000000000000000000e+00
8.100000000000000000e+01 1.004942339373970306e+01 3.611111111111110716e+01 1.111111111111111072e+01 1.300000000000000000e+01
8.200000000000000000e+01 1.058484349258649004e+01 3.611111111111110716e+01 1.111111111111111072e+01 1.300000000000000000e+01
8.300000000000000000e+01 1.103789126853377311e+01 1.111111111111111072e+01 1.111111111111111072e+01 4.000000000000000000e+00
8.400000000000000000e+01 1.157331136738056010e+01 1.666666666666666430e+01 1.111111111111111072e+01 6.000000000000000000e+00
8.500000000000000000e+01 1.116144975288303165e+01 2.222222222222222143e+01 1.111111111111111072e+01 8.000000000000000000e+00
8.600000000000000000e+01 1.107907742998352418e+01 2.222222222222222143e+01 1.111111111111111072e+01 8.000000000000000000e+00
8.700000000000000000e+01 1.214991762767710171e+01 1.944444444444444642e+01 1.111111111111111072e+01 7.000000000000000000e+00
8.800000000000000000e+01 1.280889621087314723e+01 1.944444444444444642e+01 1.111111111111111072e+01 7.000000000000000000e+00
8.900000000000000000e+01 1.149093904448105441e+01 2.500000000000000000e+01 1.111111111111111072e+01 9.000000000000000000e+00
9.000000000000000000e+01 1.116144975288303165e+01 2.500000000000000000e+01 1.111111111111111072e+01 9.000000000000000000e+00
9.100000000000000000e+01 1.091433278418451280e+01 2.777777777777777857e+01 1.111111111111111072e+01 1.000000000000000000e+01
9.200000000000000000e+01 1.037891268533772759e+01 2.500000000000000000e+01 1.111111111111111072e+01 9.000000000000000000e+00
9.300000000000000000e+01 9.761120263591433144e+00 3.055555555555555358e+01 1.111111111111111072e+01 1.100000000000000000e+01
9.400000000000000000e+01 1.025535420098846728e+01 2.500000000000000000e+01 1.111111111111111072e+01 9.000000000000000000e+00
9.500000000000000000e+01 9.884678747940691679e+00 3.888888888888889284e+01 1.111111111111111072e+01 1.400000000000000000e+01
9.600000000000000000e+01 9.719934102141680299e+00 3.611111111111110716e+01 1.111111111111111072e+01 1.300000000000000000e+01
9.700000000000000000e+01 1.050247116968698435e+01 3.888888888888889284e+01 1.111111111111111072e+01 1.400000000000000000e+01
9.800000000000000000e+01 1.021416803953871444e+01 3.055555555555555358e+01 1.111111111111111072e+01 1.100000000000000000e+01
9.900000000000000000e+01 1.058484349258649004e+01 3.888888888888889284e+01 1.388888888888888928e+01 1.400000000000000000e+01
1.000000000000000000e+02 9.060955518945634779e+00 4.444444444444444287e+01 1.666666666666666430e+01 1.600000000000000000e+01
1.010000000000000000e+02 9.225700164744646159e+00 3.888888888888889284e+01 1.666666666666666430e+01 1.400000000000000000e+01
1.020000000000000000e+02 8.855024711696870554e+00 4.166666666666667140e+01 1.944444444444444642e+01 1.500000000000000000e+01
1.030000000000000000e+02 1.079077429983525604e+01 3.055555555555555358e+01 1.666666666666666430e+01 1.100000000000000000e+01
1.040000000000000000e+02 9.390444810543657539e+00 3.055555555555555358e+01 1.666666666666666430e+01 1.100000000000000000e+01
1.050000000000000000e+02 1.025535420098846728e+01 3.333333333333332860e+01 1.944444444444444642e+01 1.200000000000000000e+01
1.060000000000000000e+02 9.390444810543657539e+00 5.000000000000000000e+01 1.944444444444444642e+01 1.800000000000000000e+01
1.070000000000000000e+02 1.037891268533772759e+01 2.777777777777777857e+01 1.944444444444444642e+01 1.000000000000000000e+01
1.080000000000000000e+02 1.021416803953871444e+01 4.166666666666667140e+01 1.944444444444444642e+01 1.500000000000000000e+01
1.090000000000000000e+02 1.066721581548599573e+01 3.055555555555555358e+01 1.944444444444444642e+01 1.100000000000000000e+01
1.100000000000000000e+02 1.042009884678747866e+01 5.000000000000000000e+01 1.944444444444444642e+01 1.800000000000000000e+01
1.110000000000000000e+02 1.004942339373970306e+01 3.055555555555555358e+01 2.222222222222222143e+01 1.100000000000000000e+01
1.120000000000000000e+02 9.637561779242174609e+00 3.055555555555555358e+01 2.222222222222222143e+01 1.100000000000000000e+01
1.130000000000000000e+02 1.004942339373970306e+01 3.888888888888889284e+01 2.500000000000000000e+01 1.400000000000000000e+01
1.140000000000000000e+02 9.719934102141680299e+00 3.611111111111110716e+01 3.055555555555555358e+01 1.300000000000000000e+01
1.150000000000000000e+02 9.843492586490938834e+00 3.888888888888889284e+01 2.500000000000000000e+01 1.400000000000000000e+01
1.160000000000000000e+02 9.308072487644151849e+00 3.333333333333332860e+01 4.444444444444444287e+01 1.200000000000000000e+01
1.170000000000000000e+02 8.649093904448106329e+00 4.444444444444444287e+01 2.500000000000000000e+01 1.600000000000000000e+01
1.180000000000000000e+02 8.772652388797364864e+00 3.611111111111110716e+01 2.777777777777777857e+01 1.300000000000000000e+01
1.190000000000000000e+02 8.649093904448106329e+00 3.055555555555555358e+01 3.611111111111110716e+01 1.100000000000000000e+01
1.200000000000000000e+02 8.237232289950576103e+00 3.333333333333332860e+01 2.222222222222222143e+01 1.200000000000000000e+01
1.210000000000000000e+02 9.514003294892916074e+00 2.777777777777777857e+01 2.500000000000000000e+01 1.000000000000000000e+01
1.220000000000000000e+02 9.719934102141680299e+00 3.333333333333332860e+01 1.388888888888888928e+01 1.200000000000000000e+01
1.230000000000000000e+02 9.308072487644151849e+00 1.666666666666666430e+01 1.388888888888888928e+01 6.000000000000000000e+00
1.240000000000000000e+02 8.319604612850081793e+00 3.611111111111110716e+01 1.111111111111111072e+01 1.300000000000000000e+01
1.250000000000000000e+02 7.948929159802306188e+00 2.777777777777777857e+01 1.388888888888888928e+01 1.000000000000000000e+01
1.260000000000000000e+02 8.319604612850081793e+00 4.166666666666667140e+01 1.388888888888888928e+01 1.500000000000000000e+01
1.270000000000000000e+02 7.701812191103789118e+00 3.888888888888889284e+01 1.388888888888888928e+01 1.400000000000000000e+01
1.280000000000000000e+02 7.372322899505766358e+00 2.500000000000000000e+01 1.388888888888888928e+01 9.000000000000000000e+00
1.290000000000000000e+02 7.619439868204283428e+00 3.611111111111110716e+01 1.388888888888888928e+01 1.300000000000000000e+01
1.300000000000000000e+02 7.907742998352553343e+00 2.500000000000000000e+01 1.388888888888888928e+01 9.000000000000000000e+00
1.310000000000000000e+02 8.896210873146623399e+00 2.222222222222222143e+01 1.388888888888888928e+01 8.000000000000000000e+00
1.320000000000000000e+02 8.319604612850081793e+00 3.611111111111110716e+01 1.388888888888888928e+01 1.300000000000000000e+01
1.330000000000000000e+02 7.948929159802306188e+00 2.222222222222222143e+01 1.388888888888888928e+01 8.000000000000000000e+00
1.340000000000000000e+02 8.196046128500823258e+00 3.333333333333332860e+01 1.388888888888888928e+01 1.200000000000000000e+01
1.350000000000000000e+02 8.443163097199340328e+00 3.611111111111110716e+01 1.388888888888888928e+01 1.300000000000000000e+01
1.360000000000000000e+02 9.184514003294893314e+00 4.166666666666667140e+01 1.388888888888888928e+01 1.500000000000000000e+01
1.370000000000000000e+02 9.184514003294893314e+00 1.388888888888888928e+01 1.388888888888888928e+01 5.000000000000000000e+00
1.380000000000000000e+02 9.431630971993410384e+00 1.111111111111111072e+01 1.388888888888888928e+01 4.000000000000000000e+00
1.390000000000000000e+02 9.802306425041185989e+00 1.388888888888888928e+01 1.388888888888888928e+01 5.000000000000000000e+00
1.400000000000000000e+02 9.472817133443163229e+00 2.222222222222222143e+01 1.388888888888888928e+01 8.000000000000000000e+00
1.410000000000000000e+02 1.054365733113673897e+01 2.222222222222222143e+01 1.388888888888888928e+01 8.000000000000000000e+00
1.420000000000000000e+02 9.596375617792421764e+00 2.777777777777777857e+01 1.388888888888888928e+01 1.000000000000000000e+01
1.430000000000000000e+02 1.029654036243822013e+01 2.500000000000000000e+01 1.388888888888888928e+01 9.000000000000000000e+00
1.440000000000000000e+02 8.978583196046129089e+00 2.222222222222222143e+01 1.388888888888888928e+01 8.000000000000000000e+00
1.450000000000000000e+02 8.772652388797364864e+00 1.666666666666666430e+01 1.388888888888888928e+01 6.000000000000000000e+00
1.460000000000000000e+02 8.855024711696870554e+00 1.666666666666666430e+01 1.388888888888888928e+01 6.000000000000000000e+00
1.470000000000000000e+02 7.413509060955518315e+00 1.944444444444444642e+01 1.388888888888888928e+01 7.000000000000000000e+00
1.480000000000000000e+02 8.731466227347612019e+00 2.222222222222222143e+01 1.388888888888888928e+01 8.000000000000000000e+00
1.490000000000000000e+02 7.619439868204283428e+00 1.111111111111111072e+01 1.388888888888888928e+01 4.000000000000000000e+00
1.500000000000000000e+02 7.660626029654035385e+00 1.111111111111111072e+01 1.388888888888888928e+01 4.000000000000000000e+00
1.510000000000000000e+02 8.237232289950576103e+00 1.111111111111111072e+01 1.388888888888888928e+01 4.000000000000000000e+00
1.520000000000000000e+02 7.907742998352553343e+00 1.111111111111111072e+01 1.388888888888888928e+01 4.000000000000000000e+00
1.530000000000000000e+02 8.154859967051070413e+00 1.666666666666666430e+01 1.388888888888888928e+01 6.000000000000000000e+00
1.540000000000000000e+02 8.072487644151564723e+00 3.333333333333332860e+01 1.388888888888888928e+01 1.200000000000000000e+01
1.550000000000000000e+02 8.278418451400328948e+00 1.388888888888888928e+01 1.388888888888888928e+01 5.000000000000000000e+00
1.560000000000000000e+02 8.154859967051070413e+00 3.055555555555555358e+01 1.388888888888888928e+01 1.100000000000000000e+01
1.570000000000000000e+02 7.948929159802306188e+00 4.444444444444444287e+01 1.388888888888888928e+01 1.600000000000000000e+01
1.580000000000000000e+02 9.596375617792421764e+00 2.222222222222222143e+01 1.388888888888888928e+01 8.000000000000000000e+00
1.590000000000000000e+02 8.731466227347612019e+00 2.500000000000000000e+01 1.388888888888888928e+01 9.000000000000000000e+00
1.600000000000000000e+02 9.514003294892916074e+00 1.944444444444444642e+01 1.388888888888888928e+01 7.000000000000000000e+00
1.610000000000000000e+02 9.143327841845140469e+00 3.888888888888889284e+01 1.388888888888888928e+01 1.400000000000000000e+01
1.620000000000000000e+02 9.184514003294893314e+00 1.666666666666666430e+01 1.388888888888888928e+01 6.000000000000000000e+00
1.630000000000000000e+02 8.772652388797364864e+00 2.222222222222222143e+01 1.388888888888888928e+01 8.000000000000000000e+00
1.640000000000000000e+02 8.484349258649094949e+00 1.944444444444444642e+01 1.388888888888888928e+01 7.000000000000000000e+00
1.650000000000000000e+02 8.031301482701811878e+00 3.888888888888889284e+01 1.388888888888888928e+01 1.400000000000000000e+01
1.660000000000000000e+02 8.360790774299834638e+00 1.388888888888888928e+01 1.388888888888888928e+01 5.000000000000000000e+00
1.670000000000000000e+02 8.443163097199340328e+00 1.111111111111111072e+01 1.388888888888888928e+01 4.000000000000000000e+00
1.680000000000000000e+02 8.360790774299834638e+00 8.333333333333332149e+00 1.388888888888888928e+01 3.000000000000000000e+00
1.690000000000000000e+02 8.978583196046129089e+00 8.333333333333332149e+00 1.388888888888888928e+01 3.000000000000000000e+00
1.700000000000000000e+02 7.454695222405272048e+00 1.666666666666666430e+01 1.388888888888888928e+01 6.000000000000000000e+00
1.710000000000000000e+02 7.948929159802306188e+00 3.611111111111110716e+01 1.388888888888888928e+01 1.300000000000000000e+01
1.720000000000000000e+02 8.649093904448106329e+00 8.333333333333332149e+00 1.388888888888888928e+01 3.000000000000000000e+00
1.730000000000000000e+02 8.443163097199340328e+00 1.666666666666666430e+01 1.388888888888888928e+01 6.000000000000000000e+00
1.740000000000000000e+02 9.184514003294893314e+00 1.944444444444444642e+01 1.388888888888888928e+01 7.000000000000000000e+00
1.750000000000000000e+02 8.607907742998351708e+00 2.222222222222222143e+01 1.388888888888888928e+01 8.000000000000000000e+00
1.760000000000000000e+02 9.225700164744646159e+00 3.055555555555555358e+01 1.388888888888888928e+01 1.100000000000000000e+01
1.770000000000000000e+02 9.266886326194399004e+00 1.388888888888888928e+01 1.388888888888888928e+01 5.000000000000000000e+00
1.780000000000000000e+02 9.596375617792421764e+00 5.555555555555555358e+00 1.388888888888888928e+01 2.000000000000000000e+00
1.790000000000000000e+02 9.843492586490938834e+00 8.333333333333332149e+00 1.388888888888888928e+01 3.000000000000000000e+00
1.800000000000000000e+02 1.009060955518945590e+01 1.111111111111111072e+01 1.388888888888888928e+01 4.000000000000000000e+00
1.810000000000000000e+02 1.029654036243822013e+01 1.388888888888888928e+01 1.388888888888888928e+01 5.000000000000000000e+00
1.820000000000000000e+02 9.308072487644151849e+00 3.055555555555555358e+01 1.388888888888888928e+01 1.100000000000000000e+01
1.830000000000000000e+02 9.967051070840197369e+00 4.722222222222222854e+01 1.388888888888888928e+01 1.700000000000000000e+01
1.840000000000000000e+02 9.308072487644151849e+00 2.777777777777777857e+01 1.388888888888888928e+01 1.000000000000000000e+01
1.850000000000000000e+02 9.431630971993410384e+00 4.444444444444444287e+01 8.333333333333332149e+00 1.600000000000000000e+01
1.860000000000000000e+02 8.731466227347612019e+00 2.500000000000000000e+01 2.777777777777777679e+00 9.000000000000000000e+00
1.870000000000000000e+02 8.978583196046129089e+00 2.777777777777777857e+01 2.777777777777777679e+00 1.000000000000000000e+01
1.880000000000000000e+02 8.484349258649094949e+00 1.666666666666666430e+01 2.777777777777777679e+00 6.000000000000000000e+00
1.890000000000000000e+02 8.401976935749589259e+00 1.666666666666666430e+01 2.777777777777777679e+00 6.000000000000000000e+00
1.900000000000000000e+02 7.825370675453047653e+00 2.222222222222222143e+01 2.777777777777777679e+00 8.000000000000000000e+00
1.910000000000000000e+02 7.495881383855024005e+00 3.333333333333332860e+01 2.777777777777777679e+00 1.200000000000000000e+01
1.920000000000000000e+02 7.454695222405272048e+00 2.222222222222222143e+01 2.777777777777777679e+00 8.000000000000000000e+00
1.930000000000000000e+02 7.866556836902800498e+00 2.777777777777777857e+01 2.777777777777777679e+00 1.000000000000000000e+01
1.940000000000000000e+02 8.196046128500823258e+00 1.944444444444444642e+01 2.777777777777777679e+00 7.000000000000000000e+00
1.950000000000000000e+02 7.084019769357495555e+00 2.500000000000000000e+01 2.777777777777777679e+00 9.000000000000000000e+00
1.960000000000000000e+02 7.166392092257001245e+00 2.222222222222222143e+01 2.777777777777777679e+00 8.000000000000000000e+00
1.970000000000000000e+02 6.754530477759472795e+00 2.777777777777777857e+01 2.777777777777777679e+00 1.000000000000000000e+01
1.980000000000000000e+02 7.537067545304777738e+00 3.055555555555555358e+01 2.777777777777777679e+00 1.100000000000000000e+01
1.990000000000000000e+02 6.919275123558484175e+00 2.500000000000000000e+01 2.777777777777777679e+00 9.000000000000000000e+00
2.000000000000000000e+02 6.836902800658978485e+00 2.222222222222222143e+01 2.777777777777777679e+00 8.000000000000000000e+00
2.010000000000000000e+02 7.372322899505766358e+00 4.166666666666667140e+01 2.777777777777777679e+00 1.500000000000000000e+01
2.020000000000000000e+02 7.454695222405272048e+00 1.111111111111111072e+01 2.777777777777777679e+00 4.000000000000000000e+00
2.030000000000000000e+02 7.289950576606260668e+00 1.111111111111111072e+01 2.777777777777777679e+00 4.000000000000000000e+00
2.040000000000000000e+02 7.413509060955518315e+00 8.333333333333332149e+00 2.777777777777777679e+00 3.000000000000000000e+00
2.050000000000000000e+02 7.084019769357495555e+00 8.333333333333332149e+00 2.777777777777777679e+00 3.000000000000000000e+00
2.060000000000000000e+02 7.537067545304777738e+00 1.388888888888888928e+01 2.777777777777777679e+00 5.000000000000000000e+00
2.070000000000000000e+02 7.413509060955518315e+00 1.111111111111111072e+01 2.777777777777777679e+00 4.000000000000000000e+00
2.080000000000000000e+02 7.125205930807249288e+00 5.555555555555555358e+00 2.777777777777777679e+00 2.000000000000000000e+00
2.090000000000000000e+02 7.784184514003294808e+00 5.555555555555555358e+00 2.777777777777777679e+00 2.000000000000000000e+00
2.100000000000000000e+02 7.166392092257001245e+00 5.555555555555555358e+00 2.777777777777777679e+00 2.000000000000000000e+00
2.110000000000000000e+02 6.425041186161449147e+00 5.555555555555555358e+00 2.777777777777777679e+00 2.000000000000000000e+00
2.120000000000000000e+02 6.630971993410214260e+00 8.333333333333332149e+00 2.777777777777777679e+00 3.000000000000000000e+00
2.130000000000000000e+02 6.466227347611202880e+00 5.555555555555555358e+00 2.777777777777777679e+00 2.000000000000000000e+00
2.140000000000000000e+02 5.889621087314662162e+00 5.555555555555555358e+00 2.777777777777777679e+00 2.000000000000000000e+00
2.150000000000000000e+02 6.013179571663920697e+00 8.333333333333332149e+00 2.777777777777777679e+00 3.000000000000000000e+00
2.160000000000000000e+02 5.848434925864909317e+00 1.944444444444444642e+01 2.777777777777777679e+00 7.000000000000000000e+00
2.170000000000000000e+02 5.971993410214167852e+00 8.333333333333332149e+00 2.777777777777777679e+00 3.000000000000000000e+00
2.180000000000000000e+02 6.136738056013179232e+00 0.000000000000000000e+00 2.777777777777777679e+00 -6.000000000000000000e+03
