# step, world, group,control
0.000000000000000000e+00 2.813014827018121977e+01 1.666666666666666430e+01 3.333333333333332860e+01 6.000000000000000000e+00
1.000000000000000000e+00 2.541186161449752845e+01 1.666666666666666430e+01 2.500000000000000000e+01 6.000000000000000000e+00
2.000000000000000000e+00 2.611202635914332504e+01 2.777777777777777857e+01 2.500000000000000000e+01 1.000000000000000000e+01
3.000000000000000000e+00 2.331136738056013158e+01 1.666666666666666430e+01 3.611111111111110716e+01 6.000000000000000000e+00
4.000000000000000000e+00 2.261120263591433144e+01 2.500000000000000000e+01 2.777777777777777857e+01 9.000000000000000000e+00
5.000000000000000000e+00 2.162273476112026316e+01 3.055555555555555358e+01 3.055555555555555358e+01 1.100000000000000000e+01
6.000000000000000000e+00 2.026359143327841750e+01 1.666666666666666430e+01 3.611111111111110716e+01 6.000000000000000000e+00
7.000000000000000000e+00 1.981054365733113798e+01 8.333333333333332149e+00 3.611111111111110716e+01 3.000000000000000000e+00
8.000000000000000000e+00 1.960461285008237198e+01 8.333333333333332149e+00 3.888888888888889284e+01 3.000000000000000000e+00
9.000000000000000000e+00 1.948105436573311522e+01 1.666666666666666430e+01 4.444444444444444287e+01 6.000000000000000000e+00
1.000000000000000000e+01 1.779242174629324680e+01 1.111111111111111072e+01 3.055555555555555358e+01 4.000000000000000000e+00
1.100000000000000000e+01 1.832784184514003201e+01 2.777777777777777679e+00 3.611111111111110716e+01 1.000000000000000000e+00
1.200000000000000000e+01 1.622734761120263514e+01 2.777777777777777679e+00 3.055555555555555358e+01 1.000000000000000000e+00
1.300000000000000000e+01 1.771004942339374111e+01 0.000000000000000000e+00 2.777777777777777857e+01 -6.000000000000000000e+03
