# step, world, group,control
0.000000000000000000e+00 2.590609555189456614e+01 3.611111111111110716e+01 1.944444444444444642e+01 1.300000000000000000e+01
1.000000000000000000e+00 2.215815485996704837e+01 2.500000000000000000e+01 1.388888888888888928e+01 9.000000000000000000e+00
2.000000000000000000e+00 2.129324546952224040e+01 3.611111111111110716e+01 1.944444444444444642e+01 1.300000000000000000e+01
3.000000000000000000e+00 2.034596375617792319e+01 1.944444444444444642e+01 1.388888888888888928e+01 7.000000000000000000e+00
4.000000000000000000e+00 1.964579901153212660e+01 2.777777777777777857e+01 1.111111111111111072e+01 1.000000000000000000e+01
5.000000000000000000e+00 1.865733113673805477e+01 3.333333333333332860e+01 1.111111111111111072e+01 1.200000000000000000e+01
6.000000000000000000e+00 1.791598023064250356e+01 3.611111111111110716e+01 1.111111111111111072e+01 1.300000000000000000e+01
7.000000000000000000e+00 1.865733113673805477e+01 1.944444444444444642e+01 1.944444444444444642e+01 7.000000000000000000e+00
8.000000000000000000e+00 1.713344316309720128e+01 1.666666666666666430e+01 1.111111111111111072e+01 6.000000000000000000e+00
9.000000000000000000e+00 1.791598023064250356e+01 8.333333333333332149e+00 2.222222222222222143e+01 3.000000000000000000e+00
1.000000000000000000e+01 1.598023064250411807e+01 5.555555555555555358e+00 1.944444444444444642e+01 2.000000000000000000e+00
1.100000000000000000e+01 1.560955518945634246e+01 0.000000000000000000e+00 2.222222222222222143e+01 -6.000000000000000000e+03
