# step, world, group,control
0.000000000000000000e+00 2.512355848434925676e+01 3.333333333333332860e+01 2.777777777777777679e+00 1.200000000000000000e+01
1.000000000000000000e+00 2.063426688632619488e+01 3.333333333333332860e+01 2.777777777777777679e+00 1.200000000000000000e+01
2.000000000000000000e+00 2.133443163097199147e+01 3.611111111111110716e+01 2.777777777777777679e+00 1.300000000000000000e+01
3.000000000000000000e+00 1.968698517298187767e+01 4.166666666666667140e+01 0.000000000000000000e+00 1.500000000000000000e+01
4.000000000000000000e+00 1.981054365733113798e+01 3.888888888888889284e+01 0.000000000000000000e+00 1.400000000000000000e+01
5.000000000000000000e+00 1.997528830313014936e+01 4.444444444444444287e+01 0.000000000000000000e+00 1.600000000000000000e+01
6.000000000000000000e+00 2.034596375617792319e+01 4.722222222222222854e+01 2.777777777777777679e+00 1.700000000000000000e+01
7.000000000000000000e+00 1.836902800658978663e+01 3.055555555555555358e+01 5.555555555555555358e+00 1.100000000000000000e+01
8.000000000000000000e+00 1.824546952224052632e+01 3.333333333333332860e+01 5.555555555555555358e+00 1.200000000000000000e+01
9.000000000000000000e+00 1.861614497528830370e+01 3.333333333333332860e+01 2.777777777777777679e+00 1.200000000000000000e+01
1.000000000000000000e+01 1.849258649093904339e+01 3.333333333333332860e+01 0.000000000000000000e+00 1.200000000000000000e+01
1.100000000000000000e+01 1.758649093904448080e+01 4.444444444444444287e+01 2.777777777777777679e+00 1.600000000000000000e+01
1.200000000000000000e+01 1.873970345963756046e+01 3.333333333333332860e+01 0.000000000000000000e+00 1.200000000000000000e+01
1.300000000000000000e+01 1.787479406919275249e+01 3.333333333333332860e+01 0.000000000000000000e+00 1.200000000000000000e+01
1.400000000000000000e+01 1.750411861614497511e+01 3.055555555555555358e+01 0.000000000000000000e+00 1.100000000000000000e+01
1.500000000000000000e+01 1.799835255354200925e+01 2.777777777777777857e+01 0.000000000000000000e+00 1.000000000000000000e+01
1.600000000000000000e+01 1.775123558484349218e+01 1.944444444444444642e+01 0.000000000000000000e+00 7.000000000000000000e+00
1.700000000000000000e+01 1.672158154859966928e+01 3.611111111111110716e+01 0.000000000000000000e+00 1.300000000000000000e+01
1.800000000000000000e+01 1.668039538714991821e+01 3.611111111111110716e+01 0.000000000000000000e+00 1.300000000000000000e+01
1.900000000000000000e+01 1.606260296540362376e+01 3.333333333333332860e+01 0.000000000000000000e+00 1.200000000000000000e+01
2.000000000000000000e+01 1.482701812191103663e+01 3.888888888888889284e+01 0.000000000000000000e+00 1.400000000000000000e+01
2.100000000000000000e+01 1.577429983525535384e+01 3.611111111111110716e+01 0.000000000000000000e+00 1.300000000000000000e+01
2.200000000000000000e+01 1.556836902800658962e+01 4.722222222222222854e+01 0.000000000000000000e+00 1.700000000000000000e+01
2.300000000000000000e+01 1.602141680395387269e+01 4.166666666666667140e+01 0.000000000000000000e+00 1.500000000000000000e+01
2.400000000000000000e+01 1.544481054365733108e+01 3.888888888888889284e+01 0.000000000000000000e+00 1.400000000000000000e+01
2.500000000000000000e+01 1.429159802306424965e+01 4.444444444444444287e+01 0.000000000000000000e+00 1.600000000000000000e+01
2.600000000000000000e+01 1.519769357495881579e+01 2.222222222222222143e+01 0.000000000000000000e+00 8.000000000000000000e+00
2.700000000000000000e+01 1.425041186161449858e+01 2.500000000000000000e+01 0.000000000000000000e+00 9.000000000000000000e+00
2.800000000000000000e+01 1.462108731466227241e+01 3.888888888888889284e+01 0.000000000000000000e+00 1.400000000000000000e+01
2.900000000000000000e+01 1.416803953871499111e+01 2.222222222222222143e+01 0.000000000000000000e+00 8.000000000000000000e+00
3.000000000000000000e+01 1.486820428336079125e+01 3.333333333333332860e+01 2.777777777777777679e+00 1.200000000000000000e+01
3.100000000000000000e+01 1.355024711696869666e+01 1.388888888888888928e+01 0.000000000000000000e+00 5.000000000000000000e+00
3.200000000000000000e+01 1.379736408566721551e+01 5.555555555555555358e+00 0.000000000000000000e+00 2.000000000000000000e+00
3.300000000000000000e+01 1.136738056013179587e+01 5.555555555555555358e+00 0.000000000000000000e+00 2.000000000000000000e+00
3.400000000000000000e+01 1.214991762767710171e+01 2.777777777777777679e+00 0.000000000000000000e+00 1.000000000000000000e+00
3.500000000000000000e+01 1.149093904448105441e+01 2.777777777777777679e+00 0.000000000000000000e+00 1.000000000000000000e+00
3.600000000000000000e+01 1.136738056013179587e+01 8.333333333333332149e+00 0.000000000000000000e+00 3.000000000000000000e+00
3.700000000000000000e+01 1.103789126853377311e+01 8.333333333333332149e+00 0.000000000000000000e+00 3.000000000000000000e+00
3.800000000000000000e+01 1.107907742998352418e+01 5.555555555555555358e+00 0.000000000000000000e+00 2.000000000000000000e+00
3.900000000000000000e+01 9.925864909390444524e+00 2.777777777777777679e+00 0.000000000000000000e+00 1.000000000000000000e+00
4.000000000000000000e+01 9.637561779242174609e+00 8.333333333333332149e+00 2.777777777777777679e+00 3.000000000000000000e+00
4.100000000000000000e+01 9.678747940691927454e+00 8.333333333333332149e+00 5.555555555555555358e+00 3.000000000000000000e+00
4.200000000000000000e+01 1.042009884678747866e+01 1.111111111111111072e+01 8.333333333333332149e+00 4.000000000000000000e+00
4.300000000000000000e+01 1.017298187808896159e+01 1.388888888888888928e+01 8.333333333333332149e+00 5.000000000000000000e+00
4.400000000000000000e+01 9.802306425041185989e+00 1.944444444444444642e+01 1.111111111111111072e+01 7.000000000000000000e+00
4.500000000000000000e+01 9.431630971993410384e+00 8.333333333333332149e+00 1.111111111111111072e+01 3.000000000000000000e+00
4.600000000000000000e+01 8.937397034596376244e+00 8.333333333333332149e+00 1.111111111111111072e+01 3.000000000000000000e+00
4.700000000000000000e+01 9.266886326194399004e+00 8.333333333333332149e+00 8.333333333333332149e+00 3.000000000000000000e+00
4.800000000000000000e+01 9.390444810543657539e+00 1.111111111111111072e+01 8.333333333333332149e+00 4.000000000000000000e+00
4.900000000000000000e+01 9.678747940691927454e+00 1.111111111111111072e+01 8.333333333333332149e+00 4.000000000000000000e+00
5.000000000000000000e+01 8.772652388797364864e+00 1.111111111111111072e+01 1.388888888888888928e+01 4.000000000000000000e+00
5.100000000000000000e+01 8.772652388797364864e+00 1.111111111111111072e+01 8.333333333333332149e+00 4.000000000000000000e+00
5.200000000000000000e+01 9.308072487644151849e+00 1.388888888888888928e+01 5.555555555555555358e+00 5.000000000000000000e+00
5.300000000000000000e+01 8.896210873146623399e+00 1.666666666666666430e+01 5.555555555555555358e+00 6.000000000000000000e+00
5.400000000000000000e+01 9.843492586490938834e+00 1.666666666666666430e+01 8.333333333333332149e+00 6.000000000000000000e+00
5.500000000000000000e+01 9.390444810543657539e+00 2.222222222222222143e+01 8.333333333333332149e+00 8.000000000000000000e+00
5.600000000000000000e+01 9.431630971993410384e+00 1.388888888888888928e+01 1.111111111111111072e+01 5.000000000000000000e+00
5.700000000000000000e+01 9.514003294892916074e+00 0.000000000000000000e+00 1.388888888888888928e+01 -6.000000000000000000e+03
