# step, world, group,control
0.000000000000000000e+00 2.664744645799011380e+01 3.055555555555555358e+01 3.888888888888889284e+01 1.100000000000000000e+01
1.000000000000000000e+00 2.421746293245469417e+01 3.333333333333332860e+01 2.500000000000000000e+01 1.200000000000000000e+01
2.000000000000000000e+00 2.322899505766062589e+01 4.166666666666667140e+01 3.611111111111110716e+01 1.500000000000000000e+01
3.000000000000000000e+00 2.112850082372322902e+01 2.777777777777777857e+01 3.888888888888889284e+01 1.000000000000000000e+01
4.000000000000000000e+00 2.211696869851729730e+01 5.277777777777777857e+01 6.111111111111110716e+01 1.900000000000000000e+01
5.000000000000000000e+00 2.059308072487644026e+01 3.611111111111110716e+01 1.111111111111111072e+01 1.300000000000000000e+01
6.000000000000000000e+00 2.059308072487644026e+01 2.222222222222222143e+01 2.777777777777777679e+00 8.000000000000000000e+00
7.000000000000000000e+00 2.038714991762767781e+01 4.166666666666667140e+01 0.000000000000000000e+00 1.500000000000000000e+01
8.000000000000000000e+00 2.092257001647446657e+01 3.055555555555555358e+01 0.000000000000000000e+00 1.100000000000000000e+01
9.000000000000000000e+00 2.034596375617792319e+01 2.222222222222222143e+01 0.000000000000000000e+00 8.000000000000000000e+00
1.000000000000000000e+01 1.923393739703459460e+01 2.777777777777777857e+01 0.000000000000000000e+00 1.000000000000000000e+01
1.100000000000000000e+01 1.841021416803953770e+01 3.333333333333332860e+01 2.777777777777777679e+00 1.200000000000000000e+01
1.200000000000000000e+01 1.783360790774299787e+01 2.500000000000000000e+01 5.555555555555555358e+00 9.000000000000000000e+00
1.300000000000000000e+01 1.738056013179571480e+01 3.333333333333332860e+01 1.388888888888888928e+01 1.200000000000000000e+01
1.400000000000000000e+01 1.828665568369028094e+01 3.333333333333332860e+01 5.555555555555555358e+00 1.200000000000000000e+01
1.500000000000000000e+01 1.754530477759472973e+01 3.888888888888889284e+01 2.777777777777777679e+00 1.400000000000000000e+01
1.600000000000000000e+01 1.750411861614497511e+01 4.166666666666667140e+01 5.555555555555555358e+00 1.500000000000000000e+01
1.700000000000000000e+01 1.771004942339374111e+01 3.611111111111110716e+01 2.777777777777777679e+00 1.300000000000000000e+01
1.800000000000000000e+01 1.750411861614497511e+01 2.222222222222222143e+01 2.777777777777777679e+00 8.000000000000000000e+00
1.900000000000000000e+01 1.659802306425041252e+01 1.666666666666666430e+01 8.333333333333332149e+00 6.000000000000000000e+00
2.000000000000000000e+01 1.581548599670510669e+01 1.666666666666666430e+01 1.111111111111111072e+01 6.000000000000000000e+00
2.100000000000000000e+01 1.688632619439868066e+01 2.222222222222222143e+01 8.333333333333332149e+00 8.000000000000000000e+00
2.200000000000000000e+01 1.573311367380560100e+01 8.333333333333332149e+00 0.000000000000000000e+00 3.000000000000000000e+00
2.300000000000000000e+01 1.581548599670510669e+01 1.111111111111111072e+01 0.000000000000000000e+00 4.000000000000000000e+00
2.400000000000000000e+01 1.622734761120263514e+01 1.388888888888888928e+01 0.000000000000000000e+00 5.000000000000000000e+00
2.500000000000000000e+01 1.585667215815486131e+01 1.944444444444444642e+01 2.777777777777777679e+00 7.000000000000000000e+00
2.600000000000000000e+01 1.589785831960461238e+01 1.388888888888888928e+01 2.777777777777777679e+00 5.000000000000000000e+00
2.700000000000000000e+01 1.577429983525535384e+01 1.666666666666666430e+01 0.000000000000000000e+00 6.000000000000000000e+00
2.800000000000000000e+01 1.400329489291597973e+01 2.500000000000000000e+01 2.777777777777777679e+00 9.000000000000000000e+00
2.900000000000000000e+01 1.420922570016474573e+01 2.777777777777777857e+01 2.777777777777777679e+00 1.000000000000000000e+01
3.000000000000000000e+01 1.346787479406919275e+01 3.888888888888889284e+01 8.333333333333332149e+00 1.400000000000000000e+01
3.100000000000000000e+01 1.519769357495881579e+01 1.944444444444444642e+01 1.111111111111111072e+01 7.000000000000000000e+00
3.200000000000000000e+01 1.449752883031301387e+01 2.500000000000000000e+01 8.333333333333332149e+00 9.000000000000000000e+00
3.300000000000000000e+01 1.573311367380560100e+01 1.944444444444444642e+01 8.333333333333332149e+00 7.000000000000000000e+00
3.400000000000000000e+01 1.581548599670510669e+01 2.777777777777777857e+01 8.333333333333332149e+00 1.000000000000000000e+01
3.500000000000000000e+01 1.540362438220757824e+01 3.055555555555555358e+01 8.333333333333332149e+00 1.100000000000000000e+01
3.600000000000000000e+01 1.622734761120263514e+01 2.222222222222222143e+01 8.333333333333332149e+00 8.000000000000000000e+00
3.700000000000000000e+01 1.528006589785831970e+01 1.388888888888888928e+01 8.333333333333332149e+00 5.000000000000000000e+00
3.800000000000000000e+01 1.474464579901153272e+01 2.222222222222222143e+01 1.111111111111111072e+01 8.000000000000000000e+00
3.900000000000000000e+01 1.466227347611202525e+01 1.944444444444444642e+01 1.111111111111111072e+01 7.000000000000000000e+00
4.000000000000000000e+01 1.404448105436573435e+01 1.111111111111111072e+01 1.388888888888888928e+01 4.000000000000000000e+00
4.100000000000000000e+01 1.264415156507413585e+01 1.111111111111111072e+01 1.388888888888888928e+01 4.000000000000000000e+00
4.200000000000000000e+01 1.149093904448105441e+01 1.666666666666666430e+01 1.111111111111111072e+01 6.000000000000000000e+00
4.300000000000000000e+01 1.190280065897858286e+01 1.944444444444444642e+01 1.388888888888888928e+01 7.000000000000000000e+00
4.400000000000000000e+01 1.070840197693575035e+01 1.388888888888888928e+01 1.388888888888888928e+01 5.000000000000000000e+00
4.500000000000000000e+01 1.186161449752883001e+01 1.666666666666666430e+01 1.388888888888888928e+01 6.000000000000000000e+00
4.600000000000000000e+01 1.124382207578253734e+01 2.500000000000000000e+01 1.388888888888888928e+01 9.000000000000000000e+00
4.700000000000000000e+01 1.149093904448105441e+01 3.055555555555555358e+01 1.388888888888888928e+01 1.100000000000000000e+01
4.800000000000000000e+01 1.140856672158154872e+01 3.055555555555555358e+01 1.388888888888888928e+01 1.100000000000000000e+01
4.900000000000000000e+01 1.190280065897858286e+01 4.722222222222222854e+01 1.388888888888888928e+01 1.700000000000000000e+01
5.000000000000000000e+01 1.194398682042833570e+01 3.611111111111110716e+01 1.388888888888888928e+01 1.300000000000000000e+01
5.100000000000000000e+01 1.256177924217462838e+01 4.722222222222222854e+01 1.388888888888888928e+01 1.700000000000000000e+01
5.200000000000000000e+01 1.182042833607907717e+01 2.777777777777777857e+01 1.388888888888888928e+01 1.000000000000000000e+01
5.300000000000000000e+01 1.268533772652388691e+01 2.777777777777777857e+01 1.388888888888888928e+01 1.000000000000000000e+01
5.400000000000000000e+01 1.132619439868204303e+01 2.222222222222222143e+01 1.388888888888888928e+01 8.000000000000000000e+00
5.500000000000000000e+01 1.120263591433278449e+01 3.055555555555555358e+01 1.388888888888888928e+01 1.100000000000000000e+01
5.600000000000000000e+01 1.079077429983525604e+01 2.222222222222222143e+01 1.666666666666666430e+01 8.000000000000000000e+00
5.700000000000000000e+01 1.128500823723229018e+01 2.500000000000000000e+01 1.388888888888888928e+01 9.000000000000000000e+00
5.800000000000000000e+01 1.144975288303130156e+01 2.777777777777777857e+01 1.388888888888888928e+01 1.000000000000000000e+01
5.900000000000000000e+01 1.169686985172981863e+01 1.666666666666666430e+01 1.388888888888888928e+01 6.000000000000000000e+00
6.000000000000000000e+01 1.087314662273476173e+01 1.944444444444444642e+01 1.111111111111111072e+01 7.000000000000000000e+00
6.100000000000000000e+01 1.058484349258649004e+01 1.666666666666666430e+01 1.111111111111111072e+01 6.000000000000000000e+00
6.200000000000000000e+01 9.637561779242174609e+00 1.666666666666666430e+01 1.111111111111111072e+01 6.000000000000000000e+00
6.300000000000000000e+01 9.431630971993410384e+00 2.777777777777777857e+01 1.944444444444444642e+01 1.000000000000000000e+01
6.400000000000000000e+01 9.143327841845140469e+00 2.500000000000000000e+01 1.111111111111111072e+01 9.000000000000000000e+00
6.500000000000000000e+01 9.637561779242174609e+00 2.222222222222222143e+01 1.388888888888888928e+01 8.000000000000000000e+00
6.600000000000000000e+01 9.390444810543657539e+00 3.333333333333332860e+01 1.111111111111111072e+01 1.200000000000000000e+01
6.700000000000000000e+01 1.013179571663920875e+01 2.500000000000000000e+01 1.111111111111111072e+01 9.000000000000000000e+00
6.800000000000000000e+01 9.514003294892916074e+00 1.666666666666666430e+01 1.666666666666666430e+01 6.000000000000000000e+00
6.900000000000000000e+01 9.637561779242174609e+00 2.777777777777777857e+01 1.666666666666666430e+01 1.000000000000000000e+01
7.000000000000000000e+01 9.514003294892916074e+00 1.944444444444444642e+01 1.944444444444444642e+01 7.000000000000000000e+00
7.100000000000000000e+01 9.225700164744646159e+00 3.055555555555555358e+01 2.500000000000000000e+01 1.100000000000000000e+01
7.200000000000000000e+01 9.266886326194399004e+00 2.222222222222222143e+01 2.222222222222222143e+01 8.000000000000000000e+00
7.300000000000000000e+01 1.000823723228995021e+01 2.222222222222222143e+01 2.222222222222222143e+01 8.000000000000000000e+00
7.400000000000000000e+01 9.555189456342668919e+00 2.777777777777777857e+01 2.777777777777777857e+01 1.000000000000000000e+01
7.500000000000000000e+01 1.033772652388797297e+01 2.500000000000000000e+01 2.222222222222222143e+01 9.000000000000000000e+00
7.600000000000000000e+01 1.046128500823723328e+01 2.500000000000000000e+01 3.888888888888889284e+01 9.000000000000000000e+00
7.700000000000000000e+01 1.066721581548599573e+01 1.111111111111111072e+01 1.944444444444444642e+01 4.000000000000000000e+00
7.800000000000000000e+01 1.050247116968698435e+01 1.111111111111111072e+01 3.055555555555555358e+01 4.000000000000000000e+00
7.900000000000000000e+01 1.037891268533772759e+01 1.111111111111111072e+01 2.777777777777777857e+01 4.000000000000000000e+00
8.000000000000000000e+01 1.116144975288303165e+01 2.500000000000000000e+01 3.055555555555555358e+01 9.000000000000000000e+00
8.100000000000000000e+01 1.136738056013179587e+01 8.333333333333332149e+00 3.055555555555555358e+01 3.000000000000000000e+00
8.200000000000000000e+01 1.029654036243822013e+01 5.555555555555555358e+00 3.611111111111110716e+01 2.000000000000000000e+00
8.300000000000000000e+01 1.107907742998352418e+01 2.777777777777777679e+00 3.333333333333332860e+01 1.000000000000000000e+00
8.400000000000000000e+01 1.033772652388797297e+01 5.555555555555555358e+00 3.611111111111110716e+01 2.000000000000000000e+00
8.500000000000000000e+01 1.144975288303130156e+01 5.555555555555555358e+00 4.166666666666667140e+01 2.000000000000000000e+00
8.600000000000000000e+01 1.074958813838550142e+01 8.333333333333332149e+00 3.611111111111110716e+01 3.000000000000000000e+00
8.700000000000000000e+01 1.256177924217462838e+01 1.388888888888888928e+01 3.333333333333332860e+01 5.000000000000000000e+00
8.800000000000000000e+01 1.161449752883031294e+01 8.333333333333332149e+00 4.722222222222222854e+01 3.000000000000000000e+00
8.900000000000000000e+01 1.392092257001647582e+01 1.111111111111111072e+01 2.500000000000000000e+01 4.000000000000000000e+00
9.000000000000000000e+01 1.272652388797363976e+01 1.944444444444444642e+01 2.777777777777777857e+01 7.000000000000000000e+00
9.100000000000000000e+01 1.375617792421746444e+01 1.388888888888888928e+01 2.777777777777777857e+01 5.000000000000000000e+00
9.200000000000000000e+01 1.169686985172981863e+01 2.777777777777777679e+00 1.944444444444444642e+01 1.000000000000000000e+00
9.300000000000000000e+01 1.136738056013179587e+01 5.555555555555555358e+00 1.666666666666666430e+01 2.000000000000000000e+00
9.400000000000000000e+01 1.099670510708401849e+01 0.000000000000000000e+00 1.111111111111111072e+01 -6.000000000000000000e+03
