# step, world, group,control
0.000000000000000000e+00 2.619439868204283428e+01 3.333333333333332860e+01 1.666666666666666430e+01 1.200000000000000000e+01
1.000000000000000000e+00 2.491762767710049431e+01 3.888888888888889284e+01 1.666666666666666430e+01 1.400000000000000000e+01
2.000000000000000000e+00 2.483525535420098862e+01 3.333333333333332860e+01 1.666666666666666430e+01 1.200000000000000000e+01
3.000000000000000000e+00 2.355848434925864865e+01 3.333333333333332860e+01 1.666666666666666430e+01 1.200000000000000000e+01
4.000000000000000000e+00 2.273476112026359175e+01 2.222222222222222143e+01 1.666666666666666430e+01 8.000000000000000000e+00
5.000000000000000000e+00 2.178747940691927454e+01 1.666666666666666430e+01 1.666666666666666430e+01 6.000000000000000000e+00
6.000000000000000000e+00 2.038714991762767781e+01 3.611111111111110716e+01 1.944444444444444642e+01 1.300000000000000000e+01
7.000000000000000000e+00 2.162273476112026316e+01 3.333333333333332860e+01 2.222222222222222143e+01 1.200000000000000000e+01
8.000000000000000000e+00 2.022240527182866643e+01 2.222222222222222143e+01 2.222222222222222143e+01 8.000000000000000000e+00
9.000000000000000000e+00 1.935749588138385491e+01 1.666666666666666430e+01 1.944444444444444642e+01 6.000000000000000000e+00
1.000000000000000000e+01 1.799835255354200925e+01 3.611111111111110716e+01 1.944444444444444642e+01 1.300000000000000000e+01
1.100000000000000000e+01 1.919275123558484353e+01 3.055555555555555358e+01 2.777777777777777857e+01 1.100000000000000000e+01
1.200000000000000000e+01 1.750411861614497511e+01 2.777777777777777857e+01 2.777777777777777857e+01 1.000000000000000000e+01
1.300000000000000000e+01 1.733937397034596373e+01 3.333333333333332860e+01 4.166666666666667140e+01 1.200000000000000000e+01
1.400000000000000000e+01 1.849258649093904339e+01 2.777777777777777857e+01 4.444444444444444287e+01 1.000000000000000000e+01
1.500000000000000000e+01 1.931630971993410384e+01 3.055555555555555358e+01 2.222222222222222143e+01 1.100000000000000000e+01
1.600000000000000000e+01 1.799835255354200925e+01 3.055555555555555358e+01 3.333333333333332860e+01 1.100000000000000000e+01
1.700000000000000000e+01 1.705107084019769204e+01 3.055555555555555358e+01 1.944444444444444642e+01 1.100000000000000000e+01
1.800000000000000000e+01 1.795716639209225818e+01 3.888888888888889284e+01 2.222222222222222143e+01 1.400000000000000000e+01
1.900000000000000000e+01 1.791598023064250356e+01 4.166666666666667140e+01 3.055555555555555358e+01 1.500000000000000000e+01
2.000000000000000000e+01 1.791598023064250356e+01 5.000000000000000000e+01 2.777777777777777857e+01 1.800000000000000000e+01
2.100000000000000000e+01 1.873970345963756046e+01 2.777777777777777857e+01 3.333333333333332860e+01 1.000000000000000000e+01
2.200000000000000000e+01 1.812191103789126956e+01 3.333333333333332860e+01 3.055555555555555358e+01 1.200000000000000000e+01
2.300000000000000000e+01 1.911037891268533784e+01 2.222222222222222143e+01 3.611111111111110716e+01 8.000000000000000000e+00
2.400000000000000000e+01 2.018121911037891181e+01 3.333333333333332860e+01 2.222222222222222143e+01 1.200000000000000000e+01
2.500000000000000000e+01 2.063426688632619488e+01 3.611111111111110716e+01 2.222222222222222143e+01 1.300000000000000000e+01
2.600000000000000000e+01 1.841021416803953770e+01 1.111111111111111072e+01 2.222222222222222143e+01 4.000000000000000000e+00
2.700000000000000000e+01 1.931630971993410384e+01 8.333333333333332149e+00 1.944444444444444642e+01 3.000000000000000000e+00
2.800000000000000000e+01 1.783360790774299787e+01 2.777777777777777679e+00 1.388888888888888928e+01 1.000000000000000000e+00
2.900000000000000000e+01 1.824546952224052632e+01 0.000000000000000000e+00 1.111111111111111072e+01 -6.000000000000000000e+03
