# step, world, group,control
0.000000000000000000e+00 2.899505766062602774e+01 3.611111111111110716e+01 2.222222222222222143e+01 1.300000000000000000e+01
1.000000000000000000e+00 2.722405271828665718e+01 3.055555555555555358e+01 2.222222222222222143e+01 1.100000000000000000e+01
2.000000000000000000e+00 2.689456342668863442e+01 3.333333333333332860e+01 1.666666666666666430e+01 1.200000000000000000e+01
3.000000000000000000e+00 2.458813838550247155e+01 3.333333333333332860e+01 2.222222222222222143e+01 1.200000000000000000e+01
4.000000000000000000e+00 2.561779242174629445e+01 3.055555555555555358e+01 2.222222222222222143e+01 1.100000000000000000e+01
5.000000000000000000e+00 2.442339373970345662e+01 2.777777777777777857e+01 1.944444444444444642e+01 1.000000000000000000e+01
6.000000000000000000e+00 2.331136738056013158e+01 3.055555555555555358e+01 2.222222222222222143e+01 1.100000000000000000e+01
7.000000000000000000e+00 2.162273476112026316e+01 3.611111111111110716e+01 2.222222222222222143e+01 1.300000000000000000e+01
8.000000000000000000e+00 2.207578253706754623e+01 2.777777777777777857e+01 1.944444444444444642e+01 1.000000000000000000e+01
9.000000000000000000e+00 2.125205930807248933e+01 2.222222222222222143e+01 2.500000000000000000e+01 8.000000000000000000e+00
1.000000000000000000e+01 2.055189456342668919e+01 1.944444444444444642e+01 2.500000000000000000e+01 7.000000000000000000e+00
1.100000000000000000e+01 2.162273476112026316e+01 2.222222222222222143e+01 1.388888888888888928e+01 8.000000000000000000e+00
1.200000000000000000e+01 2.075782537067545519e+01 2.500000000000000000e+01 8.333333333333332149e+00 9.000000000000000000e+00
1.300000000000000000e+01 2.125205930807248933e+01 3.333333333333332860e+01 1.111111111111111072e+01 1.200000000000000000e+01
1.400000000000000000e+01 1.857495881383854908e+01 3.888888888888889284e+01 1.388888888888888928e+01 1.400000000000000000e+01
1.500000000000000000e+01 1.857495881383854908e+01 2.500000000000000000e+01 1.111111111111111072e+01 9.000000000000000000e+00
1.600000000000000000e+01 1.746293245469522404e+01 1.944444444444444642e+01 2.777777777777777679e+00 7.000000000000000000e+00
1.700000000000000000e+01 1.659802306425041252e+01 1.666666666666666430e+01 2.777777777777777679e+00 6.000000000000000000e+00
1.800000000000000000e+01 1.643327841845140114e+01 2.777777777777777857e+01 2.777777777777777679e+00 1.000000000000000000e+01
1.900000000000000000e+01 1.639209225700164652e+01 2.777777777777777857e+01 5.555555555555555358e+00 1.000000000000000000e+01
2.000000000000000000e+01 1.466227347611202525e+01 3.611111111111110716e+01 5.555555555555555358e+00 1.300000000000000000e+01
2.100000000000000000e+01 1.412685337726523827e+01 3.055555555555555358e+01 5.555555555555555358e+00 1.100000000000000000e+01
2.200000000000000000e+01 1.317957166392092283e+01 1.666666666666666430e+01 1.111111111111111072e+01 6.000000000000000000e+00
2.300000000000000000e+01 1.309719934102141714e+01 1.388888888888888928e+01 1.388888888888888928e+01 5.000000000000000000e+00
2.400000000000000000e+01 1.387973640856671942e+01 1.388888888888888928e+01 1.388888888888888928e+01 5.000000000000000000e+00
2.500000000000000000e+01 1.285008237232289829e+01 1.388888888888888928e+01 1.666666666666666430e+01 5.000000000000000000e+00
2.600000000000000000e+01 1.289126853377265114e+01 1.388888888888888928e+01 1.666666666666666430e+01 5.000000000000000000e+00
2.700000000000000000e+01 1.223228995057660740e+01 1.666666666666666430e+01 1.388888888888888928e+01 6.000000000000000000e+00
2.800000000000000000e+01 1.301482701812190967e+01 2.500000000000000000e+01 2.222222222222222143e+01 9.000000000000000000e+00
2.900000000000000000e+01 1.293245469522240576e+01 1.944444444444444642e+01 1.111111111111111072e+01 7.000000000000000000e+00
3.000000000000000000e+01 1.371499176276770804e+01 2.777777777777777857e+01 2.777777777777777679e+00 1.000000000000000000e+01
3.100000000000000000e+01 1.260296540362438300e+01 3.333333333333332860e+01 2.777777777777777679e+00 1.200000000000000000e+01
3.200000000000000000e+01 1.359143327841845306e+01 2.500000000000000000e+01 2.777777777777777679e+00 9.000000000000000000e+00
3.300000000000000000e+01 1.313838550247116999e+01 3.333333333333332860e+01 5.555555555555555358e+00 1.200000000000000000e+01
3.400000000000000000e+01 1.350906095551894559e+01 2.500000000000000000e+01 5.555555555555555358e+00 9.000000000000000000e+00
3.500000000000000000e+01 1.474464579901153272e+01 1.944444444444444642e+01 5.555555555555555358e+00 7.000000000000000000e+00
3.600000000000000000e+01 1.408566721581548720e+01 1.666666666666666430e+01 2.777777777777777679e+00 6.000000000000000000e+00
3.700000000000000000e+01 1.495057660626029694e+01 8.333333333333332149e+00 2.777777777777777679e+00 3.000000000000000000e+00
3.800000000000000000e+01 1.478583196046128556e+01 8.333333333333332149e+00 0.000000000000000000e+00 3.000000000000000000e+00
3.900000000000000000e+01 1.371499176276770804e+01 1.666666666666666430e+01 0.000000000000000000e+00 6.000000000000000000e+00
4.000000000000000000e+01 1.363261943986820413e+01 1.944444444444444642e+01 0.000000000000000000e+00 7.000000000000000000e+00
4.100000000000000000e+01 1.355024711696869666e+01 2.500000000000000000e+01 0.000000000000000000e+00 9.000000000000000000e+00
4.200000000000000000e+01 1.322075782537067390e+01 3.333333333333332860e+01 2.777777777777777679e+00 1.200000000000000000e+01
4.300000000000000000e+01 1.445634266886326103e+01 2.500000000000000000e+01 2.777777777777777679e+00 9.000000000000000000e+00
4.400000000000000000e+01 1.581548599670510669e+01 2.222222222222222143e+01 5.555555555555555358e+00 8.000000000000000000e+00
4.500000000000000000e+01 1.598023064250411807e+01 4.444444444444444287e+01 5.555555555555555358e+00 1.600000000000000000e+01
4.600000000000000000e+01 1.536243822075782717e+01 2.777777777777777857e+01 2.777777777777777679e+00 1.000000000000000000e+01
4.700000000000000000e+01 1.548599670510708215e+01 3.888888888888889284e+01 5.555555555555555358e+00 1.400000000000000000e+01
4.800000000000000000e+01 1.532125205930807077e+01 2.777777777777777857e+01 5.555555555555555358e+00 1.000000000000000000e+01
4.900000000000000000e+01 1.622734761120263514e+01 2.500000000000000000e+01 5.555555555555555358e+00 9.000000000000000000e+00
5.000000000000000000e+01 1.552718286655683855e+01 3.333333333333332860e+01 5.555555555555555358e+00 1.200000000000000000e+01
5.100000000000000000e+01 1.523887973640856686e+01 3.055555555555555358e+01 2.777777777777777679e+00 1.100000000000000000e+01
5.200000000000000000e+01 1.495057660626029694e+01 3.333333333333332860e+01 2.777777777777777679e+00 1.200000000000000000e+01
5.300000000000000000e+01 1.614497528830312945e+01 2.500000000000000000e+01 2.777777777777777679e+00 9.000000000000000000e+00
5.400000000000000000e+01 1.639209225700164652e+01 2.500000000000000000e+01 2.777777777777777679e+00 9.000000000000000000e+00
5.500000000000000000e+01 1.589785831960461238e+01 3.055555555555555358e+01 2.777777777777777679e+00 1.100000000000000000e+01
5.600000000000000000e+01 1.523887973640856686e+01 4.166666666666667140e+01 0.000000000000000000e+00 1.500000000000000000e+01
5.700000000000000000e+01 1.573311367380560100e+01 2.500000000000000000e+01 2.777777777777777679e+00 9.000000000000000000e+00
5.800000000000000000e+01 1.647446457990115221e+01 2.222222222222222143e+01 2.777777777777777679e+00 8.000000000000000000e+00
5.900000000000000000e+01 1.573311367380560100e+01 1.388888888888888928e+01 2.777777777777777679e+00 5.000000000000000000e+00
6.000000000000000000e+01 1.515650741350905939e+01 1.111111111111111072e+01 5.555555555555555358e+00 4.000000000000000000e+00
6.100000000000000000e+01 1.589785831960461238e+01 1.111111111111111072e+01 8.333333333333332149e+00 4.000000000000000000e+00
6.200000000000000000e+01 1.495057660626029694e+01 1.944444444444444642e+01 5.555555555555555358e+00 7.000000000000000000e+00
6.300000000000000000e+01 1.495057660626029694e+01 1.388888888888888928e+01 8.333333333333332149e+00 5.000000000000000000e+00
6.400000000000000000e+01 1.375617792421746444e+01 2.777777777777777857e+01 8.333333333333332149e+00 1.000000000000000000e+01
6.500000000000000000e+01 1.375617792421746444e+01 1.666666666666666430e+01 8.333333333333332149e+00 6.000000000000000000e+00
6.600000000000000000e+01 1.338550247116968528e+01 3.055555555555555358e+01 1.111111111111111072e+01 1.100000000000000000e+01
6.700000000000000000e+01 1.334431630971993421e+01 3.611111111111110716e+01 1.388888888888888928e+01 1.300000000000000000e+01
6.800000000000000000e+01 1.441515650741350996e+01 3.333333333333332860e+01 1.666666666666666430e+01 1.200000000000000000e+01
6.900000000000000000e+01 1.359143327841845306e+01 3.888888888888889284e+01 1.388888888888888928e+01 1.400000000000000000e+01
7.000000000000000000e+01 1.462108731466227241e+01 4.166666666666667140e+01 1.944444444444444642e+01 1.500000000000000000e+01
7.100000000000000000e+01 1.581548599670510669e+01 2.222222222222222143e+01 1.944444444444444642e+01 8.000000000000000000e+00
7.200000000000000000e+01 1.437397034596375711e+01 4.722222222222222854e+01 1.944444444444444642e+01 1.700000000000000000e+01
7.300000000000000000e+01 1.383855024711696835e+01 3.888888888888889284e+01 1.944444444444444642e+01 1.400000000000000000e+01
7.400000000000000000e+01 1.305601317957166252e+01 3.611111111111110716e+01 2.500000000000000000e+01 1.300000000000000000e+01
7.500000000000000000e+01 1.371499176276770804e+01 3.333333333333332860e+01 2.500000000000000000e+01 1.200000000000000000e+01
7.600000000000000000e+01 1.256177924217462838e+01 3.055555555555555358e+01 2.777777777777777857e+01 1.100000000000000000e+01
7.700000000000000000e+01 1.342668863261943990e+01 2.777777777777777857e+01 4.166666666666667140e+01 1.000000000000000000e+01
7.800000000000000000e+01 1.194398682042833570e+01 3.333333333333332860e+01 3.333333333333332860e+01 1.200000000000000000e+01
7.900000000000000000e+01 1.223228995057660740e+01 2.500000000000000000e+01 3.611111111111110716e+01 9.000000000000000000e+00
8.000000000000000000e+01 1.128500823723229018e+01 2.222222222222222143e+01 3.888888888888889284e+01 8.000000000000000000e+00
8.100000000000000000e+01 1.050247116968698435e+01 2.222222222222222143e+01 5.277777777777777857e+01 8.000000000000000000e+00
8.200000000000000000e+01 1.210873146622734708e+01 3.333333333333332860e+01 1.944444444444444642e+01 1.200000000000000000e+01
8.300000000000000000e+01 1.091433278418451280e+01 2.500000000000000000e+01 3.333333333333332860e+01 9.000000000000000000e+00
8.400000000000000000e+01 1.186161449752883001e+01 2.222222222222222143e+01 2.222222222222222143e+01 8.000000000000000000e+00
8.500000000000000000e+01 1.186161449752883001e+01 3.333333333333332860e+01 2.777777777777777857e+01 1.200000000000000000e+01
8.600000000000000000e+01 1.116144975288303165e+01 1.666666666666666430e+01 2.500000000000000000e+01 6.000000000000000000e+00
8.700000000000000000e+01 1.264415156507413585e+01 1.388888888888888928e+01 1.111111111111111072e+01 5.000000000000000000e+00
8.800000000000000000e+01 1.231466227347611309e+01 5.555555555555555358e+00 1.666666666666666430e+01 2.000000000000000000e+00
8.900000000000000000e+01 1.182042833607907717e+01 5.555555555555555358e+00 1.388888888888888928e+01 2.000000000000000000e+00
9.000000000000000000e+01 1.182042833607907717e+01 2.777777777777777679e+00 1.944444444444444642e+01 1.000000000000000000e+00
9.100000000000000000e+01 1.276771004942339438e+01 2.777777777777777679e+00 2.500000000000000000e+01 1.000000000000000000e+00
9.200000000000000000e+01 1.214991762767710171e+01 5.555555555555555358e+00 3.055555555555555358e+01 2.000000000000000000e+00
9.300000000000000000e+01 1.227347611202635846e+01 8.333333333333332149e+00 3.055555555555555358e+01 3.000000000000000000e+00
9.400000000000000000e+01 1.198517298187809033e+01 8.333333333333332149e+00 2.222222222222222143e+01 3.000000000000000000e+00
9.500000000000000000e+01 1.190280065897858286e+01 1.111111111111111072e+01 1.944444444444444642e+01 4.000000000000000000e+00
9.600000000000000000e+01 1.120263591433278449e+01 1.111111111111111072e+01 2.222222222222222143e+01 4.000000000000000000e+00
9.700000000000000000e+01 1.149093904448105441e+01 8.333333333333332149e+00 8.333333333333332149e+00 3.000000000000000000e+00
9.800000000000000000e+01 1.070840197693575035e+01 1.666666666666666430e+01 1.111111111111111072e+01 6.000000000000000000e+00
9.900000000000000000e+01 1.165568369028006579e+01 2.777777777777777857e+01 1.666666666666666430e+01 1.000000000000000000e+01
1.000000000000000000e+02 1.194398682042833570e+01 2.500000000000000000e+01 1.111111111111111072e+01 9.000000000000000000e+00
1.010000000000000000e+02 1.066721581548599573e+01 3.611111111111110716e+01 1.388888888888888928e+01 1.300000000000000000e+01
1.020000000000000000e+02 1.050247116968698435e+01 3.055555555555555358e+01 1.111111111111111072e+01 1.100000000000000000e+01
1.030000000000000000e+02 1.009060955518945590e+01 2.222222222222222143e+01 5.555555555555555358e+00 8.000000000000000000e+00
1.040000000000000000e+02 1.144975288303130156e+01 3.611111111111110716e+01 5.555555555555555358e+00 1.300000000000000000e+01
1.050000000000000000e+02 1.116144975288303165e+01 3.611111111111110716e+01 5.555555555555555358e+00 1.300000000000000000e+01
1.060000000000000000e+02 1.074958813838550142e+01 3.333333333333332860e+01 8.333333333333332149e+00 1.200000000000000000e+01
1.070000000000000000e+02 1.177924217462932432e+01 2.500000000000000000e+01 5.555555555555555358e+00 9.000000000000000000e+00
1.080000000000000000e+02 1.079077429983525604e+01 3.611111111111110716e+01 5.555555555555555358e+00 1.300000000000000000e+01
1.090000000000000000e+02 1.112026359143327880e+01 2.500000000000000000e+01 5.555555555555555358e+00 9.000000000000000000e+00
1.100000000000000000e+02 1.190280065897858286e+01 3.055555555555555358e+01 5.555555555555555358e+00 1.100000000000000000e+01
1.110000000000000000e+02 1.186161449752883001e+01 2.222222222222222143e+01 2.777777777777777679e+00 8.000000000000000000e+00
1.120000000000000000e+02 1.169686985172981863e+01 2.500000000000000000e+01 8.333333333333332149e+00 9.000000000000000000e+00
1.130000000000000000e+02 1.140856672158154872e+01 1.944444444444444642e+01 1.388888888888888928e+01 7.000000000000000000e+00
1.140000000000000000e+02 1.169686985172981863e+01 1.111111111111111072e+01 5.555555555555555358e+00 4.000000000000000000e+00
1.150000000000000000e+02 1.062602965403624466e+01 3.055555555555555358e+01 2.777777777777777679e+00 1.100000000000000000e+01
1.160000000000000000e+02 1.013179571663920875e+01 2.777777777777777857e+01 2.777777777777777679e+00 1.000000000000000000e+01
1.170000000000000000e+02 1.161449752883031294e+01 1.944444444444444642e+01 0.000000000000000000e+00 7.000000000000000000e+00
1.180000000000000000e+02 1.144975288303130156e+01 2.777777777777777857e+01 0.000000000000000000e+00 1.000000000000000000e+01
1.190000000000000000e+02 1.173805601317957148e+01 3.333333333333332860e+01 0.000000000000000000e+00 1.200000000000000000e+01
1.200000000000000000e+02 1.268533772652388691e+01 1.944444444444444642e+01 0.000000000000000000e+00 7.000000000000000000e+00
1.210000000000000000e+02 1.186161449752883001e+01 2.500000000000000000e+01 0.000000000000000000e+00 9.000000000000000000e+00
1.220000000000000000e+02 1.099670510708401849e+01 2.222222222222222143e+01 0.000000000000000000e+00 8.000000000000000000e+00
1.230000000000000000e+02 1.107907742998352418e+01 1.666666666666666430e+01 0.000000000000000000e+00 6.000000000000000000e+00
1.240000000000000000e+02 1.029654036243822013e+01 3.611111111111110716e+01 0.000000000000000000e+00 1.300000000000000000e+01
1.250000000000000000e+02 1.029654036243822013e+01 3.055555555555555358e+01 0.000000000000000000e+00 1.100000000000000000e+01
1.260000000000000000e+02 1.025535420098846728e+01 4.166666666666667140e+01 0.000000000000000000e+00 1.500000000000000000e+01
1.270000000000000000e+02 1.013179571663920875e+01 4.166666666666667140e+01 0.000000000000000000e+00 1.500000000000000000e+01
1.280000000000000000e+02 1.004942339373970306e+01 1.666666666666666430e+01 0.000000000000000000e+00 6.000000000000000000e+00
1.290000000000000000e+02 9.843492586490938834e+00 1.944444444444444642e+01 0.000000000000000000e+00 7.000000000000000000e+00
1.300000000000000000e+02 1.037891268533772759e+01 1.388888888888888928e+01 0.000000000000000000e+00 5.000000000000000000e+00
1.310000000000000000e+02 1.054365733113673897e+01 8.333333333333332149e+00 0.000000000000000000e+00 3.000000000000000000e+00
1.320000000000000000e+02 1.042009884678747866e+01 1.944444444444444642e+01 0.000000000000000000e+00 7.000000000000000000e+00
1.330000000000000000e+02 1.079077429983525604e+01 2.222222222222222143e+01 0.000000000000000000e+00 8.000000000000000000e+00
1.340000000000000000e+02 1.074958813838550142e+01 2.222222222222222143e+01 0.000000000000000000e+00 8.000000000000000000e+00
1.350000000000000000e+02 1.091433278418451280e+01 2.777777777777777857e+01 0.000000000000000000e+00 1.000000000000000000e+01
1.360000000000000000e+02 1.087314662273476173e+01 3.611111111111110716e+01 0.000000000000000000e+00 1.300000000000000000e+01
1.370000000000000000e+02 1.091433278418451280e+01 3.888888888888889284e+01 0.000000000000000000e+00 1.400000000000000000e+01
1.380000000000000000e+02 1.021416803953871444e+01 3.055555555555555358e+01 0.000000000000000000e+00 1.100000000000000000e+01
1.390000000000000000e+02 9.637561779242174609e+00 6.111111111111110716e+01 0.000000000000000000e+00 2.200000000000000000e+01
1.400000000000000000e+02 9.514003294892916074e+00 1.944444444444444642e+01 0.000000000000000000e+00 7.000000000000000000e+00
1.410000000000000000e+02 9.390444810543657539e+00 2.222222222222222143e+01 0.000000000000000000e+00 8.000000000000000000e+00
1.420000000000000000e+02 8.937397034596376244e+00 2.222222222222222143e+01 0.000000000000000000e+00 8.000000000000000000e+00
1.430000000000000000e+02 9.390444810543657539e+00 2.500000000000000000e+01 0.000000000000000000e+00 9.000000000000000000e+00
1.440000000000000000e+02 8.360790774299834638e+00 2.222222222222222143e+01 2.777777777777777679e+00 8.000000000000000000e+00
1.450000000000000000e+02 9.884678747940691679e+00 1.666666666666666430e+01 2.777777777777777679e+00 6.000000000000000000e+00
1.460000000000000000e+02 9.019769357495881934e+00 1.388888888888888928e+01 2.777777777777777679e+00 5.000000000000000000e+00
1.470000000000000000e+02 9.308072487644151849e+00 1.666666666666666430e+01 5.555555555555555358e+00 6.000000000000000000e+00
1.480000000000000000e+02 8.772652388797364864e+00 1.944444444444444642e+01 8.333333333333332149e+00 7.000000000000000000e+00
1.490000000000000000e+02 8.278418451400328948e+00 1.666666666666666430e+01 5.555555555555555358e+00 6.000000000000000000e+00
1.500000000000000000e+02 8.319604612850081793e+00 8.333333333333332149e+00 1.111111111111111072e+01 3.000000000000000000e+00
1.510000000000000000e+02 9.761120263591433144e+00 8.333333333333332149e+00 8.333333333333332149e+00 3.000000000000000000e+00
1.520000000000000000e+02 8.443163097199340328e+00 1.666666666666666430e+01 8.333333333333332149e+00 6.000000000000000000e+00
1.530000000000000000e+02 7.825370675453047653e+00 1.666666666666666430e+01 1.111111111111111072e+01 6.000000000000000000e+00
1.540000000000000000e+02 8.072487644151564723e+00 1.944444444444444642e+01 8.333333333333332149e+00 7.000000000000000000e+00
1.550000000000000000e+02 7.825370675453047653e+00 3.611111111111110716e+01 1.111111111111111072e+01 1.300000000000000000e+01
1.560000000000000000e+02 8.360790774299834638e+00 1.944444444444444642e+01 1.666666666666666430e+01 7.000000000000000000e+00
1.570000000000000000e+02 8.772652388797364864e+00 2.500000000000000000e+01 8.333333333333332149e+00 9.000000000000000000e+00
1.580000000000000000e+02 8.360790774299834638e+00 3.611111111111110716e+01 8.333333333333332149e+00 1.300000000000000000e+01
1.590000000000000000e+02 8.772652388797364864e+00 3.333333333333332860e+01 1.666666666666666430e+01 1.200000000000000000e+01
1.600000000000000000e+02 8.525535420098846018e+00 3.055555555555555358e+01 1.388888888888888928e+01 1.100000000000000000e+01
1.610000000000000000e+02 7.866556836902800498e+00 3.333333333333332860e+01 2.500000000000000000e+01 1.200000000000000000e+01
1.620000000000000000e+02 8.237232289950576103e+00 2.777777777777777857e+01 1.111111111111111072e+01 1.000000000000000000e+01
1.630000000000000000e+02 7.248764415156506935e+00 4.166666666666667140e+01 8.333333333333332149e+00 1.500000000000000000e+01
1.640000000000000000e+02 6.630971993410214260e+00 2.500000000000000000e+01 8.333333333333332149e+00 9.000000000000000000e+00
1.650000000000000000e+02 6.425041186161449147e+00 3.611111111111110716e+01 5.555555555555555358e+00 1.300000000000000000e+01
1.660000000000000000e+02 6.548599670510708570e+00 2.777777777777777857e+01 8.333333333333332149e+00 1.000000000000000000e+01
1.670000000000000000e+02 7.042833607907743598e+00 2.777777777777777857e+01 8.333333333333332149e+00 1.000000000000000000e+01
1.680000000000000000e+02 7.042833607907743598e+00 2.222222222222222143e+01 8.333333333333332149e+00 8.000000000000000000e+00
1.690000000000000000e+02 7.578253706754529695e+00 1.944444444444444642e+01 5.555555555555555358e+00 7.000000000000000000e+00
1.700000000000000000e+02 7.948929159802306188e+00 8.333333333333332149e+00 0.000000000000000000e+00 3.000000000000000000e+00
1.710000000000000000e+02 8.401976935749589259e+00 0.000000000000000000e+00 0.000000000000000000e+00 -6.000000000000000000e+03
