# step, world, group,control
0.000000000000000000e+00 2.775947281713343884e+01 2.222222222222222143e+01 5.000000000000000000e+01 8.000000000000000000e+00
1.000000000000000000e+00 2.471169686985172831e+01 1.111111111111111072e+01 3.888888888888889284e+01 4.000000000000000000e+00
2.000000000000000000e+00 2.520593080724876600e+01 1.111111111111111072e+01 3.888888888888889284e+01 4.000000000000000000e+00
3.000000000000000000e+00 2.331136738056013158e+01 1.111111111111111072e+01 4.444444444444444287e+01 4.000000000000000000e+00
4.000000000000000000e+00 2.364085667215815434e+01 1.666666666666666430e+01 4.166666666666667140e+01 6.000000000000000000e+00
5.000000000000000000e+00 2.170510708401976885e+01 1.666666666666666430e+01 3.055555555555555358e+01 6.000000000000000000e+00
6.000000000000000000e+00 2.112850082372322902e+01 1.666666666666666430e+01 2.777777777777777857e+01 6.000000000000000000e+00
7.000000000000000000e+00 2.067545304777594595e+01 2.222222222222222143e+01 2.222222222222222143e+01 8.000000000000000000e+00
8.000000000000000000e+00 1.857495881383854908e+01 1.944444444444444642e+01 2.500000000000000000e+01 7.000000000000000000e+00
9.000000000000000000e+00 1.692751235584843528e+01 2.777777777777777857e+01 4.166666666666667140e+01 1.000000000000000000e+01
1.000000000000000000e+01 1.729818780889621266e+01 1.111111111111111072e+01 3.888888888888889284e+01 4.000000000000000000e+00
1.100000000000000000e+01 1.700988467874794097e+01 1.666666666666666430e+01 6.111111111111110716e+01 6.000000000000000000e+00
1.200000000000000000e+01 1.626853377265238976e+01 1.388888888888888928e+01 1.388888888888888928e+01 5.000000000000000000e+00
1.300000000000000000e+01 1.651565074135090683e+01 2.500000000000000000e+01 1.944444444444444642e+01 9.000000000000000000e+00
1.400000000000000000e+01 1.544481054365733108e+01 1.944444444444444642e+01 2.500000000000000000e+01 7.000000000000000000e+00
1.500000000000000000e+01 1.429159802306424965e+01 3.055555555555555358e+01 2.222222222222222143e+01 1.100000000000000000e+01
1.600000000000000000e+01 1.412685337726523827e+01 2.777777777777777857e+01 3.055555555555555358e+01 1.000000000000000000e+01
1.700000000000000000e+01 1.523887973640856686e+01 3.333333333333332860e+01 2.222222222222222143e+01 1.200000000000000000e+01
1.800000000000000000e+01 1.280889621087314723e+01 3.055555555555555358e+01 2.500000000000000000e+01 1.100000000000000000e+01
1.900000000000000000e+01 1.235584843492586415e+01 3.611111111111110716e+01 2.222222222222222143e+01 1.300000000000000000e+01
2.000000000000000000e+01 1.223228995057660740e+01 2.500000000000000000e+01 2.500000000000000000e+01 9.000000000000000000e+00
2.100000000000000000e+01 1.144975288303130156e+01 3.611111111111110716e+01 3.611111111111110716e+01 1.300000000000000000e+01
2.200000000000000000e+01 1.165568369028006579e+01 2.500000000000000000e+01 2.222222222222222143e+01 9.000000000000000000e+00
2.300000000000000000e+01 1.074958813838550142e+01 4.166666666666667140e+01 2.777777777777777857e+01 1.500000000000000000e+01
2.400000000000000000e+01 1.074958813838550142e+01 2.222222222222222143e+01 2.777777777777777857e+01 8.000000000000000000e+00
2.500000000000000000e+01 1.091433278418451280e+01 3.055555555555555358e+01 2.500000000000000000e+01 1.100000000000000000e+01
2.600000000000000000e+01 1.037891268533772759e+01 1.666666666666666430e+01 2.777777777777777857e+01 6.000000000000000000e+00
2.700000000000000000e+01 9.884678747940691679e+00 2.777777777777777857e+01 8.333333333333332149e+00 1.000000000000000000e+01
2.800000000000000000e+01 8.484349258649094949e+00 1.944444444444444642e+01 1.388888888888888928e+01 7.000000000000000000e+00
2.900000000000000000e+01 8.731466227347612019e+00 2.500000000000000000e+01 8.333333333333332149e+00 9.000000000000000000e+00
3.000000000000000000e+01 7.990115321252059033e+00 3.055555555555555358e+01 1.944444444444444642e+01 1.100000000000000000e+01
3.100000000000000000e+01 7.907742998352553343e+00 2.222222222222222143e+01 1.666666666666666430e+01 8.000000000000000000e+00
3.200000000000000000e+01 7.907742998352553343e+00 1.111111111111111072e+01 2.500000000000000000e+01 4.000000000000000000e+00
3.300000000000000000e+01 7.660626029654035385e+00 2.500000000000000000e+01 1.111111111111111072e+01 9.000000000000000000e+00
3.400000000000000000e+01 8.278418451400328948e+00 2.500000000000000000e+01 2.777777777777777679e+00 9.000000000000000000e+00
3.500000000000000000e+01 8.443163097199340328e+00 8.333333333333332149e+00 0.000000000000000000e+00 3.000000000000000000e+00
3.600000000000000000e+01 7.866556836902800498e+00 5.555555555555555358e+00 2.777777777777777679e+00 2.000000000000000000e+00
3.700000000000000000e+01 7.825370675453047653e+00 5.555555555555555358e+00 2.777777777777777679e+00 2.000000000000000000e+00
3.800000000000000000e+01 7.948929159802306188e+00 8.333333333333332149e+00 2.777777777777777679e+00 3.000000000000000000e+00
3.900000000000000000e+01 7.331136738056012625e+00 1.388888888888888928e+01 8.333333333333332149e+00 5.000000000000000000e+00
4.000000000000000000e+01 7.495881383855024005e+00 1.666666666666666430e+01 5.555555555555555358e+00 6.000000000000000000e+00
4.100000000000000000e+01 7.166392092257001245e+00 2.500000000000000000e+01 2.777777777777777679e+00 9.000000000000000000e+00
4.200000000000000000e+01 7.207578253706754978e+00 2.777777777777777857e+01 5.555555555555555358e+00 1.000000000000000000e+01
4.300000000000000000e+01 7.042833607907743598e+00 1.944444444444444642e+01 2.777777777777777679e+00 7.000000000000000000e+00
4.400000000000000000e+01 7.001647446457989865e+00 1.944444444444444642e+01 2.777777777777777679e+00 7.000000000000000000e+00
4.500000000000000000e+01 6.548599670510708570e+00 2.222222222222222143e+01 2.777777777777777679e+00 8.000000000000000000e+00
4.600000000000000000e+01 6.136738056013179232e+00 3.611111111111110716e+01 5.555555555555555358e+00 1.300000000000000000e+01
4.700000000000000000e+01 6.054365733113673542e+00 1.944444444444444642e+01 8.333333333333332149e+00 7.000000000000000000e+00
4.800000000000000000e+01 6.301482701812191500e+00 5.555555555555555358e+00 8.333333333333332149e+00 2.000000000000000000e+00
4.900000000000000000e+01 6.713344316309719950e+00 2.777777777777777679e+00 1.111111111111111072e+01 1.000000000000000000e+00
5.000000000000000000e+01 7.125205930807249288e+00 8.333333333333332149e+00 1.111111111111111072e+01 3.000000000000000000e+00
5.100000000000000000e+01 7.495881383855024005e+00 8.333333333333332149e+00 1.944444444444444642e+01 3.000000000000000000e+00
5.200000000000000000e+01 6.836902800658978485e+00 8.333333333333332149e+00 2.222222222222222143e+01 3.000000000000000000e+00
5.300000000000000000e+01 7.495881383855024005e+00 1.388888888888888928e+01 2.500000000000000000e+01 5.000000000000000000e+00
5.400000000000000000e+01 7.289950576606260668e+00 1.666666666666666430e+01 2.222222222222222143e+01 6.000000000000000000e+00
5.500000000000000000e+01 7.413509060955518315e+00 1.944444444444444642e+01 2.777777777777777857e+01 7.000000000000000000e+00
5.600000000000000000e+01 6.754530477759472795e+00 1.944444444444444642e+01 2.777777777777777857e+01 7.000000000000000000e+00
5.700000000000000000e+01 7.619439868204283428e+00 1.388888888888888928e+01 1.944444444444444642e+01 5.000000000000000000e+00
5.800000000000000000e+01 8.566721581548600639e+00 1.111111111111111072e+01 1.666666666666666430e+01 4.000000000000000000e+00
5.900000000000000000e+01 7.207578253706754978e+00 8.333333333333332149e+00 2.222222222222222143e+01 3.000000000000000000e+00
6.000000000000000000e+01 6.919275123558484175e+00 1.111111111111111072e+01 1.388888888888888928e+01 4.000000000000000000e+00
6.100000000000000000e+01 5.724876441515650782e+00 1.111111111111111072e+01 8.333333333333332149e+00 4.000000000000000000e+00
6.200000000000000000e+01 5.395387149917628022e+00 1.944444444444444642e+01 1.111111111111111072e+01 7.000000000000000000e+00
6.300000000000000000e+01 5.024711696869851529e+00 1.666666666666666430e+01 1.111111111111111072e+01 6.000000000000000000e+00
6.400000000000000000e+01 4.818780889621087304e+00 1.388888888888888928e+01 1.388888888888888928e+01 5.000000000000000000e+00
6.500000000000000000e+01 4.942339373970345839e+00 1.111111111111111072e+01 8.333333333333332149e+00 4.000000000000000000e+00
6.600000000000000000e+01 4.489291598023064545e+00 1.111111111111111072e+01 5.555555555555555358e+00 4.000000000000000000e+00
6.700000000000000000e+01 4.695222405271828769e+00 1.944444444444444642e+01 0.000000000000000000e+00 7.000000000000000000e+00
6.800000000000000000e+01 4.859967051070840149e+00 2.500000000000000000e+01 0.000000000000000000e+00 9.000000000000000000e+00
6.900000000000000000e+01 5.642504118616145092e+00 1.944444444444444642e+01 0.000000000000000000e+00 7.000000000000000000e+00
7.000000000000000000e+01 5.518945634266886557e+00 1.944444444444444642e+01 0.000000000000000000e+00 7.000000000000000000e+00
7.100000000000000000e+01 5.807248764415156472e+00 2.500000000000000000e+01 0.000000000000000000e+00 9.000000000000000000e+00
7.200000000000000000e+01 4.736408566721581614e+00 1.944444444444444642e+01 0.000000000000000000e+00 7.000000000000000000e+00
7.300000000000000000e+01 4.530477759472817390e+00 3.055555555555555358e+01 0.000000000000000000e+00 1.100000000000000000e+01
7.400000000000000000e+01 5.065897858319604374e+00 2.500000000000000000e+01 0.000000000000000000e+00 9.000000000000000000e+00
7.500000000000000000e+01 4.695222405271828769e+00 3.611111111111110716e+01 2.777777777777777679e+00 1.300000000000000000e+01
7.600000000000000000e+01 4.777594728171334459e+00 2.500000000000000000e+01 0.000000000000000000e+00 9.000000000000000000e+00
7.700000000000000000e+01 4.695222405271828769e+00 3.611111111111110716e+01 0.000000000000000000e+00 1.300000000000000000e+01
7.800000000000000000e+01 4.365733113673806010e+00 2.777777777777777857e+01 0.000000000000000000e+00 1.000000000000000000e+01
7.900000000000000000e+01 4.365733113673806010e+00 3.888888888888889284e+01 0.000000000000000000e+00 1.400000000000000000e+01
8.000000000000000000e+01 4.283360790774300320e+00 4.166666666666667140e+01 0.000000000000000000e+00 1.500000000000000000e+01
8.100000000000000000e+01 4.530477759472817390e+00 2.500000000000000000e+01 0.000000000000000000e+00 9.000000000000000000e+00
8.200000000000000000e+01 3.747940691927512002e+00 3.333333333333332860e+01 0.000000000000000000e+00 1.200000000000000000e+01
8.300000000000000000e+01 3.706754530477759157e+00 3.611111111111110716e+01 0.000000000000000000e+00 1.300000000000000000e+01
8.400000000000000000e+01 3.995057660626029516e+00 2.500000000000000000e+01 0.000000000000000000e+00 9.000000000000000000e+00
8.500000000000000000e+01 3.706754530477759157e+00 2.222222222222222143e+01 0.000000000000000000e+00 8.000000000000000000e+00
8.600000000000000000e+01 3.665568369028006313e+00 3.611111111111110716e+01 0.000000000000000000e+00 1.300000000000000000e+01
8.700000000000000000e+01 3.747940691927512002e+00 2.500000000000000000e+01 0.000000000000000000e+00 9.000000000000000000e+00
8.800000000000000000e+01 3.747940691927512002e+00 3.055555555555555358e+01 0.000000000000000000e+00 1.100000000000000000e+01
8.900000000000000000e+01 3.542009884678747778e+00 3.611111111111110716e+01 0.000000000000000000e+00 1.300000000000000000e+01
9.000000000000000000e+01 3.830313014827017692e+00 3.055555555555555358e+01 0.000000000000000000e+00 1.100000000000000000e+01
9.100000000000000000e+01 4.200988467874794630e+00 2.777777777777777857e+01 0.000000000000000000e+00 1.000000000000000000e+01
9.200000000000000000e+01 4.118616144975288051e+00 2.500000000000000000e+01 0.000000000000000000e+00 9.000000000000000000e+00
9.300000000000000000e+01 3.995057660626029516e+00 3.055555555555555358e+01 0.000000000000000000e+00 1.100000000000000000e+01
9.400000000000000000e+01 4.036243822075782361e+00 2.500000000000000000e+01 0.000000000000000000e+00 9.000000000000000000e+00
9.500000000000000000e+01 4.365733113673806010e+00 1.111111111111111072e+01 0.000000000000000000e+00 4.000000000000000000e+00
9.600000000000000000e+01 5.065897858319604374e+00 5.555555555555555358e+00 0.000000000000000000e+00 2.000000000000000000e+00
9.700000000000000000e+01 4.077429983525535206e+00 8.333333333333332149e+00 0.000000000000000000e+00 3.000000000000000000e+00
9.800000000000000000e+01 4.159802306425040896e+00 1.944444444444444642e+01 0.000000000000000000e+00 7.000000000000000000e+00
9.900000000000000000e+01 4.324546952224053165e+00 1.111111111111111072e+01 0.000000000000000000e+00 4.000000000000000000e+00
1.000000000000000000e+02 3.995057660626029516e+00 2.222222222222222143e+01 0.000000000000000000e+00 8.000000000000000000e+00
1.010000000000000000e+02 4.200988467874794630e+00 2.500000000000000000e+01 0.000000000000000000e+00 9.000000000000000000e+00
1.020000000000000000e+02 4.283360790774300320e+00 1.944444444444444642e+01 2.777777777777777679e+00 7.000000000000000000e+00
1.030000000000000000e+02 4.365733113673806010e+00 2.222222222222222143e+01 0.000000000000000000e+00 8.000000000000000000e+00
1.040000000000000000e+02 3.871499176276770537e+00 2.777777777777777857e+01 0.000000000000000000e+00 1.000000000000000000e+01
1.050000000000000000e+02 3.953871499176276672e+00 1.666666666666666430e+01 0.000000000000000000e+00 6.000000000000000000e+00
1.060000000000000000e+02 3.995057660626029516e+00 2.500000000000000000e+01 0.000000000000000000e+00 9.000000000000000000e+00
1.070000000000000000e+02 4.077429983525535206e+00 3.611111111111110716e+01 0.000000000000000000e+00 1.300000000000000000e+01
1.080000000000000000e+02 4.200988467874794630e+00 2.222222222222222143e+01 0.000000000000000000e+00 8.000000000000000000e+00
1.090000000000000000e+02 4.036243822075782361e+00 3.055555555555555358e+01 0.000000000000000000e+00 1.100000000000000000e+01
1.100000000000000000e+02 4.200988467874794630e+00 2.777777777777777857e+01 0.000000000000000000e+00 1.000000000000000000e+01
1.110000000000000000e+02 4.324546952224053165e+00 4.444444444444444287e+01 0.000000000000000000e+00 1.600000000000000000e+01
1.120000000000000000e+02 4.159802306425040896e+00 1.944444444444444642e+01 0.000000000000000000e+00 7.000000000000000000e+00
1.130000000000000000e+02 4.242174629324547475e+00 1.388888888888888928e+01 0.000000000000000000e+00 5.000000000000000000e+00
1.140000000000000000e+02 4.242174629324547475e+00 8.333333333333332149e+00 0.000000000000000000e+00 3.000000000000000000e+00
1.150000000000000000e+02 4.159802306425040896e+00 1.388888888888888928e+01 0.000000000000000000e+00 5.000000000000000000e+00
1.160000000000000000e+02 3.747940691927512002e+00 1.666666666666666430e+01 0.000000000000000000e+00 6.000000000000000000e+00
1.170000000000000000e+02 3.830313014827017692e+00 1.944444444444444642e+01 2.777777777777777679e+00 7.000000000000000000e+00
1.180000000000000000e+02 4.118616144975288051e+00 1.666666666666666430e+01 5.555555555555555358e+00 6.000000000000000000e+00
1.190000000000000000e+02 3.747940691927512002e+00 2.222222222222222143e+01 5.555555555555555358e+00 8.000000000000000000e+00
1.200000000000000000e+02 3.747940691927512002e+00 1.111111111111111072e+01 2.777777777777777679e+00 4.000000000000000000e+00
1.210000000000000000e+02 3.871499176276770537e+00 5.555555555555555358e+00 5.555555555555555358e+00 2.000000000000000000e+00
1.220000000000000000e+02 3.665568369028006313e+00 1.111111111111111072e+01 8.333333333333332149e+00 4.000000000000000000e+00
1.230000000000000000e+02 4.200988467874794630e+00 1.111111111111111072e+01 8.333333333333332149e+00 4.000000000000000000e+00
1.240000000000000000e+02 3.294892915980230708e+00 8.333333333333332149e+00 1.388888888888888928e+01 3.000000000000000000e+00
1.250000000000000000e+02 3.583196046128500623e+00 1.666666666666666430e+01 1.111111111111111072e+01 6.000000000000000000e+00
1.260000000000000000e+02 3.047775947281713194e+00 2.222222222222222143e+01 2.222222222222222143e+01 8.000000000000000000e+00
1.270000000000000000e+02 3.377265238879736398e+00 1.944444444444444642e+01 1.666666666666666430e+01 7.000000000000000000e+00
1.280000000000000000e+02 2.924217462932454659e+00 2.222222222222222143e+01 3.055555555555555358e+01 8.000000000000000000e+00
1.290000000000000000e+02 3.253706754530477419e+00 2.500000000000000000e+01 3.055555555555555358e+01 9.000000000000000000e+00
1.300000000000000000e+02 3.336079077429983553e+00 1.944444444444444642e+01 3.055555555555555358e+01 7.000000000000000000e+00
1.310000000000000000e+02 3.212520593080724574e+00 3.055555555555555358e+01 2.500000000000000000e+01 1.100000000000000000e+01
1.320000000000000000e+02 3.047775947281713194e+00 2.222222222222222143e+01 3.611111111111110716e+01 8.000000000000000000e+00
1.330000000000000000e+02 2.924217462932454659e+00 3.055555555555555358e+01 2.500000000000000000e+01 1.100000000000000000e+01
1.340000000000000000e+02 3.294892915980230708e+00 1.944444444444444642e+01 1.666666666666666430e+01 7.000000000000000000e+00
1.350000000000000000e+02 3.130148270181218884e+00 3.055555555555555358e+01 1.666666666666666430e+01 1.100000000000000000e+01
1.360000000000000000e+02 3.253706754530477419e+00 3.333333333333332860e+01 1.388888888888888928e+01 1.200000000000000000e+01
1.370000000000000000e+02 3.336079077429983553e+00 3.333333333333332860e+01 1.111111111111111072e+01 1.200000000000000000e+01
1.380000000000000000e+02 2.883031301482701814e+00 4.166666666666667140e+01 5.555555555555555358e+00 1.500000000000000000e+01
1.390000000000000000e+02 2.841845140032948969e+00 3.888888888888889284e+01 5.555555555555555358e+00 1.400000000000000000e+01
1.400000000000000000e+02 2.759472817133443279e+00 2.777777777777777857e+01 8.333333333333332149e+00 1.000000000000000000e+01
1.410000000000000000e+02 2.635914332784184744e+00 3.611111111111110716e+01 1.111111111111111072e+01 1.300000000000000000e+01
1.420000000000000000e+02 2.965403624382207504e+00 2.222222222222222143e+01 1.666666666666666430e+01 8.000000000000000000e+00
1.430000000000000000e+02 2.759472817133443279e+00 3.611111111111110716e+01 1.388888888888888928e+01 1.300000000000000000e+01
1.440000000000000000e+02 2.594728171334431899e+00 2.777777777777777857e+01 1.944444444444444642e+01 1.000000000000000000e+01
1.450000000000000000e+02 2.471169686985172920e+00 2.777777777777777857e+01 2.500000000000000000e+01 1.000000000000000000e+01
1.460000000000000000e+02 2.553542009884678610e+00 1.111111111111111072e+01 2.222222222222222143e+01 4.000000000000000000e+00
1.470000000000000000e+02 2.306425041186161540e+00 1.388888888888888928e+01 2.777777777777777857e+01 5.000000000000000000e+00
1.480000000000000000e+02 2.429983525535420075e+00 1.111111111111111072e+01 2.222222222222222143e+01 4.000000000000000000e+00
1.490000000000000000e+02 2.141680395387150160e+00 1.111111111111111072e+01 2.777777777777777857e+01 4.000000000000000000e+00
1.500000000000000000e+02 2.100494233937397315e+00 5.555555555555555358e+00 3.055555555555555358e+01 2.000000000000000000e+00
1.510000000000000000e+02 2.059308072487644026e+00 0.000000000000000000e+00 3.888888888888889284e+01 -6.000000000000000000e+03
