# step, world, group,control
0.000000000000000000e+00 2.829489291598023115e+01 2.222222222222222143e+01 1.388888888888888928e+01 8.000000000000000000e+00
1.000000000000000000e+00 2.495881383855024893e+01 2.777777777777777857e+01 1.388888888888888928e+01 1.000000000000000000e+01
2.000000000000000000e+00 2.693574958813838549e+01 3.333333333333332860e+01 2.500000000000000000e+01 1.200000000000000000e+01
3.000000000000000000e+00 2.392915980230642248e+01 3.888888888888889284e+01 1.944444444444444642e+01 1.400000000000000000e+01
4.000000000000000000e+00 2.421746293245469417e+01 4.444444444444444287e+01 1.944444444444444642e+01 1.600000000000000000e+01
5.000000000000000000e+00 2.248764415156507468e+01 2.777777777777777857e+01 2.222222222222222143e+01 1.000000000000000000e+01
6.000000000000000000e+00 2.186985172981878023e+01 4.444444444444444287e+01 2.500000000000000000e+01 1.600000000000000000e+01
7.000000000000000000e+00 2.116968698517298009e+01 2.222222222222222143e+01 2.500000000000000000e+01 8.000000000000000000e+00
8.000000000000000000e+00 1.960461285008237198e+01 3.333333333333332860e+01 2.777777777777777857e+01 1.200000000000000000e+01
9.000000000000000000e+00 1.783360790774299787e+01 2.777777777777777857e+01 1.666666666666666430e+01 1.000000000000000000e+01
1.000000000000000000e+01 1.787479406919275249e+01 1.666666666666666430e+01 3.888888888888889284e+01 6.000000000000000000e+00
1.100000000000000000e+01 1.799835255354200925e+01 1.944444444444444642e+01 1.666666666666666430e+01 7.000000000000000000e+00
1.200000000000000000e+01 1.775123558484349218e+01 1.944444444444444642e+01 2.500000000000000000e+01 7.000000000000000000e+00
1.300000000000000000e+01 1.655683690280065790e+01 2.222222222222222143e+01 2.222222222222222143e+01 8.000000000000000000e+00
1.400000000000000000e+01 1.643327841845140114e+01 2.222222222222222143e+01 2.777777777777777857e+01 8.000000000000000000e+00
1.500000000000000000e+01 1.721581548599670342e+01 2.777777777777777857e+01 1.666666666666666430e+01 1.000000000000000000e+01
1.600000000000000000e+01 1.503294892915980263e+01 2.500000000000000000e+01 3.611111111111110716e+01 9.000000000000000000e+00
1.700000000000000000e+01 1.577429983525535384e+01 3.333333333333332860e+01 3.333333333333332860e+01 1.200000000000000000e+01
1.800000000000000000e+01 1.511532125205930832e+01 3.333333333333332860e+01 2.777777777777777857e+01 1.200000000000000000e+01
1.900000000000000000e+01 1.338550247116968528e+01 3.055555555555555358e+01 2.222222222222222143e+01 1.100000000000000000e+01
2.000000000000000000e+01 1.256177924217462838e+01 3.888888888888889284e+01 3.055555555555555358e+01 1.400000000000000000e+01
2.100000000000000000e+01 1.256177924217462838e+01 1.388888888888888928e+01 2.222222222222222143e+01 5.000000000000000000e+00
2.200000000000000000e+01 1.161449752883031294e+01 1.944444444444444642e+01 2.777777777777777857e+01 7.000000000000000000e+00
2.300000000000000000e+01 1.227347611202635846e+01 2.222222222222222143e+01 1.388888888888888928e+01 8.000000000000000000e+00
2.400000000000000000e+01 1.198517298187809033e+01 4.166666666666667140e+01 2.222222222222222143e+01 1.500000000000000000e+01
2.500000000000000000e+01 1.285008237232289829e+01 2.222222222222222143e+01 1.111111111111111072e+01 8.000000000000000000e+00
2.600000000000000000e+01 1.140856672158154872e+01 1.666666666666666430e+01 1.388888888888888928e+01 6.000000000000000000e+00
2.700000000000000000e+01 1.186161449752883001e+01 2.500000000000000000e+01 1.388888888888888928e+01 9.000000000000000000e+00
2.800000000000000000e+01 1.021416803953871444e+01 8.333333333333332149e+00 1.111111111111111072e+01 3.000000000000000000e+00
2.900000000000000000e+01 1.062602965403624466e+01 8.333333333333332149e+00 8.333333333333332149e+00 3.000000000000000000e+00
3.000000000000000000e+01 1.000823723228995021e+01 8.333333333333332149e+00 8.333333333333332149e+00 3.000000000000000000e+00
3.100000000000000000e+01 1.132619439868204303e+01 8.333333333333332149e+00 5.555555555555555358e+00 3.000000000000000000e+00
3.200000000000000000e+01 1.083196046128500711e+01 1.111111111111111072e+01 5.555555555555555358e+00 4.000000000000000000e+00
3.300000000000000000e+01 1.074958813838550142e+01 8.333333333333332149e+00 2.777777777777777679e+00 3.000000000000000000e+00
3.400000000000000000e+01 1.206754530477759602e+01 1.388888888888888928e+01 2.777777777777777679e+00 5.000000000000000000e+00
3.500000000000000000e+01 1.219110378912685277e+01 1.111111111111111072e+01 0.000000000000000000e+00 4.000000000000000000e+00
3.600000000000000000e+01 1.194398682042833570e+01 1.944444444444444642e+01 2.777777777777777679e+00 7.000000000000000000e+00
3.700000000000000000e+01 1.355024711696869666e+01 1.666666666666666430e+01 2.777777777777777679e+00 6.000000000000000000e+00
3.800000000000000000e+01 1.235584843492586415e+01 2.222222222222222143e+01 0.000000000000000000e+00 8.000000000000000000e+00
3.900000000000000000e+01 1.412685337726523827e+01 2.500000000000000000e+01 0.000000000000000000e+00 9.000000000000000000e+00
4.000000000000000000e+01 1.478583196046128556e+01 2.777777777777777857e+01 0.000000000000000000e+00 1.000000000000000000e+01
4.100000000000000000e+01 1.379736408566721551e+01 3.333333333333332860e+01 0.000000000000000000e+00 1.200000000000000000e+01
4.200000000000000000e+01 1.499176276771004801e+01 3.055555555555555358e+01 0.000000000000000000e+00 1.100000000000000000e+01
4.300000000000000000e+01 1.392092257001647582e+01 1.944444444444444642e+01 0.000000000000000000e+00 7.000000000000000000e+00
4.400000000000000000e+01 1.433278418451400249e+01 2.222222222222222143e+01 0.000000000000000000e+00 8.000000000000000000e+00
4.500000000000000000e+01 1.392092257001647582e+01 3.333333333333332860e+01 2.777777777777777679e+00 1.200000000000000000e+01
4.600000000000000000e+01 1.404448105436573435e+01 2.222222222222222143e+01 2.777777777777777679e+00 8.000000000000000000e+00
4.700000000000000000e+01 1.412685337726523827e+01 3.055555555555555358e+01 2.777777777777777679e+00 1.100000000000000000e+01
4.800000000000000000e+01 1.457990115321252134e+01 2.222222222222222143e+01 0.000000000000000000e+00 8.000000000000000000e+00
4.900000000000000000e+01 1.322075782537067390e+01 1.666666666666666430e+01 0.000000000000000000e+00 6.000000000000000000e+00
5.000000000000000000e+01 1.272652388797363976e+01 1.388888888888888928e+01 0.000000000000000000e+00 5.000000000000000000e+00
5.100000000000000000e+01 1.091433278418451280e+01 2.222222222222222143e+01 0.000000000000000000e+00 8.000000000000000000e+00
5.200000000000000000e+01 1.165568369028006579e+01 1.944444444444444642e+01 0.000000000000000000e+00 7.000000000000000000e+00
5.300000000000000000e+01 1.153212520593080725e+01 1.666666666666666430e+01 0.000000000000000000e+00 6.000000000000000000e+00
5.400000000000000000e+01 1.182042833607907717e+01 2.222222222222222143e+01 0.000000000000000000e+00 8.000000000000000000e+00
5.500000000000000000e+01 1.186161449752883001e+01 8.333333333333332149e+00 0.000000000000000000e+00 3.000000000000000000e+00
5.600000000000000000e+01 1.182042833607907717e+01 5.555555555555555358e+00 0.000000000000000000e+00 2.000000000000000000e+00
5.700000000000000000e+01 1.359143327841845306e+01 2.777777777777777679e+00 0.000000000000000000e+00 1.000000000000000000e+00
5.800000000000000000e+01 1.157331136738056010e+01 2.777777777777777679e+00 0.000000000000000000e+00 1.000000000000000000e+00
5.900000000000000000e+01 1.198517298187809033e+01 2.777777777777777679e+00 0.000000000000000000e+00 1.000000000000000000e+00
6.000000000000000000e+01 1.169686985172981863e+01 2.777777777777777679e+00 0.000000000000000000e+00 1.000000000000000000e+00
6.100000000000000000e+01 1.198517298187809033e+01 2.777777777777777679e+00 0.000000000000000000e+00 1.000000000000000000e+00
6.200000000000000000e+01 1.227347611202635846e+01 5.555555555555555358e+00 0.000000000000000000e+00 2.000000000000000000e+00
6.300000000000000000e+01 1.214991762767710171e+01 5.555555555555555358e+00 2.777777777777777679e+00 2.000000000000000000e+00
6.400000000000000000e+01 1.214991762767710171e+01 1.388888888888888928e+01 5.555555555555555358e+00 5.000000000000000000e+00
6.500000000000000000e+01 1.219110378912685277e+01 5.555555555555555358e+00 5.555555555555555358e+00 2.000000000000000000e+00
6.600000000000000000e+01 1.144975288303130156e+01 0.000000000000000000e+00 8.333333333333332149e+00 -6.000000000000000000e+03
