# step, world, group,control
0.000000000000000000e+00 2.710049423393739332e+01 4.166666666666667140e+01 1.666666666666666430e+01 1.500000000000000000e+01
1.000000000000000000e+00 2.454695222405271693e+01 3.333333333333332860e+01 1.388888888888888928e+01 1.200000000000000000e+01
2.000000000000000000e+00 2.351729818780889758e+01 2.500000000000000000e+01 1.944444444444444642e+01 9.000000000000000000e+00
3.000000000000000000e+00 2.359967051070839972e+01 2.222222222222222143e+01 2.222222222222222143e+01 8.000000000000000000e+00
4.000000000000000000e+00 2.219934102141680299e+01 1.666666666666666430e+01 2.500000000000000000e+01 6.000000000000000000e+00
5.000000000000000000e+00 2.207578253706754623e+01 1.111111111111111072e+01 3.055555555555555358e+01 4.000000000000000000e+00
6.000000000000000000e+00 2.079901153212520626e+01 1.388888888888888928e+01 1.944444444444444642e+01 5.000000000000000000e+00
7.000000000000000000e+00 1.898682042833607753e+01 1.388888888888888928e+01 1.944444444444444642e+01 5.000000000000000000e+00
8.000000000000000000e+00 1.873970345963756046e+01 1.944444444444444642e+01 1.388888888888888928e+01 7.000000000000000000e+00
9.000000000000000000e+00 1.738056013179571480e+01 1.666666666666666430e+01 1.666666666666666430e+01 6.000000000000000000e+00
1.000000000000000000e+01 1.758649093904448080e+01 2.500000000000000000e+01 2.500000000000000000e+01 9.000000000000000000e+00
1.100000000000000000e+01 1.832784184514003201e+01 2.500000000000000000e+01 2.500000000000000000e+01 9.000000000000000000e+00
1.200000000000000000e+01 1.878088962108731508e+01 3.055555555555555358e+01 3.055555555555555358e+01 1.100000000000000000e+01
1.300000000000000000e+01 1.919275123558484353e+01 1.944444444444444642e+01 2.222222222222222143e+01 7.000000000000000000e+00
1.400000000000000000e+01 1.857495881383854908e+01 3.333333333333332860e+01 2.777777777777777857e+01 1.200000000000000000e+01
1.500000000000000000e+01 1.832784184514003201e+01 1.388888888888888928e+01 2.500000000000000000e+01 5.000000000000000000e+00
1.600000000000000000e+01 1.952224052718286629e+01 1.944444444444444642e+01 3.611111111111110716e+01 7.000000000000000000e+00
1.700000000000000000e+01 1.878088962108731508e+01 1.666666666666666430e+01 3.055555555555555358e+01 6.000000000000000000e+00
1.800000000000000000e+01 1.799835255354200925e+01 1.111111111111111072e+01 3.888888888888889284e+01 4.000000000000000000e+00
1.900000000000000000e+01 1.894563426688632646e+01 1.111111111111111072e+01 5.277777777777777857e+01 4.000000000000000000e+00
2.000000000000000000e+01 1.948105436573311522e+01 1.666666666666666430e+01 2.500000000000000000e+01 6.000000000000000000e+00
2.100000000000000000e+01 1.935749588138385491e+01 3.611111111111110716e+01 2.777777777777777857e+01 1.300000000000000000e+01
2.200000000000000000e+01 1.915156507413509246e+01 1.388888888888888928e+01 2.222222222222222143e+01 5.000000000000000000e+00
2.300000000000000000e+01 1.771004942339374111e+01 2.777777777777777679e+00 3.888888888888889284e+01 1.000000000000000000e+00
2.400000000000000000e+01 1.709225700164744666e+01 2.777777777777777679e+00 3.611111111111110716e+01 1.000000000000000000e+00
2.500000000000000000e+01 1.618616144975288407e+01 2.777777777777777679e+00 2.777777777777777857e+01 1.000000000000000000e+00
2.600000000000000000e+01 1.593904448105436522e+01 2.777777777777777679e+00 3.055555555555555358e+01 1.000000000000000000e+00
2.700000000000000000e+01 1.614497528830312945e+01 2.777777777777777679e+00 3.055555555555555358e+01 1.000000000000000000e+00
2.800000000000000000e+01 1.672158154859966928e+01 2.777777777777777679e+00 1.388888888888888928e+01 1.000000000000000000e+00
2.900000000000000000e+01 1.705107084019769204e+01 1.111111111111111072e+01 5.555555555555555358e+00 4.000000000000000000e+00
3.000000000000000000e+01 1.635090609555189545e+01 1.666666666666666430e+01 2.777777777777777679e+00 6.000000000000000000e+00
3.100000000000000000e+01 1.766886326194398649e+01 1.666666666666666430e+01 0.000000000000000000e+00 6.000000000000000000e+00
3.200000000000000000e+01 1.684514003294892959e+01 2.500000000000000000e+01 0.000000000000000000e+00 9.000000000000000000e+00
3.300000000000000000e+01 1.750411861614497511e+01 2.222222222222222143e+01 2.777777777777777679e+00 8.000000000000000000e+00
3.400000000000000000e+01 1.696869851729818990e+01 1.666666666666666430e+01 2.777777777777777679e+00 6.000000000000000000e+00
3.500000000000000000e+01 1.762767710049423542e+01 1.944444444444444642e+01 2.777777777777777679e+00 7.000000000000000000e+00
3.600000000000000000e+01 1.647446457990115221e+01 1.666666666666666430e+01 2.777777777777777679e+00 6.000000000000000000e+00
3.700000000000000000e+01 1.894563426688632646e+01 1.388888888888888928e+01 5.555555555555555358e+00 5.000000000000000000e+00
3.800000000000000000e+01 1.593904448105436522e+01 1.666666666666666430e+01 8.333333333333332149e+00 6.000000000000000000e+00
3.900000000000000000e+01 1.593904448105436522e+01 1.666666666666666430e+01 8.333333333333332149e+00 6.000000000000000000e+00
4.000000000000000000e+01 1.482701812191103663e+01 1.388888888888888928e+01 5.555555555555555358e+00 5.000000000000000000e+00
4.100000000000000000e+01 1.359143327841845306e+01 2.222222222222222143e+01 5.555555555555555358e+00 8.000000000000000000e+00
4.200000000000000000e+01 1.387973640856671942e+01 1.666666666666666430e+01 0.000000000000000000e+00 6.000000000000000000e+00
4.300000000000000000e+01 1.449752883031301387e+01 2.222222222222222143e+01 0.000000000000000000e+00 8.000000000000000000e+00
4.400000000000000000e+01 1.239703459637561878e+01 2.222222222222222143e+01 0.000000000000000000e+00 8.000000000000000000e+00
4.500000000000000000e+01 1.239703459637561878e+01 2.777777777777777857e+01 2.777777777777777679e+00 1.000000000000000000e+01
4.600000000000000000e+01 1.235584843492586415e+01 2.500000000000000000e+01 5.555555555555555358e+00 9.000000000000000000e+00
4.700000000000000000e+01 1.186161449752883001e+01 3.611111111111110716e+01 2.777777777777777679e+00 1.300000000000000000e+01
4.800000000000000000e+01 1.091433278418451280e+01 3.888888888888889284e+01 5.555555555555555358e+00 1.400000000000000000e+01
4.900000000000000000e+01 1.017298187808896159e+01 4.444444444444444287e+01 5.555555555555555358e+00 1.600000000000000000e+01
5.000000000000000000e+01 1.017298187808896159e+01 3.055555555555555358e+01 5.555555555555555358e+00 1.100000000000000000e+01
5.100000000000000000e+01 1.000823723228995021e+01 3.611111111111110716e+01 0.000000000000000000e+00 1.300000000000000000e+01
5.200000000000000000e+01 9.967051070840197369e+00 3.611111111111110716e+01 2.777777777777777679e+00 1.300000000000000000e+01
5.300000000000000000e+01 9.060955518945634779e+00 3.888888888888889284e+01 8.333333333333332149e+00 1.400000000000000000e+01
5.400000000000000000e+01 9.266886326194399004e+00 3.888888888888889284e+01 8.333333333333332149e+00 1.400000000000000000e+01
5.500000000000000000e+01 9.019769357495881934e+00 3.055555555555555358e+01 1.388888888888888928e+01 1.100000000000000000e+01
5.600000000000000000e+01 7.907742998352553343e+00 3.333333333333332860e+01 1.388888888888888928e+01 1.200000000000000000e+01
5.700000000000000000e+01 8.813838550247117709e+00 3.888888888888889284e+01 2.222222222222222143e+01 1.400000000000000000e+01
5.800000000000000000e+01 8.278418451400328948e+00 3.333333333333332860e+01 1.111111111111111072e+01 1.200000000000000000e+01
5.900000000000000000e+01 8.731466227347612019e+00 3.888888888888889284e+01 1.388888888888888928e+01 1.400000000000000000e+01
6.000000000000000000e+01 8.566721581548600639e+00 3.611111111111110716e+01 1.388888888888888928e+01 1.300000000000000000e+01
6.100000000000000000e+01 8.443163097199340328e+00 3.055555555555555358e+01 8.333333333333332149e+00 1.100000000000000000e+01
6.200000000000000000e+01 8.196046128500823258e+00 2.500000000000000000e+01 5.555555555555555358e+00 9.000000000000000000e+00
6.300000000000000000e+01 7.825370675453047653e+00 3.611111111111110716e+01 0.000000000000000000e+00 1.300000000000000000e+01
6.400000000000000000e+01 8.196046128500823258e+00 2.222222222222222143e+01 0.000000000000000000e+00 8.000000000000000000e+00
6.500000000000000000e+01 7.084019769357495555e+00 2.222222222222222143e+01 0.000000000000000000e+00 8.000000000000000000e+00
6.600000000000000000e+01 7.042833607907743598e+00 2.222222222222222143e+01 0.000000000000000000e+00 8.000000000000000000e+00
6.700000000000000000e+01 7.537067545304777738e+00 1.944444444444444642e+01 0.000000000000000000e+00 7.000000000000000000e+00
6.800000000000000000e+01 7.166392092257001245e+00 3.055555555555555358e+01 0.000000000000000000e+00 1.100000000000000000e+01
6.900000000000000000e+01 8.113673805601317568e+00 2.777777777777777857e+01 0.000000000000000000e+00 1.000000000000000000e+01
7.000000000000000000e+01 7.207578253706754978e+00 2.777777777777777857e+01 0.000000000000000000e+00 1.000000000000000000e+01
7.100000000000000000e+01 7.619439868204283428e+00 3.055555555555555358e+01 0.000000000000000000e+00 1.100000000000000000e+01
7.200000000000000000e+01 7.125205930807249288e+00 1.111111111111111072e+01 0.000000000000000000e+00 4.000000000000000000e+00
7.300000000000000000e+01 7.084019769357495555e+00 8.333333333333332149e+00 0.000000000000000000e+00 3.000000000000000000e+00
7.400000000000000000e+01 7.125205930807249288e+00 5.555555555555555358e+00 0.000000000000000000e+00 2.000000000000000000e+00
7.500000000000000000e+01 6.754530477759472795e+00 5.555555555555555358e+00 0.000000000000000000e+00 2.000000000000000000e+00
7.600000000000000000e+01 6.919275123558484175e+00 5.555555555555555358e+00 0.000000000000000000e+00 2.000000000000000000e+00
7.700000000000000000e+01 7.372322899505766358e+00 0.000000000000000000e+00 0.000000000000000000e+00 -6.000000000000000000e+03
