# step, world, group,control
0.000000000000000000e+00 2.594728171334431721e+01 2.500000000000000000e+01 2.500000000000000000e+01 9.000000000000000000e+00
1.000000000000000000e+00 2.545304777594727952e+01 3.333333333333332860e+01 2.222222222222222143e+01 1.200000000000000000e+01
2.000000000000000000e+00 2.570016474464579659e+01 1.944444444444444642e+01 2.500000000000000000e+01 7.000000000000000000e+00
3.000000000000000000e+00 2.359967051070839972e+01 2.500000000000000000e+01 2.500000000000000000e+01 9.000000000000000000e+00
4.000000000000000000e+00 2.277594728171334282e+01 2.222222222222222143e+01 3.055555555555555358e+01 8.000000000000000000e+00
5.000000000000000000e+00 2.038714991762767781e+01 2.500000000000000000e+01 3.888888888888889284e+01 9.000000000000000000e+00
6.000000000000000000e+00 2.195222405271828592e+01 1.944444444444444642e+01 3.611111111111110716e+01 7.000000000000000000e+00
7.000000000000000000e+00 2.051070840197693457e+01 1.388888888888888928e+01 3.333333333333332860e+01 5.000000000000000000e+00
8.000000000000000000e+00 1.981054365733113798e+01 2.222222222222222143e+01 3.333333333333332860e+01 8.000000000000000000e+00
9.000000000000000000e+00 1.886326194398682077e+01 3.055555555555555358e+01 3.888888888888889284e+01 1.100000000000000000e+01
1.000000000000000000e+01 1.754530477759472973e+01 2.777777777777777857e+01 3.611111111111110716e+01 1.000000000000000000e+01
1.100000000000000000e+01 1.799835255354200925e+01 3.611111111111110716e+01 3.333333333333332860e+01 1.300000000000000000e+01
1.200000000000000000e+01 1.548599670510708215e+01 2.500000000000000000e+01 3.888888888888889284e+01 9.000000000000000000e+00
1.300000000000000000e+01 1.610378912685337838e+01 3.055555555555555358e+01 1.388888888888888928e+01 1.100000000000000000e+01
1.400000000000000000e+01 1.540362438220757824e+01 3.611111111111110716e+01 1.666666666666666430e+01 1.300000000000000000e+01
1.500000000000000000e+01 1.622734761120263514e+01 2.777777777777777857e+01 1.111111111111111072e+01 1.000000000000000000e+01
1.600000000000000000e+01 1.598023064250411807e+01 2.777777777777777857e+01 1.388888888888888928e+01 1.000000000000000000e+01
1.700000000000000000e+01 1.630971993410214083e+01 3.611111111111110716e+01 1.944444444444444642e+01 1.300000000000000000e+01
1.800000000000000000e+01 1.606260296540362376e+01 3.888888888888889284e+01 1.666666666666666430e+01 1.400000000000000000e+01
1.900000000000000000e+01 1.672158154859966928e+01 5.833333333333333570e+01 2.222222222222222143e+01 2.100000000000000000e+01
2.000000000000000000e+01 1.560955518945634246e+01 1.944444444444444642e+01 2.222222222222222143e+01 7.000000000000000000e+00
2.100000000000000000e+01 1.548599670510708215e+01 1.388888888888888928e+01 3.055555555555555358e+01 5.000000000000000000e+00
2.200000000000000000e+01 1.478583196046128556e+01 5.555555555555555358e+00 2.500000000000000000e+01 2.000000000000000000e+00
2.300000000000000000e+01 1.416803953871499111e+01 8.333333333333332149e+00 2.500000000000000000e+01 3.000000000000000000e+00
2.400000000000000000e+01 1.322075782537067390e+01 5.555555555555555358e+00 2.500000000000000000e+01 2.000000000000000000e+00
2.500000000000000000e+01 1.342668863261943990e+01 1.111111111111111072e+01 3.055555555555555358e+01 4.000000000000000000e+00
2.600000000000000000e+01 1.326194398682042852e+01 1.111111111111111072e+01 2.222222222222222143e+01 4.000000000000000000e+00
2.700000000000000000e+01 1.214991762767710171e+01 1.944444444444444642e+01 1.666666666666666430e+01 7.000000000000000000e+00
2.800000000000000000e+01 1.289126853377265114e+01 1.666666666666666430e+01 1.666666666666666430e+01 6.000000000000000000e+00
2.900000000000000000e+01 1.194398682042833570e+01 2.222222222222222143e+01 1.666666666666666430e+01 8.000000000000000000e+00
3.000000000000000000e+01 1.243822075782536984e+01 1.111111111111111072e+01 2.222222222222222143e+01 4.000000000000000000e+00
3.100000000000000000e+01 1.144975288303130156e+01 2.222222222222222143e+01 1.944444444444444642e+01 8.000000000000000000e+00
3.200000000000000000e+01 1.219110378912685277e+01 5.555555555555555358e+00 2.500000000000000000e+01 2.000000000000000000e+00
3.300000000000000000e+01 1.116144975288303165e+01 0.000000000000000000e+00 2.500000000000000000e+01 -6.000000000000000000e+03
