# step, world, group,control
0.000000000000000000e+00 2.747116968698517425e+01 3.055555555555555358e+01 1.666666666666666430e+01 1.100000000000000000e+01
1.000000000000000000e+00 2.462932454695222617e+01 4.166666666666667140e+01 1.944444444444444642e+01 1.500000000000000000e+01
2.000000000000000000e+00 2.454695222405271693e+01 3.055555555555555358e+01 1.944444444444444642e+01 1.100000000000000000e+01
3.000000000000000000e+00 2.203459637561779161e+01 4.166666666666667140e+01 3.888888888888889284e+01 1.500000000000000000e+01
4.000000000000000000e+00 2.215815485996704837e+01 1.666666666666666430e+01 2.500000000000000000e+01 6.000000000000000000e+00
5.000000000000000000e+00 1.948105436573311522e+01 2.222222222222222143e+01 5.000000000000000000e+01 8.000000000000000000e+00
6.000000000000000000e+00 1.725700164744645804e+01 2.500000000000000000e+01 2.777777777777777857e+01 9.000000000000000000e+00
7.000000000000000000e+00 1.684514003294892959e+01 2.222222222222222143e+01 2.500000000000000000e+01 8.000000000000000000e+00
8.000000000000000000e+00 1.589785831960461238e+01 2.222222222222222143e+01 3.333333333333332860e+01 8.000000000000000000e+00
9.000000000000000000e+00 1.692751235584843528e+01 1.944444444444444642e+01 1.666666666666666430e+01 7.000000000000000000e+00
1.000000000000000000e+01 1.668039538714991821e+01 2.500000000000000000e+01 1.944444444444444642e+01 9.000000000000000000e+00
1.100000000000000000e+01 1.676276771004942390e+01 1.111111111111111072e+01 2.500000000000000000e+01 4.000000000000000000e+00
1.200000000000000000e+01 1.495057660626029694e+01 1.944444444444444642e+01 1.666666666666666430e+01 7.000000000000000000e+00
1.300000000000000000e+01 1.470345963756177987e+01 2.777777777777777857e+01 1.944444444444444642e+01 1.000000000000000000e+01
1.400000000000000000e+01 1.503294892915980263e+01 2.500000000000000000e+01 2.777777777777777857e+01 9.000000000000000000e+00
1.500000000000000000e+01 1.544481054365733108e+01 2.500000000000000000e+01 2.777777777777777857e+01 9.000000000000000000e+00
1.600000000000000000e+01 1.462108731466227241e+01 1.666666666666666430e+01 3.611111111111110716e+01 6.000000000000000000e+00
1.700000000000000000e+01 1.589785831960461238e+01 1.944444444444444642e+01 2.777777777777777857e+01 7.000000000000000000e+00
1.800000000000000000e+01 1.416803953871499111e+01 1.944444444444444642e+01 5.277777777777777857e+01 7.000000000000000000e+00
1.900000000000000000e+01 1.515650741350905939e+01 1.666666666666666430e+01 2.222222222222222143e+01 6.000000000000000000e+00
2.000000000000000000e+01 1.437397034596375711e+01 2.500000000000000000e+01 3.055555555555555358e+01 9.000000000000000000e+00
2.100000000000000000e+01 1.540362438220757824e+01 2.777777777777777857e+01 3.055555555555555358e+01 1.000000000000000000e+01
2.200000000000000000e+01 1.606260296540362376e+01 2.777777777777777857e+01 2.222222222222222143e+01 1.000000000000000000e+01
2.300000000000000000e+01 1.569192751235584993e+01 2.222222222222222143e+01 3.055555555555555358e+01 8.000000000000000000e+00
2.400000000000000000e+01 1.478583196046128556e+01 2.222222222222222143e+01 2.222222222222222143e+01 8.000000000000000000e+00
2.500000000000000000e+01 1.433278418451400249e+01 3.888888888888889284e+01 1.944444444444444642e+01 1.400000000000000000e+01
2.600000000000000000e+01 1.350906095551894559e+01 2.777777777777777857e+01 2.500000000000000000e+01 1.000000000000000000e+01
2.700000000000000000e+01 1.186161449752883001e+01 3.888888888888889284e+01 2.500000000000000000e+01 1.400000000000000000e+01
2.800000000000000000e+01 1.280889621087314723e+01 1.944444444444444642e+01 3.333333333333332860e+01 7.000000000000000000e+00
2.900000000000000000e+01 1.326194398682042852e+01 3.611111111111110716e+01 2.222222222222222143e+01 1.300000000000000000e+01
3.000000000000000000e+01 1.247940691927512447e+01 1.111111111111111072e+01 3.888888888888889284e+01 4.000000000000000000e+00
3.100000000000000000e+01 1.219110378912685277e+01 0.000000000000000000e+00 3.333333333333332860e+01 -6.000000000000000000e+03
