# step, world, group,control
0.000000000000000000e+00 2.697693574958813656e+01 1.944444444444444642e+01 1.944444444444444642e+01 7.000000000000000000e+00
1.000000000000000000e+00 2.500000000000000000e+01 1.666666666666666430e+01 1.111111111111111072e+01 6.000000000000000000e+00
2.000000000000000000e+00 2.339373970345963727e+01 1.111111111111111072e+01 1.388888888888888928e+01 4.000000000000000000e+00
3.000000000000000000e+00 2.310543657331136558e+01 3.055555555555555358e+01 1.388888888888888928e+01 1.100000000000000000e+01
4.000000000000000000e+00 2.219934102141680299e+01 1.666666666666666430e+01 1.388888888888888928e+01 6.000000000000000000e+00
5.000000000000000000e+00 2.162273476112026316e+01 1.111111111111111072e+01 1.388888888888888928e+01 4.000000000000000000e+00
6.000000000000000000e+00 2.219934102141680299e+01 8.333333333333332149e+00 1.388888888888888928e+01 3.000000000000000000e+00
7.000000000000000000e+00 2.100494233937396871e+01 1.111111111111111072e+01 2.500000000000000000e+01 4.000000000000000000e+00
8.000000000000000000e+00 2.042833607907742888e+01 1.388888888888888928e+01 2.222222222222222143e+01 5.000000000000000000e+00
9.000000000000000000e+00 1.820428336079077525e+01 8.333333333333332149e+00 1.944444444444444642e+01 3.000000000000000000e+00
1.000000000000000000e+01 1.935749588138385491e+01 1.666666666666666430e+01 2.500000000000000000e+01 6.000000000000000000e+00
1.100000000000000000e+01 1.775123558484349218e+01 1.944444444444444642e+01 2.777777777777777857e+01 7.000000000000000000e+00
1.200000000000000000e+01 1.869851729818780939e+01 1.388888888888888928e+01 1.944444444444444642e+01 5.000000000000000000e+00
1.300000000000000000e+01 1.894563426688632646e+01 1.666666666666666430e+01 1.666666666666666430e+01 6.000000000000000000e+00
1.400000000000000000e+01 1.709225700164744666e+01 1.388888888888888928e+01 1.111111111111111072e+01 5.000000000000000000e+00
1.500000000000000000e+01 1.771004942339374111e+01 1.111111111111111072e+01 5.555555555555555358e+00 4.000000000000000000e+00
1.600000000000000000e+01 1.738056013179571480e+01 1.111111111111111072e+01 1.111111111111111072e+01 4.000000000000000000e+00
1.700000000000000000e+01 1.688632619439868066e+01 8.333333333333332149e+00 2.777777777777777679e+00 3.000000000000000000e+00
1.800000000000000000e+01 1.688632619439868066e+01 0.000000000000000000e+00 2.777777777777777679e+00 -6.000000000000000000e+03
