# step, world, group,control
0.000000000000000000e+00 2.862438220757825391e+01 4.722222222222222854e+01 2.222222222222222143e+01 1.700000000000000000e+01
1.000000000000000000e+00 2.590609555189456614e+01 3.611111111111110716e+01 2.777777777777777857e+01 1.300000000000000000e+01
2.000000000000000000e+00 2.594728171334431721e+01 4.166666666666667140e+01 2.777777777777777857e+01 1.500000000000000000e+01
3.000000000000000000e+00 2.450576606260296586e+01 4.166666666666667140e+01 4.166666666666667140e+01 1.500000000000000000e+01
4.000000000000000000e+00 2.537067545304777383e+01 3.611111111111110716e+01 4.166666666666667140e+01 1.300000000000000000e+01
5.000000000000000000e+00 2.310543657331136558e+01 3.055555555555555358e+01 3.333333333333332860e+01 1.100000000000000000e+01
6.000000000000000000e+00 2.224052718286655761e+01 2.222222222222222143e+01 3.333333333333332860e+01 8.000000000000000000e+00
7.000000000000000000e+00 1.968698517298187767e+01 4.444444444444444287e+01 3.888888888888889284e+01 1.600000000000000000e+01
8.000000000000000000e+00 1.960461285008237198e+01 2.222222222222222143e+01 4.722222222222222854e+01 8.000000000000000000e+00
9.000000000000000000e+00 2.100494233937396871e+01 2.500000000000000000e+01 3.055555555555555358e+01 9.000000000000000000e+00
1.000000000000000000e+01 2.215815485996704837e+01 1.944444444444444642e+01 4.166666666666667140e+01 7.000000000000000000e+00
1.100000000000000000e+01 2.030477759472817212e+01 3.333333333333332860e+01 2.500000000000000000e+01 1.200000000000000000e+01
1.200000000000000000e+01 2.170510708401976885e+01 1.666666666666666430e+01 3.333333333333332860e+01 6.000000000000000000e+00
1.300000000000000000e+01 1.869851729818780939e+01 2.777777777777777857e+01 1.388888888888888928e+01 1.000000000000000000e+01
1.400000000000000000e+01 1.911037891268533784e+01 2.777777777777777857e+01 1.944444444444444642e+01 1.000000000000000000e+01
1.500000000000000000e+01 1.733937397034596373e+01 2.500000000000000000e+01 2.222222222222222143e+01 9.000000000000000000e+00
1.600000000000000000e+01 1.836902800658978663e+01 2.777777777777777857e+01 1.666666666666666430e+01 1.000000000000000000e+01
1.700000000000000000e+01 1.853377265238879801e+01 2.500000000000000000e+01 1.388888888888888928e+01 9.000000000000000000e+00
1.800000000000000000e+01 1.832784184514003201e+01 3.611111111111110716e+01 1.111111111111111072e+01 1.300000000000000000e+01
1.900000000000000000e+01 2.046952224052718350e+01 2.222222222222222143e+01 1.111111111111111072e+01 8.000000000000000000e+00
2.000000000000000000e+01 1.882207578253706615e+01 3.611111111111110716e+01 1.111111111111111072e+01 1.300000000000000000e+01
2.100000000000000000e+01 1.865733113673805477e+01 2.222222222222222143e+01 1.388888888888888928e+01 8.000000000000000000e+00
2.200000000000000000e+01 1.700988467874794097e+01 3.055555555555555358e+01 1.388888888888888928e+01 1.100000000000000000e+01
2.300000000000000000e+01 1.873970345963756046e+01 1.944444444444444642e+01 1.388888888888888928e+01 7.000000000000000000e+00
2.400000000000000000e+01 1.771004942339374111e+01 1.944444444444444642e+01 8.333333333333332149e+00 7.000000000000000000e+00
2.500000000000000000e+01 1.742174629324546942e+01 3.055555555555555358e+01 8.333333333333332149e+00 1.100000000000000000e+01
2.600000000000000000e+01 1.762767710049423542e+01 2.777777777777777857e+01 8.333333333333332149e+00 1.000000000000000000e+01
2.700000000000000000e+01 1.672158154859966928e+01 3.888888888888889284e+01 8.333333333333332149e+00 1.400000000000000000e+01
2.800000000000000000e+01 1.721581548599670342e+01 1.666666666666666430e+01 8.333333333333332149e+00 6.000000000000000000e+00
2.900000000000000000e+01 1.622734761120263514e+01 1.666666666666666430e+01 8.333333333333332149e+00 6.000000000000000000e+00
3.000000000000000000e+01 1.663920922570016359e+01 1.388888888888888928e+01 8.333333333333332149e+00 5.000000000000000000e+00
3.100000000000000000e+01 1.523887973640856686e+01 8.333333333333332149e+00 8.333333333333332149e+00 3.000000000000000000e+00
3.200000000000000000e+01 1.663920922570016359e+01 1.388888888888888928e+01 8.333333333333332149e+00 5.000000000000000000e+00
3.300000000000000000e+01 1.482701812191103663e+01 1.111111111111111072e+01 8.333333333333332149e+00 4.000000000000000000e+00
3.400000000000000000e+01 1.445634266886326103e+01 1.388888888888888928e+01 8.333333333333332149e+00 5.000000000000000000e+00
3.500000000000000000e+01 1.383855024711696835e+01 2.222222222222222143e+01 8.333333333333332149e+00 8.000000000000000000e+00
3.600000000000000000e+01 1.429159802306424965e+01 1.944444444444444642e+01 8.333333333333332149e+00 7.000000000000000000e+00
3.700000000000000000e+01 1.412685337726523827e+01 2.222222222222222143e+01 8.333333333333332149e+00 8.000000000000000000e+00
3.800000000000000000e+01 1.355024711696869666e+01 1.111111111111111072e+01 8.333333333333332149e+00 4.000000000000000000e+00
3.900000000000000000e+01 1.289126853377265114e+01 5.555555555555555358e+00 8.333333333333332149e+00 2.000000000000000000e+00
4.000000000000000000e+01 1.173805601317957148e+01 5.555555555555555358e+00 8.333333333333332149e+00 2.000000000000000000e+00
4.100000000000000000e+01 1.206754530477759602e+01 1.111111111111111072e+01 8.333333333333332149e+00 4.000000000000000000e+00
4.200000000000000000e+01 1.182042833607907717e+01 1.111111111111111072e+01 8.333333333333332149e+00 4.000000000000000000e+00
4.300000000000000000e+01 1.144975288303130156e+01 1.111111111111111072e+01 8.333333333333332149e+00 4.000000000000000000e+00
4.400000000000000000e+01 1.140856672158154872e+01 1.666666666666666430e+01 8.333333333333332149e+00 6.000000000000000000e+00
4.500000000000000000e+01 1.153212520593080725e+01 1.666666666666666430e+01 5.555555555555555358e+00 6.000000000000000000e+00
4.600000000000000000e+01 1.173805601317957148e+01 1.944444444444444642e+01 5.555555555555555358e+00 7.000000000000000000e+00
4.700000000000000000e+01 1.116144975288303165e+01 1.944444444444444642e+01 8.333333333333332149e+00 7.000000000000000000e+00
4.800000000000000000e+01 1.083196046128500711e+01 1.666666666666666430e+01 8.333333333333332149e+00 6.000000000000000000e+00
4.900000000000000000e+01 1.198517298187809033e+01 2.777777777777777857e+01 8.333333333333332149e+00 1.000000000000000000e+01
5.000000000000000000e+01 1.017298187808896159e+01 2.777777777777777857e+01 1.111111111111111072e+01 1.000000000000000000e+01
5.100000000000000000e+01 1.128500823723229018e+01 3.055555555555555358e+01 1.944444444444444642e+01 1.100000000000000000e+01
5.200000000000000000e+01 1.013179571663920875e+01 3.611111111111110716e+01 1.111111111111111072e+01 1.300000000000000000e+01
5.300000000000000000e+01 1.099670510708401849e+01 4.444444444444444287e+01 5.555555555555555358e+00 1.600000000000000000e+01
5.400000000000000000e+01 9.266886326194399004e+00 3.333333333333332860e+01 0.000000000000000000e+00 1.200000000000000000e+01
5.500000000000000000e+01 9.637561779242174609e+00 5.000000000000000000e+01 2.777777777777777679e+00 1.800000000000000000e+01
5.600000000000000000e+01 8.855024711696870554e+00 2.777777777777777857e+01 5.555555555555555358e+00 1.000000000000000000e+01
5.700000000000000000e+01 8.525535420098846018e+00 4.444444444444444287e+01 2.777777777777777679e+00 1.600000000000000000e+01
5.800000000000000000e+01 9.060955518945634779e+00 2.222222222222222143e+01 2.777777777777777679e+00 8.000000000000000000e+00
5.900000000000000000e+01 9.678747940691927454e+00 2.222222222222222143e+01 2.777777777777777679e+00 8.000000000000000000e+00
6.000000000000000000e+01 9.925864909390444524e+00 2.222222222222222143e+01 2.777777777777777679e+00 8.000000000000000000e+00
6.100000000000000000e+01 9.102141680395387624e+00 3.055555555555555358e+01 2.777777777777777679e+00 1.100000000000000000e+01
6.200000000000000000e+01 9.308072487644151849e+00 2.222222222222222143e+01 2.777777777777777679e+00 8.000000000000000000e+00
6.300000000000000000e+01 9.843492586490938834e+00 3.888888888888889284e+01 2.777777777777777679e+00 1.400000000000000000e+01
6.400000000000000000e+01 8.896210873146623399e+00 2.777777777777777857e+01 2.777777777777777679e+00 1.000000000000000000e+01
6.500000000000000000e+01 7.825370675453047653e+00 5.277777777777777857e+01 5.555555555555555358e+00 1.900000000000000000e+01
6.600000000000000000e+01 9.266886326194399004e+00 2.500000000000000000e+01 2.777777777777777679e+00 9.000000000000000000e+00
6.700000000000000000e+01 8.731466227347612019e+00 2.777777777777777857e+01 0.000000000000000000e+00 1.000000000000000000e+01
6.800000000000000000e+01 9.102141680395387624e+00 3.611111111111110716e+01 0.000000000000000000e+00 1.300000000000000000e+01
6.900000000000000000e+01 8.443163097199340328e+00 2.500000000000000000e+01 0.000000000000000000e+00 9.000000000000000000e+00
7.000000000000000000e+01 9.060955518945634779e+00 1.388888888888888928e+01 0.000000000000000000e+00 5.000000000000000000e+00
7.100000000000000000e+01 7.825370675453047653e+00 2.777777777777777857e+01 0.000000000000000000e+00 1.000000000000000000e+01
7.200000000000000000e+01 7.990115321252059033e+00 1.666666666666666430e+01 0.000000000000000000e+00 6.000000000000000000e+00
7.300000000000000000e+01 8.484349258649094949e+00 3.055555555555555358e+01 0.000000000000000000e+00 1.100000000000000000e+01
7.400000000000000000e+01 7.742998352553541075e+00 2.500000000000000000e+01 0.000000000000000000e+00 9.000000000000000000e+00
7.500000000000000000e+01 8.607907742998351708e+00 3.055555555555555358e+01 0.000000000000000000e+00 1.100000000000000000e+01
7.600000000000000000e+01 8.401976935749589259e+00 3.333333333333332860e+01 0.000000000000000000e+00 1.200000000000000000e+01
7.700000000000000000e+01 8.855024711696870554e+00 3.055555555555555358e+01 0.000000000000000000e+00 1.100000000000000000e+01
7.800000000000000000e+01 9.596375617792421764e+00 8.333333333333332149e+00 0.000000000000000000e+00 3.000000000000000000e+00
7.900000000000000000e+01 9.596375617792421764e+00 1.111111111111111072e+01 0.000000000000000000e+00 4.000000000000000000e+00
8.000000000000000000e+01 1.017298187808896159e+01 1.388888888888888928e+01 0.000000000000000000e+00 5.000000000000000000e+00
8.100000000000000000e+01 1.021416803953871444e+01 1.111111111111111072e+01 0.000000000000000000e+00 4.000000000000000000e+00
8.200000000000000000e+01 9.060955518945634779e+00 1.388888888888888928e+01 0.000000000000000000e+00 5.000000000000000000e+00
8.300000000000000000e+01 1.058484349258649004e+01 1.944444444444444642e+01 0.000000000000000000e+00 7.000000000000000000e+00
8.400000000000000000e+01 9.143327841845140469e+00 1.666666666666666430e+01 0.000000000000000000e+00 6.000000000000000000e+00
8.500000000000000000e+01 9.184514003294893314e+00 1.666666666666666430e+01 0.000000000000000000e+00 6.000000000000000000e+00
8.600000000000000000e+01 9.596375617792421764e+00 3.055555555555555358e+01 0.000000000000000000e+00 1.100000000000000000e+01
8.700000000000000000e+01 9.719934102141680299e+00 1.944444444444444642e+01 0.000000000000000000e+00 7.000000000000000000e+00
8.800000000000000000e+01 1.004942339373970306e+01 2.500000000000000000e+01 0.000000000000000000e+00 9.000000000000000000e+00
8.900000000000000000e+01 1.000823723228995021e+01 3.055555555555555358e+01 0.000000000000000000e+00 1.100000000000000000e+01
9.000000000000000000e+01 1.070840197693575035e+01 3.055555555555555358e+01 0.000000000000000000e+00 1.100000000000000000e+01
9.100000000000000000e+01 9.967051070840197369e+00 4.444444444444444287e+01 0.000000000000000000e+00 1.600000000000000000e+01
9.200000000000000000e+01 1.136738056013179587e+01 2.777777777777777857e+01 0.000000000000000000e+00 1.000000000000000000e+01
9.300000000000000000e+01 1.161449752883031294e+01 2.777777777777777857e+01 0.000000000000000000e+00 1.000000000000000000e+01
9.400000000000000000e+01 1.169686985172981863e+01 1.111111111111111072e+01 0.000000000000000000e+00 4.000000000000000000e+00
9.500000000000000000e+01 1.198517298187809033e+01 8.333333333333332149e+00 0.000000000000000000e+00 3.000000000000000000e+00
9.600000000000000000e+01 1.070840197693575035e+01 1.388888888888888928e+01 0.000000000000000000e+00 5.000000000000000000e+00
9.700000000000000000e+01 1.112026359143327880e+01 1.111111111111111072e+01 0.000000000000000000e+00 4.000000000000000000e+00
9.800000000000000000e+01 1.116144975288303165e+01 1.111111111111111072e+01 0.000000000000000000e+00 4.000000000000000000e+00
9.900000000000000000e+01 1.120263591433278449e+01 1.666666666666666430e+01 0.000000000000000000e+00 6.000000000000000000e+00
1.000000000000000000e+02 1.124382207578253734e+01 1.666666666666666430e+01 0.000000000000000000e+00 6.000000000000000000e+00
1.010000000000000000e+02 1.136738056013179587e+01 1.388888888888888928e+01 0.000000000000000000e+00 5.000000000000000000e+00
1.020000000000000000e+02 1.235584843492586415e+01 2.222222222222222143e+01 0.000000000000000000e+00 8.000000000000000000e+00
1.030000000000000000e+02 1.128500823723229018e+01 1.944444444444444642e+01 0.000000000000000000e+00 7.000000000000000000e+00
1.040000000000000000e+02 1.099670510708401849e+01 2.777777777777777857e+01 0.000000000000000000e+00 1.000000000000000000e+01
1.050000000000000000e+02 1.120263591433278449e+01 2.777777777777777857e+01 0.000000000000000000e+00 1.000000000000000000e+01
1.060000000000000000e+02 1.136738056013179587e+01 2.500000000000000000e+01 0.000000000000000000e+00 9.000000000000000000e+00
1.070000000000000000e+02 1.190280065897858286e+01 3.055555555555555358e+01 0.000000000000000000e+00 1.100000000000000000e+01
1.080000000000000000e+02 1.112026359143327880e+01 3.888888888888889284e+01 0.000000000000000000e+00 1.400000000000000000e+01
1.090000000000000000e+02 1.066721581548599573e+01 3.055555555555555358e+01 0.000000000000000000e+00 1.100000000000000000e+01
1.100000000000000000e+02 1.202635914332784139e+01 4.444444444444444287e+01 0.000000000000000000e+00 1.600000000000000000e+01
1.110000000000000000e+02 1.247940691927512447e+01 3.611111111111110716e+01 0.000000000000000000e+00 1.300000000000000000e+01
1.120000000000000000e+02 1.190280065897858286e+01 1.666666666666666430e+01 0.000000000000000000e+00 6.000000000000000000e+00
1.130000000000000000e+02 1.186161449752883001e+01 1.388888888888888928e+01 0.000000000000000000e+00 5.000000000000000000e+00
1.140000000000000000e+02 1.182042833607907717e+01 1.111111111111111072e+01 0.000000000000000000e+00 4.000000000000000000e+00
1.150000000000000000e+02 1.182042833607907717e+01 1.666666666666666430e+01 0.000000000000000000e+00 6.000000000000000000e+00
1.160000000000000000e+02 1.157331136738056010e+01 1.666666666666666430e+01 0.000000000000000000e+00 6.000000000000000000e+00
1.170000000000000000e+02 1.079077429983525604e+01 2.222222222222222143e+01 0.000000000000000000e+00 8.000000000000000000e+00
1.180000000000000000e+02 1.144975288303130156e+01 2.500000000000000000e+01 0.000000000000000000e+00 9.000000000000000000e+00
1.190000000000000000e+02 1.058484349258649004e+01 1.944444444444444642e+01 2.777777777777777679e+00 7.000000000000000000e+00
1.200000000000000000e+02 1.107907742998352418e+01 2.777777777777777857e+01 2.777777777777777679e+00 1.000000000000000000e+01
1.210000000000000000e+02 1.124382207578253734e+01 2.500000000000000000e+01 2.777777777777777679e+00 9.000000000000000000e+00
1.220000000000000000e+02 1.227347611202635846e+01 2.222222222222222143e+01 2.777777777777777679e+00 8.000000000000000000e+00
1.230000000000000000e+02 1.087314662273476173e+01 4.722222222222222854e+01 5.555555555555555358e+00 1.700000000000000000e+01
1.240000000000000000e+02 1.182042833607907717e+01 2.222222222222222143e+01 5.555555555555555358e+00 8.000000000000000000e+00
1.250000000000000000e+02 1.099670510708401849e+01 2.222222222222222143e+01 8.333333333333332149e+00 8.000000000000000000e+00
1.260000000000000000e+02 1.050247116968698435e+01 2.222222222222222143e+01 8.333333333333332149e+00 8.000000000000000000e+00
1.270000000000000000e+02 1.194398682042833570e+01 2.222222222222222143e+01 1.666666666666666430e+01 8.000000000000000000e+00
1.280000000000000000e+02 1.165568369028006579e+01 2.777777777777777857e+01 5.555555555555555358e+00 1.000000000000000000e+01
1.290000000000000000e+02 1.190280065897858286e+01 1.388888888888888928e+01 0.000000000000000000e+00 5.000000000000000000e+00
1.300000000000000000e+02 1.338550247116968528e+01 2.777777777777777857e+01 0.000000000000000000e+00 1.000000000000000000e+01
1.310000000000000000e+02 1.305601317957166252e+01 2.777777777777777857e+01 0.000000000000000000e+00 1.000000000000000000e+01
1.320000000000000000e+02 1.289126853377265114e+01 3.333333333333332860e+01 0.000000000000000000e+00 1.200000000000000000e+01
1.330000000000000000e+02 1.285008237232289829e+01 5.000000000000000000e+01 0.000000000000000000e+00 1.800000000000000000e+01
1.340000000000000000e+02 1.334431630971993421e+01 2.500000000000000000e+01 0.000000000000000000e+00 9.000000000000000000e+00
1.350000000000000000e+02 1.359143327841845306e+01 1.944444444444444642e+01 0.000000000000000000e+00 7.000000000000000000e+00
1.360000000000000000e+02 1.272652388797363976e+01 2.500000000000000000e+01 2.777777777777777679e+00 9.000000000000000000e+00
1.370000000000000000e+02 1.392092257001647582e+01 3.888888888888889284e+01 5.555555555555555358e+00 1.400000000000000000e+01
1.380000000000000000e+02 1.355024711696869666e+01 1.111111111111111072e+01 5.555555555555555358e+00 4.000000000000000000e+00
1.390000000000000000e+02 1.309719934102141714e+01 5.555555555555555358e+00 2.777777777777777679e+00 2.000000000000000000e+00
1.400000000000000000e+02 1.194398682042833570e+01 1.111111111111111072e+01 0.000000000000000000e+00 4.000000000000000000e+00
1.410000000000000000e+02 1.157331136738056010e+01 1.111111111111111072e+01 0.000000000000000000e+00 4.000000000000000000e+00
1.420000000000000000e+02 1.128500823723229018e+01 2.777777777777777679e+00 0.000000000000000000e+00 1.000000000000000000e+00
1.430000000000000000e+02 1.235584843492586415e+01 5.555555555555555358e+00 0.000000000000000000e+00 2.000000000000000000e+00
1.440000000000000000e+02 1.235584843492586415e+01 1.666666666666666430e+01 0.000000000000000000e+00 6.000000000000000000e+00
1.450000000000000000e+02 1.243822075782536984e+01 1.666666666666666430e+01 0.000000000000000000e+00 6.000000000000000000e+00
1.460000000000000000e+02 1.317957166392092283e+01 1.388888888888888928e+01 0.000000000000000000e+00 5.000000000000000000e+00
1.470000000000000000e+02 1.198517298187809033e+01 3.055555555555555358e+01 0.000000000000000000e+00 1.100000000000000000e+01
1.480000000000000000e+02 1.272652388797363976e+01 1.944444444444444642e+01 0.000000000000000000e+00 7.000000000000000000e+00
1.490000000000000000e+02 1.202635914332784139e+01 2.222222222222222143e+01 0.000000000000000000e+00 8.000000000000000000e+00
1.500000000000000000e+02 1.227347611202635846e+01 1.388888888888888928e+01 0.000000000000000000e+00 5.000000000000000000e+00
1.510000000000000000e+02 1.112026359143327880e+01 2.777777777777777857e+01 0.000000000000000000e+00 1.000000000000000000e+01
1.520000000000000000e+02 1.112026359143327880e+01 1.944444444444444642e+01 0.000000000000000000e+00 7.000000000000000000e+00
1.530000000000000000e+02 1.091433278418451280e+01 2.222222222222222143e+01 0.000000000000000000e+00 8.000000000000000000e+00
1.540000000000000000e+02 1.066721581548599573e+01 1.111111111111111072e+01 0.000000000000000000e+00 4.000000000000000000e+00
1.550000000000000000e+02 1.194398682042833570e+01 2.777777777777777679e+00 0.000000000000000000e+00 1.000000000000000000e+00
1.560000000000000000e+02 1.120263591433278449e+01 8.333333333333332149e+00 0.000000000000000000e+00 3.000000000000000000e+00
1.570000000000000000e+02 1.140856672158154872e+01 1.388888888888888928e+01 0.000000000000000000e+00 5.000000000000000000e+00
1.580000000000000000e+02 1.149093904448105441e+01 1.666666666666666430e+01 0.000000000000000000e+00 6.000000000000000000e+00
1.590000000000000000e+02 1.099670510708401849e+01 3.333333333333332860e+01 0.000000000000000000e+00 1.200000000000000000e+01
1.600000000000000000e+02 1.054365733113673897e+01 1.666666666666666430e+01 0.000000000000000000e+00 6.000000000000000000e+00
1.610000000000000000e+02 1.013179571663920875e+01 1.666666666666666430e+01 0.000000000000000000e+00 6.000000000000000000e+00
1.620000000000000000e+02 1.025535420098846728e+01 2.777777777777777857e+01 0.000000000000000000e+00 1.000000000000000000e+01
1.630000000000000000e+02 1.013179571663920875e+01 3.333333333333332860e+01 0.000000000000000000e+00 1.200000000000000000e+01
1.640000000000000000e+02 1.091433278418451280e+01 2.222222222222222143e+01 0.000000000000000000e+00 8.000000000000000000e+00
1.650000000000000000e+02 1.128500823723229018e+01 3.611111111111110716e+01 0.000000000000000000e+00 1.300000000000000000e+01
1.660000000000000000e+02 9.843492586490938834e+00 2.500000000000000000e+01 0.000000000000000000e+00 9.000000000000000000e+00
1.670000000000000000e+02 1.107907742998352418e+01 2.777777777777777857e+01 0.000000000000000000e+00 1.000000000000000000e+01
1.680000000000000000e+02 9.637561779242174609e+00 1.944444444444444642e+01 0.000000000000000000e+00 7.000000000000000000e+00
1.690000000000000000e+02 9.719934102141680299e+00 2.777777777777777857e+01 0.000000000000000000e+00 1.000000000000000000e+01
1.700000000000000000e+02 9.102141680395387624e+00 2.222222222222222143e+01 0.000000000000000000e+00 8.000000000000000000e+00
1.710000000000000000e+02 9.472817133443163229e+00 5.555555555555555358e+00 0.000000000000000000e+00 2.000000000000000000e+00
1.720000000000000000e+02 9.472817133443163229e+00 0.000000000000000000e+00 0.000000000000000000e+00 -6.000000000000000000e+03
