# step, world, group,control
0.000000000000000000e+00 2.701812191103789118e+01 2.500000000000000000e+01 2.222222222222222143e+01 9.000000000000000000e+00
1.000000000000000000e+00 2.570016474464579659e+01 2.500000000000000000e+01 2.500000000000000000e+01 9.000000000000000000e+00
2.000000000000000000e+00 2.483525535420098862e+01 1.666666666666666430e+01 3.055555555555555358e+01 6.000000000000000000e+00
3.000000000000000000e+00 2.388797364085667141e+01 1.944444444444444642e+01 3.333333333333332860e+01 7.000000000000000000e+00
4.000000000000000000e+00 2.364085667215815434e+01 3.611111111111110716e+01 2.777777777777777857e+01 1.300000000000000000e+01
5.000000000000000000e+00 2.351729818780889758e+01 1.944444444444444642e+01 4.444444444444444287e+01 7.000000000000000000e+00
6.000000000000000000e+00 2.294069192751235420e+01 3.333333333333332860e+01 1.944444444444444642e+01 1.200000000000000000e+01
7.000000000000000000e+00 2.215815485996704837e+01 2.222222222222222143e+01 3.055555555555555358e+01 8.000000000000000000e+00
8.000000000000000000e+00 2.257001647446458037e+01 1.111111111111111072e+01 1.666666666666666430e+01 4.000000000000000000e+00
9.000000000000000000e+00 2.174629324546952347e+01 2.222222222222222143e+01 1.944444444444444642e+01 8.000000000000000000e+00
1.000000000000000000e+01 1.935749588138385491e+01 2.777777777777777857e+01 8.333333333333332149e+00 1.000000000000000000e+01
1.100000000000000000e+01 1.869851729818780939e+01 3.055555555555555358e+01 5.555555555555555358e+00 1.100000000000000000e+01
1.200000000000000000e+01 1.861614497528830370e+01 2.500000000000000000e+01 2.777777777777777679e+00 9.000000000000000000e+00
1.300000000000000000e+01 1.898682042833607753e+01 2.222222222222222143e+01 2.777777777777777679e+00 8.000000000000000000e+00
1.400000000000000000e+01 1.738056013179571480e+01 2.500000000000000000e+01 2.777777777777777679e+00 9.000000000000000000e+00
1.500000000000000000e+01 1.626853377265238976e+01 3.333333333333332860e+01 5.555555555555555358e+00 1.200000000000000000e+01
1.600000000000000000e+01 1.581548599670510669e+01 1.944444444444444642e+01 8.333333333333332149e+00 7.000000000000000000e+00
1.700000000000000000e+01 1.643327841845140114e+01 1.666666666666666430e+01 1.111111111111111072e+01 6.000000000000000000e+00
1.800000000000000000e+01 1.519769357495881579e+01 1.944444444444444642e+01 8.333333333333332149e+00 7.000000000000000000e+00
1.900000000000000000e+01 1.585667215815486131e+01 2.500000000000000000e+01 1.388888888888888928e+01 9.000000000000000000e+00
2.000000000000000000e+01 1.445634266886326103e+01 2.222222222222222143e+01 1.111111111111111072e+01 8.000000000000000000e+00
2.100000000000000000e+01 1.565074135090609531e+01 3.611111111111110716e+01 1.388888888888888928e+01 1.300000000000000000e+01
2.200000000000000000e+01 1.499176276771004801e+01 3.333333333333332860e+01 1.388888888888888928e+01 1.200000000000000000e+01
2.300000000000000000e+01 1.544481054365733108e+01 3.888888888888889284e+01 1.388888888888888928e+01 1.400000000000000000e+01
2.400000000000000000e+01 1.503294892915980263e+01 5.277777777777777857e+01 1.111111111111111072e+01 1.900000000000000000e+01
2.500000000000000000e+01 1.548599670510708215e+01 3.333333333333332860e+01 8.333333333333332149e+00 1.200000000000000000e+01
2.600000000000000000e+01 1.614497528830312945e+01 1.944444444444444642e+01 8.333333333333332149e+00 7.000000000000000000e+00
2.700000000000000000e+01 1.643327841845140114e+01 2.222222222222222143e+01 5.555555555555555358e+00 8.000000000000000000e+00
2.800000000000000000e+01 1.626853377265238976e+01 2.222222222222222143e+01 5.555555555555555358e+00 8.000000000000000000e+00
2.900000000000000000e+01 1.754530477759472973e+01 1.666666666666666430e+01 2.777777777777777679e+00 6.000000000000000000e+00
3.000000000000000000e+01 1.470345963756177987e+01 2.500000000000000000e+01 1.111111111111111072e+01 9.000000000000000000e+00
3.100000000000000000e+01 1.663920922570016359e+01 1.944444444444444642e+01 1.388888888888888928e+01 7.000000000000000000e+00
3.200000000000000000e+01 1.540362438220757824e+01 2.777777777777777857e+01 5.555555555555555358e+00 1.000000000000000000e+01
3.300000000000000000e+01 1.528006589785831970e+01 1.666666666666666430e+01 8.333333333333332149e+00 6.000000000000000000e+00
3.400000000000000000e+01 1.540362438220757824e+01 1.388888888888888928e+01 1.111111111111111072e+01 5.000000000000000000e+00
3.500000000000000000e+01 1.692751235584843528e+01 8.333333333333332149e+00 5.555555555555555358e+00 3.000000000000000000e+00
3.600000000000000000e+01 1.581548599670510669e+01 1.388888888888888928e+01 8.333333333333332149e+00 5.000000000000000000e+00
3.700000000000000000e+01 1.544481054365733108e+01 1.111111111111111072e+01 8.333333333333332149e+00 4.000000000000000000e+00
3.800000000000000000e+01 1.507413509060955548e+01 1.666666666666666430e+01 1.388888888888888928e+01 6.000000000000000000e+00
3.900000000000000000e+01 1.490939044481054410e+01 2.222222222222222143e+01 1.388888888888888928e+01 8.000000000000000000e+00
4.000000000000000000e+01 1.499176276771004801e+01 1.111111111111111072e+01 1.944444444444444642e+01 4.000000000000000000e+00
4.100000000000000000e+01 1.503294892915980263e+01 1.111111111111111072e+01 1.388888888888888928e+01 4.000000000000000000e+00
4.200000000000000000e+01 1.400329489291597973e+01 1.388888888888888928e+01 2.500000000000000000e+01 5.000000000000000000e+00
4.300000000000000000e+01 1.569192751235584993e+01 5.555555555555555358e+00 1.666666666666666430e+01 2.000000000000000000e+00
4.400000000000000000e+01 1.470345963756177987e+01 1.388888888888888928e+01 8.333333333333332149e+00 5.000000000000000000e+00
4.500000000000000000e+01 1.375617792421746444e+01 1.666666666666666430e+01 5.555555555555555358e+00 6.000000000000000000e+00
4.600000000000000000e+01 1.408566721581548720e+01 1.388888888888888928e+01 0.000000000000000000e+00 5.000000000000000000e+00
4.700000000000000000e+01 1.239703459637561878e+01 2.222222222222222143e+01 0.000000000000000000e+00 8.000000000000000000e+00
4.800000000000000000e+01 1.247940691927512447e+01 2.777777777777777857e+01 0.000000000000000000e+00 1.000000000000000000e+01
4.900000000000000000e+01 1.326194398682042852e+01 3.333333333333332860e+01 0.000000000000000000e+00 1.200000000000000000e+01
5.000000000000000000e+01 1.128500823723229018e+01 4.166666666666667140e+01 0.000000000000000000e+00 1.500000000000000000e+01
5.100000000000000000e+01 1.161449752883031294e+01 2.222222222222222143e+01 0.000000000000000000e+00 8.000000000000000000e+00
5.200000000000000000e+01 1.124382207578253734e+01 4.444444444444444287e+01 0.000000000000000000e+00 1.600000000000000000e+01
5.300000000000000000e+01 1.112026359143327880e+01 3.333333333333332860e+01 0.000000000000000000e+00 1.200000000000000000e+01
5.400000000000000000e+01 1.095551894563426742e+01 3.055555555555555358e+01 0.000000000000000000e+00 1.100000000000000000e+01
5.500000000000000000e+01 1.107907742998352418e+01 2.500000000000000000e+01 0.000000000000000000e+00 9.000000000000000000e+00
5.600000000000000000e+01 1.058484349258649004e+01 3.055555555555555358e+01 0.000000000000000000e+00 1.100000000000000000e+01
5.700000000000000000e+01 9.802306425041185989e+00 2.777777777777777857e+01 0.000000000000000000e+00 1.000000000000000000e+01
5.800000000000000000e+01 9.884678747940691679e+00 3.888888888888889284e+01 0.000000000000000000e+00 1.400000000000000000e+01
5.900000000000000000e+01 9.761120263591433144e+00 3.888888888888889284e+01 0.000000000000000000e+00 1.400000000000000000e+01
6.000000000000000000e+01 8.731466227347612019e+00 3.611111111111110716e+01 0.000000000000000000e+00 1.300000000000000000e+01
6.100000000000000000e+01 1.004942339373970306e+01 4.722222222222222854e+01 0.000000000000000000e+00 1.700000000000000000e+01
6.200000000000000000e+01 9.472817133443163229e+00 3.055555555555555358e+01 0.000000000000000000e+00 1.100000000000000000e+01
6.300000000000000000e+01 9.719934102141680299e+00 3.055555555555555358e+01 0.000000000000000000e+00 1.100000000000000000e+01
6.400000000000000000e+01 9.555189456342668919e+00 1.944444444444444642e+01 0.000000000000000000e+00 7.000000000000000000e+00
6.500000000000000000e+01 8.896210873146623399e+00 2.222222222222222143e+01 0.000000000000000000e+00 8.000000000000000000e+00
6.600000000000000000e+01 8.937397034596376244e+00 2.500000000000000000e+01 0.000000000000000000e+00 9.000000000000000000e+00
6.700000000000000000e+01 8.813838550247117709e+00 1.666666666666666430e+01 0.000000000000000000e+00 6.000000000000000000e+00
6.800000000000000000e+01 8.649093904448106329e+00 2.500000000000000000e+01 0.000000000000000000e+00 9.000000000000000000e+00
6.900000000000000000e+01 8.072487644151564723e+00 2.500000000000000000e+01 0.000000000000000000e+00 9.000000000000000000e+00
7.000000000000000000e+01 7.742998352553541075e+00 4.166666666666667140e+01 0.000000000000000000e+00 1.500000000000000000e+01
7.100000000000000000e+01 7.372322899505766358e+00 3.333333333333332860e+01 0.000000000000000000e+00 1.200000000000000000e+01
7.200000000000000000e+01 7.331136738056012625e+00 4.166666666666667140e+01 0.000000000000000000e+00 1.500000000000000000e+01
7.300000000000000000e+01 8.154859967051070413e+00 2.777777777777777857e+01 0.000000000000000000e+00 1.000000000000000000e+01
7.400000000000000000e+01 8.196046128500823258e+00 4.166666666666667140e+01 0.000000000000000000e+00 1.500000000000000000e+01
7.500000000000000000e+01 8.237232289950576103e+00 3.055555555555555358e+01 0.000000000000000000e+00 1.100000000000000000e+01
7.600000000000000000e+01 9.060955518945634779e+00 2.222222222222222143e+01 0.000000000000000000e+00 8.000000000000000000e+00
7.700000000000000000e+01 8.443163097199340328e+00 1.944444444444444642e+01 0.000000000000000000e+00 7.000000000000000000e+00
7.800000000000000000e+01 8.278418451400328948e+00 2.777777777777777857e+01 0.000000000000000000e+00 1.000000000000000000e+01
7.900000000000000000e+01 8.443163097199340328e+00 2.222222222222222143e+01 0.000000000000000000e+00 8.000000000000000000e+00
8.000000000000000000e+01 9.102141680395387624e+00 1.111111111111111072e+01 0.000000000000000000e+00 4.000000000000000000e+00
8.100000000000000000e+01 9.678747940691927454e+00 1.388888888888888928e+01 0.000000000000000000e+00 5.000000000000000000e+00
8.200000000000000000e+01 9.390444810543657539e+00 1.666666666666666430e+01 0.000000000000000000e+00 6.000000000000000000e+00
8.300000000000000000e+01 9.431630971993410384e+00 8.333333333333332149e+00 0.000000000000000000e+00 3.000000000000000000e+00
8.400000000000000000e+01 1.013179571663920875e+01 0.000000000000000000e+00 0.000000000000000000e+00 -6.000000000000000000e+03
