# step, world, group,control
0.000000000000000000e+00 2.553542009884678876e+01 1.944444444444444642e+01 3.611111111111110716e+01 7.000000000000000000e+00
1.000000000000000000e+00 2.438220757825370555e+01 1.944444444444444642e+01 4.444444444444444287e+01 7.000000000000000000e+00
2.000000000000000000e+00 2.384678747940692034e+01 1.944444444444444642e+01 3.055555555555555358e+01 7.000000000000000000e+00
3.000000000000000000e+00 2.425864909390444524e+01 1.944444444444444642e+01 4.722222222222222854e+01 7.000000000000000000e+00
4.000000000000000000e+00 2.500000000000000000e+01 1.111111111111111072e+01 3.055555555555555358e+01 4.000000000000000000e+00
5.000000000000000000e+00 2.318780889621087482e+01 1.388888888888888928e+01 2.500000000000000000e+01 5.000000000000000000e+00
6.000000000000000000e+00 2.359967051070839972e+01 1.388888888888888928e+01 3.333333333333332860e+01 5.000000000000000000e+00
7.000000000000000000e+00 2.244645799011532006e+01 2.222222222222222143e+01 3.333333333333332860e+01 8.000000000000000000e+00
8.000000000000000000e+00 2.228171334431630868e+01 2.500000000000000000e+01 2.500000000000000000e+01 9.000000000000000000e+00
9.000000000000000000e+00 1.985172981878088905e+01 3.611111111111110716e+01 2.777777777777777857e+01 1.300000000000000000e+01
1.000000000000000000e+01 2.034596375617792319e+01 2.222222222222222143e+01 3.055555555555555358e+01 8.000000000000000000e+00
1.100000000000000000e+01 1.783360790774299787e+01 4.444444444444444287e+01 1.944444444444444642e+01 1.600000000000000000e+01
1.200000000000000000e+01 1.758649093904448080e+01 2.777777777777777857e+01 3.333333333333332860e+01 1.000000000000000000e+01
1.300000000000000000e+01 1.808072487644151494e+01 3.333333333333332860e+01 2.500000000000000000e+01 1.200000000000000000e+01
1.400000000000000000e+01 1.836902800658978663e+01 1.944444444444444642e+01 3.055555555555555358e+01 7.000000000000000000e+00
1.500000000000000000e+01 1.795716639209225818e+01 1.666666666666666430e+01 2.500000000000000000e+01 6.000000000000000000e+00
1.600000000000000000e+01 1.655683690280065790e+01 2.777777777777777857e+01 3.888888888888889284e+01 1.000000000000000000e+01
1.700000000000000000e+01 1.589785831960461238e+01 2.222222222222222143e+01 2.500000000000000000e+01 8.000000000000000000e+00
1.800000000000000000e+01 1.614497528830312945e+01 2.777777777777777857e+01 3.333333333333332860e+01 1.000000000000000000e+01
1.900000000000000000e+01 1.803953871499176387e+01 1.388888888888888928e+01 1.388888888888888928e+01 5.000000000000000000e+00
2.000000000000000000e+01 1.700988467874794097e+01 1.944444444444444642e+01 1.666666666666666430e+01 7.000000000000000000e+00
2.100000000000000000e+01 1.635090609555189545e+01 2.222222222222222143e+01 2.222222222222222143e+01 8.000000000000000000e+00
2.200000000000000000e+01 1.672158154859966928e+01 3.055555555555555358e+01 5.555555555555555358e+00 1.100000000000000000e+01
2.300000000000000000e+01 1.540362438220757824e+01 3.611111111111110716e+01 2.777777777777777679e+00 1.300000000000000000e+01
2.400000000000000000e+01 1.663920922570016359e+01 2.777777777777777857e+01 0.000000000000000000e+00 1.000000000000000000e+01
2.500000000000000000e+01 1.614497528830312945e+01 3.888888888888889284e+01 0.000000000000000000e+00 1.400000000000000000e+01
2.600000000000000000e+01 1.639209225700164652e+01 5.277777777777777857e+01 0.000000000000000000e+00 1.900000000000000000e+01
2.700000000000000000e+01 1.466227347611202525e+01 3.611111111111110716e+01 0.000000000000000000e+00 1.300000000000000000e+01
2.800000000000000000e+01 1.486820428336079125e+01 3.888888888888889284e+01 0.000000000000000000e+00 1.400000000000000000e+01
2.900000000000000000e+01 1.548599670510708215e+01 3.055555555555555358e+01 0.000000000000000000e+00 1.100000000000000000e+01
3.000000000000000000e+01 1.445634266886326103e+01 3.888888888888889284e+01 0.000000000000000000e+00 1.400000000000000000e+01
3.100000000000000000e+01 1.462108731466227241e+01 2.500000000000000000e+01 0.000000000000000000e+00 9.000000000000000000e+00
3.200000000000000000e+01 1.317957166392092283e+01 4.444444444444444287e+01 0.000000000000000000e+00 1.600000000000000000e+01
3.300000000000000000e+01 1.470345963756177987e+01 3.055555555555555358e+01 0.000000000000000000e+00 1.100000000000000000e+01
3.400000000000000000e+01 1.383855024711696835e+01 3.055555555555555358e+01 2.777777777777777679e+00 1.100000000000000000e+01
3.500000000000000000e+01 1.330313014827018137e+01 3.055555555555555358e+01 2.777777777777777679e+00 1.100000000000000000e+01
3.600000000000000000e+01 1.309719934102141714e+01 3.055555555555555358e+01 2.777777777777777679e+00 1.100000000000000000e+01
3.700000000000000000e+01 1.309719934102141714e+01 3.055555555555555358e+01 0.000000000000000000e+00 1.100000000000000000e+01
3.800000000000000000e+01 1.297364085667215861e+01 1.944444444444444642e+01 0.000000000000000000e+00 7.000000000000000000e+00
3.900000000000000000e+01 1.313838550247116999e+01 2.777777777777777857e+01 2.777777777777777679e+00 1.000000000000000000e+01
4.000000000000000000e+01 1.223228995057660740e+01 1.944444444444444642e+01 2.777777777777777679e+00 7.000000000000000000e+00
4.100000000000000000e+01 1.190280065897858286e+01 3.055555555555555358e+01 2.777777777777777679e+00 1.100000000000000000e+01
4.200000000000000000e+01 1.087314662273476173e+01 2.500000000000000000e+01 0.000000000000000000e+00 9.000000000000000000e+00
4.300000000000000000e+01 1.140856672158154872e+01 1.944444444444444642e+01 2.777777777777777679e+00 7.000000000000000000e+00
4.400000000000000000e+01 1.120263591433278449e+01 2.500000000000000000e+01 5.555555555555555358e+00 9.000000000000000000e+00
4.500000000000000000e+01 1.186161449752883001e+01 2.500000000000000000e+01 5.555555555555555358e+00 9.000000000000000000e+00
4.600000000000000000e+01 1.136738056013179587e+01 3.333333333333332860e+01 0.000000000000000000e+00 1.200000000000000000e+01
4.700000000000000000e+01 1.132619439868204303e+01 1.944444444444444642e+01 0.000000000000000000e+00 7.000000000000000000e+00
4.800000000000000000e+01 1.058484349258649004e+01 5.555555555555555358e+00 0.000000000000000000e+00 2.000000000000000000e+00
4.900000000000000000e+01 1.120263591433278449e+01 5.555555555555555358e+00 0.000000000000000000e+00 2.000000000000000000e+00
5.000000000000000000e+01 1.009060955518945590e+01 1.111111111111111072e+01 0.000000000000000000e+00 4.000000000000000000e+00
5.100000000000000000e+01 9.596375617792421764e+00 1.111111111111111072e+01 0.000000000000000000e+00 4.000000000000000000e+00
5.200000000000000000e+01 1.066721581548599573e+01 1.111111111111111072e+01 0.000000000000000000e+00 4.000000000000000000e+00
5.300000000000000000e+01 9.967051070840197369e+00 1.111111111111111072e+01 0.000000000000000000e+00 4.000000000000000000e+00
5.400000000000000000e+01 1.025535420098846728e+01 1.666666666666666430e+01 0.000000000000000000e+00 6.000000000000000000e+00
5.500000000000000000e+01 1.017298187808896159e+01 1.388888888888888928e+01 0.000000000000000000e+00 5.000000000000000000e+00
5.600000000000000000e+01 1.103789126853377311e+01 1.666666666666666430e+01 0.000000000000000000e+00 6.000000000000000000e+00
5.700000000000000000e+01 1.079077429983525604e+01 2.222222222222222143e+01 0.000000000000000000e+00 8.000000000000000000e+00
5.800000000000000000e+01 1.091433278418451280e+01 2.777777777777777857e+01 0.000000000000000000e+00 1.000000000000000000e+01
5.900000000000000000e+01 1.058484349258649004e+01 3.333333333333332860e+01 0.000000000000000000e+00 1.200000000000000000e+01
6.000000000000000000e+01 1.087314662273476173e+01 4.166666666666667140e+01 0.000000000000000000e+00 1.500000000000000000e+01
6.100000000000000000e+01 1.058484349258649004e+01 5.277777777777777857e+01 0.000000000000000000e+00 1.900000000000000000e+01
6.200000000000000000e+01 1.120263591433278449e+01 3.055555555555555358e+01 0.000000000000000000e+00 1.100000000000000000e+01
6.300000000000000000e+01 1.029654036243822013e+01 4.166666666666667140e+01 0.000000000000000000e+00 1.500000000000000000e+01
6.400000000000000000e+01 1.021416803953871444e+01 3.611111111111110716e+01 0.000000000000000000e+00 1.300000000000000000e+01
6.500000000000000000e+01 9.555189456342668919e+00 1.944444444444444642e+01 0.000000000000000000e+00 7.000000000000000000e+00
6.600000000000000000e+01 1.054365733113673897e+01 1.666666666666666430e+01 0.000000000000000000e+00 6.000000000000000000e+00
6.700000000000000000e+01 1.058484349258649004e+01 2.222222222222222143e+01 0.000000000000000000e+00 8.000000000000000000e+00
6.800000000000000000e+01 1.091433278418451280e+01 2.500000000000000000e+01 0.000000000000000000e+00 9.000000000000000000e+00
6.900000000000000000e+01 1.066721581548599573e+01 3.055555555555555358e+01 0.000000000000000000e+00 1.100000000000000000e+01
7.000000000000000000e+01 1.132619439868204303e+01 3.888888888888889284e+01 0.000000000000000000e+00 1.400000000000000000e+01
7.100000000000000000e+01 1.021416803953871444e+01 2.500000000000000000e+01 0.000000000000000000e+00 9.000000000000000000e+00
7.200000000000000000e+01 9.843492586490938834e+00 3.611111111111110716e+01 0.000000000000000000e+00 1.300000000000000000e+01
7.300000000000000000e+01 9.761120263591433144e+00 3.055555555555555358e+01 0.000000000000000000e+00 1.100000000000000000e+01
7.400000000000000000e+01 9.266886326194399004e+00 4.444444444444444287e+01 0.000000000000000000e+00 1.600000000000000000e+01
7.500000000000000000e+01 9.431630971993410384e+00 2.500000000000000000e+01 0.000000000000000000e+00 9.000000000000000000e+00
7.600000000000000000e+01 8.731466227347612019e+00 3.333333333333332860e+01 0.000000000000000000e+00 1.200000000000000000e+01
7.700000000000000000e+01 9.102141680395387624e+00 3.888888888888889284e+01 0.000000000000000000e+00 1.400000000000000000e+01
7.800000000000000000e+01 8.937397034596376244e+00 3.888888888888889284e+01 0.000000000000000000e+00 1.400000000000000000e+01
7.900000000000000000e+01 8.566721581548600639e+00 4.444444444444444287e+01 0.000000000000000000e+00 1.600000000000000000e+01
8.000000000000000000e+01 9.266886326194399004e+00 3.888888888888889284e+01 0.000000000000000000e+00 1.400000000000000000e+01
8.100000000000000000e+01 9.637561779242174609e+00 3.888888888888889284e+01 0.000000000000000000e+00 1.400000000000000000e+01
8.200000000000000000e+01 1.000823723228995021e+01 3.611111111111110716e+01 0.000000000000000000e+00 1.300000000000000000e+01
8.300000000000000000e+01 1.046128500823723328e+01 3.333333333333332860e+01 0.000000000000000000e+00 1.200000000000000000e+01
8.400000000000000000e+01 8.649093904448106329e+00 4.444444444444444287e+01 0.000000000000000000e+00 1.600000000000000000e+01
8.500000000000000000e+01 8.896210873146623399e+00 3.055555555555555358e+01 2.777777777777777679e+00 1.100000000000000000e+01
8.600000000000000000e+01 9.019769357495881934e+00 3.333333333333332860e+01 0.000000000000000000e+00 1.200000000000000000e+01
8.700000000000000000e+01 8.401976935749589259e+00 3.055555555555555358e+01 2.777777777777777679e+00 1.100000000000000000e+01
8.800000000000000000e+01 8.196046128500823258e+00 3.055555555555555358e+01 2.777777777777777679e+00 1.100000000000000000e+01
8.900000000000000000e+01 8.937397034596376244e+00 1.944444444444444642e+01 5.555555555555555358e+00 7.000000000000000000e+00
9.000000000000000000e+01 9.102141680395387624e+00 2.777777777777777857e+01 5.555555555555555358e+00 1.000000000000000000e+01
9.100000000000000000e+01 9.184514003294893314e+00 3.055555555555555358e+01 0.000000000000000000e+00 1.100000000000000000e+01
9.200000000000000000e+01 9.884678747940691679e+00 3.333333333333332860e+01 2.777777777777777679e+00 1.200000000000000000e+01
9.300000000000000000e+01 9.925864909390444524e+00 3.611111111111110716e+01 5.555555555555555358e+00 1.300000000000000000e+01
9.400000000000000000e+01 9.060955518945634779e+00 3.888888888888889284e+01 5.555555555555555358e+00 1.400000000000000000e+01
9.500000000000000000e+01 1.004942339373970306e+01 3.611111111111110716e+01 0.000000000000000000e+00 1.300000000000000000e+01
9.600000000000000000e+01 9.308072487644151849e+00 4.722222222222222854e+01 0.000000000000000000e+00 1.700000000000000000e+01
9.700000000000000000e+01 9.843492586490938834e+00 3.888888888888889284e+01 0.000000000000000000e+00 1.400000000000000000e+01
9.800000000000000000e+01 9.719934102141680299e+00 3.888888888888889284e+01 0.000000000000000000e+00 1.400000000000000000e+01
9.900000000000000000e+01 9.390444810543657539e+00 2.500000000000000000e+01 0.000000000000000000e+00 9.000000000000000000e+00
1.000000000000000000e+02 8.813838550247117709e+00 4.166666666666667140e+01 0.000000000000000000e+00 1.500000000000000000e+01
1.010000000000000000e+02 8.813838550247117709e+00 2.777777777777777857e+01 0.000000000000000000e+00 1.000000000000000000e+01
1.020000000000000000e+02 8.278418451400328948e+00 3.611111111111110716e+01 0.000000000000000000e+00 1.300000000000000000e+01
1.030000000000000000e+02 8.237232289950576103e+00 3.888888888888889284e+01 2.777777777777777679e+00 1.400000000000000000e+01
1.040000000000000000e+02 7.084019769357495555e+00 4.722222222222222854e+01 5.555555555555555358e+00 1.700000000000000000e+01
1.050000000000000000e+02 7.948929159802306188e+00 2.777777777777777857e+01 5.555555555555555358e+00 1.000000000000000000e+01
1.060000000000000000e+02 6.342668863261943457e+00 5.277777777777777857e+01 5.555555555555555358e+00 1.900000000000000000e+01
1.070000000000000000e+02 6.836902800658978485e+00 2.222222222222222143e+01 5.555555555555555358e+00 8.000000000000000000e+00
1.080000000000000000e+02 6.219110378912684922e+00 2.222222222222222143e+01 2.777777777777777679e+00 8.000000000000000000e+00
1.090000000000000000e+02 6.095551894563426387e+00 1.666666666666666430e+01 0.000000000000000000e+00 6.000000000000000000e+00
1.100000000000000000e+02 5.683690280065897937e+00 1.944444444444444642e+01 0.000000000000000000e+00 7.000000000000000000e+00
1.110000000000000000e+02 5.230642504118616642e+00 3.055555555555555358e+01 0.000000000000000000e+00 1.100000000000000000e+01
1.120000000000000000e+02 5.642504118616145092e+00 3.055555555555555358e+01 0.000000000000000000e+00 1.100000000000000000e+01
1.130000000000000000e+02 5.518945634266886557e+00 2.777777777777777857e+01 0.000000000000000000e+00 1.000000000000000000e+01
1.140000000000000000e+02 5.271828665568369487e+00 3.055555555555555358e+01 0.000000000000000000e+00 1.100000000000000000e+01
1.150000000000000000e+02 5.436573311367380867e+00 2.222222222222222143e+01 0.000000000000000000e+00 8.000000000000000000e+00
1.160000000000000000e+02 4.901153212520592994e+00 3.888888888888889284e+01 0.000000000000000000e+00 1.400000000000000000e+01
1.170000000000000000e+02 4.859967051070840149e+00 3.333333333333332860e+01 0.000000000000000000e+00 1.200000000000000000e+01
1.180000000000000000e+02 4.859967051070840149e+00 4.722222222222222854e+01 0.000000000000000000e+00 1.700000000000000000e+01
1.190000000000000000e+02 5.601317957166392247e+00 3.055555555555555358e+01 0.000000000000000000e+00 1.100000000000000000e+01
1.200000000000000000e+02 6.177924217462932077e+00 1.666666666666666430e+01 0.000000000000000000e+00 6.000000000000000000e+00
1.210000000000000000e+02 6.342668863261943457e+00 2.500000000000000000e+01 0.000000000000000000e+00 9.000000000000000000e+00
1.220000000000000000e+02 6.054365733113673542e+00 1.944444444444444642e+01 0.000000000000000000e+00 7.000000000000000000e+00
1.230000000000000000e+02 5.683690280065897937e+00 1.944444444444444642e+01 0.000000000000000000e+00 7.000000000000000000e+00
1.240000000000000000e+02 6.177924217462932077e+00 2.500000000000000000e+01 0.000000000000000000e+00 9.000000000000000000e+00
1.250000000000000000e+02 6.136738056013179232e+00 2.777777777777777857e+01 0.000000000000000000e+00 1.000000000000000000e+01
1.260000000000000000e+02 6.960461285008237908e+00 1.944444444444444642e+01 0.000000000000000000e+00 7.000000000000000000e+00
1.270000000000000000e+02 6.466227347611202880e+00 3.055555555555555358e+01 0.000000000000000000e+00 1.100000000000000000e+01
1.280000000000000000e+02 6.672158154859967105e+00 3.611111111111110716e+01 0.000000000000000000e+00 1.300000000000000000e+01
1.290000000000000000e+02 6.177924217462932077e+00 2.500000000000000000e+01 0.000000000000000000e+00 9.000000000000000000e+00
1.300000000000000000e+02 6.960461285008237908e+00 1.944444444444444642e+01 0.000000000000000000e+00 7.000000000000000000e+00
1.310000000000000000e+02 6.713344316309719950e+00 2.500000000000000000e+01 0.000000000000000000e+00 9.000000000000000000e+00
1.320000000000000000e+02 7.042833607907743598e+00 2.222222222222222143e+01 0.000000000000000000e+00 8.000000000000000000e+00
1.330000000000000000e+02 6.136738056013179232e+00 3.611111111111110716e+01 0.000000000000000000e+00 1.300000000000000000e+01
1.340000000000000000e+02 6.507413509060954837e+00 3.055555555555555358e+01 0.000000000000000000e+00 1.100000000000000000e+01
1.350000000000000000e+02 5.848434925864909317e+00 3.888888888888889284e+01 0.000000000000000000e+00 1.400000000000000000e+01
1.360000000000000000e+02 6.754530477759472795e+00 2.777777777777777857e+01 0.000000000000000000e+00 1.000000000000000000e+01
1.370000000000000000e+02 6.425041186161449147e+00 2.222222222222222143e+01 0.000000000000000000e+00 8.000000000000000000e+00
1.380000000000000000e+02 6.878088962108732218e+00 2.500000000000000000e+01 0.000000000000000000e+00 9.000000000000000000e+00
1.390000000000000000e+02 5.560131795716639402e+00 4.166666666666667140e+01 0.000000000000000000e+00 1.500000000000000000e+01
1.400000000000000000e+02 5.560131795716639402e+00 4.444444444444444287e+01 0.000000000000000000e+00 1.600000000000000000e+01
1.410000000000000000e+02 5.477759472817133712e+00 4.166666666666667140e+01 0.000000000000000000e+00 1.500000000000000000e+01
1.420000000000000000e+02 6.219110378912684922e+00 2.500000000000000000e+01 0.000000000000000000e+00 9.000000000000000000e+00
1.430000000000000000e+02 5.148270181219110064e+00 3.333333333333332860e+01 0.000000000000000000e+00 1.200000000000000000e+01
1.440000000000000000e+02 5.354200988467875177e+00 3.055555555555555358e+01 0.000000000000000000e+00 1.100000000000000000e+01
1.450000000000000000e+02 4.983525535420098684e+00 3.888888888888889284e+01 0.000000000000000000e+00 1.400000000000000000e+01
1.460000000000000000e+02 5.930807248764415007e+00 3.611111111111110716e+01 0.000000000000000000e+00 1.300000000000000000e+01
1.470000000000000000e+02 5.395387149917628022e+00 3.333333333333332860e+01 0.000000000000000000e+00 1.200000000000000000e+01
1.480000000000000000e+02 5.518945634266886557e+00 2.777777777777777857e+01 0.000000000000000000e+00 1.000000000000000000e+01
1.490000000000000000e+02 5.971993410214167852e+00 1.944444444444444642e+01 0.000000000000000000e+00 7.000000000000000000e+00
1.500000000000000000e+02 6.260296540362437767e+00 3.055555555555555358e+01 0.000000000000000000e+00 1.100000000000000000e+01
1.510000000000000000e+02 6.260296540362437767e+00 1.388888888888888928e+01 0.000000000000000000e+00 5.000000000000000000e+00
1.520000000000000000e+02 6.589785831960461415e+00 3.333333333333332860e+01 0.000000000000000000e+00 1.200000000000000000e+01
1.530000000000000000e+02 5.724876441515650782e+00 2.222222222222222143e+01 0.000000000000000000e+00 8.000000000000000000e+00
1.540000000000000000e+02 5.807248764415156472e+00 3.333333333333332860e+01 0.000000000000000000e+00 1.200000000000000000e+01
1.550000000000000000e+02 5.683690280065897937e+00 1.944444444444444642e+01 0.000000000000000000e+00 7.000000000000000000e+00
1.560000000000000000e+02 6.095551894563426387e+00 2.500000000000000000e+01 0.000000000000000000e+00 9.000000000000000000e+00
1.570000000000000000e+02 5.724876441515650782e+00 1.388888888888888928e+01 0.000000000000000000e+00 5.000000000000000000e+00
1.580000000000000000e+02 5.271828665568369487e+00 2.777777777777777857e+01 0.000000000000000000e+00 1.000000000000000000e+01
1.590000000000000000e+02 5.271828665568369487e+00 2.222222222222222143e+01 0.000000000000000000e+00 8.000000000000000000e+00
1.600000000000000000e+02 5.313014827018122332e+00 3.611111111111110716e+01 0.000000000000000000e+00 1.300000000000000000e+01
1.610000000000000000e+02 5.065897858319604374e+00 3.055555555555555358e+01 0.000000000000000000e+00 1.100000000000000000e+01
1.620000000000000000e+02 5.065897858319604374e+00 2.222222222222222143e+01 0.000000000000000000e+00 8.000000000000000000e+00
1.630000000000000000e+02 5.601317957166392247e+00 2.500000000000000000e+01 0.000000000000000000e+00 9.000000000000000000e+00
1.640000000000000000e+02 5.024711696869851529e+00 1.666666666666666430e+01 0.000000000000000000e+00 6.000000000000000000e+00
1.650000000000000000e+02 4.365733113673806010e+00 3.333333333333332860e+01 0.000000000000000000e+00 1.200000000000000000e+01
1.660000000000000000e+02 4.654036243822075924e+00 1.944444444444444642e+01 0.000000000000000000e+00 7.000000000000000000e+00
1.670000000000000000e+02 4.530477759472817390e+00 2.500000000000000000e+01 0.000000000000000000e+00 9.000000000000000000e+00
1.680000000000000000e+02 4.489291598023064545e+00 2.500000000000000000e+01 0.000000000000000000e+00 9.000000000000000000e+00
1.690000000000000000e+02 4.242174629324547475e+00 1.944444444444444642e+01 0.000000000000000000e+00 7.000000000000000000e+00
1.700000000000000000e+02 4.200988467874794630e+00 1.944444444444444642e+01 0.000000000000000000e+00 7.000000000000000000e+00
1.710000000000000000e+02 4.200988467874794630e+00 3.611111111111110716e+01 0.000000000000000000e+00 1.300000000000000000e+01
1.720000000000000000e+02 4.530477759472817390e+00 2.500000000000000000e+01 0.000000000000000000e+00 9.000000000000000000e+00
1.730000000000000000e+02 4.406919275123558855e+00 3.055555555555555358e+01 0.000000000000000000e+00 1.100000000000000000e+01
1.740000000000000000e+02 4.200988467874794630e+00 2.500000000000000000e+01 0.000000000000000000e+00 9.000000000000000000e+00
1.750000000000000000e+02 4.077429983525535206e+00 3.055555555555555358e+01 0.000000000000000000e+00 1.100000000000000000e+01
1.760000000000000000e+02 4.118616144975288051e+00 2.222222222222222143e+01 0.000000000000000000e+00 8.000000000000000000e+00
1.770000000000000000e+02 4.077429983525535206e+00 3.055555555555555358e+01 0.000000000000000000e+00 1.100000000000000000e+01
1.780000000000000000e+02 4.530477759472817390e+00 1.944444444444444642e+01 0.000000000000000000e+00 7.000000000000000000e+00
1.790000000000000000e+02 4.324546952224053165e+00 3.333333333333332860e+01 0.000000000000000000e+00 1.200000000000000000e+01
1.800000000000000000e+02 4.406919275123558855e+00 1.666666666666666430e+01 0.000000000000000000e+00 6.000000000000000000e+00
1.810000000000000000e+02 4.242174629324547475e+00 1.944444444444444642e+01 0.000000000000000000e+00 7.000000000000000000e+00
1.820000000000000000e+02 4.077429983525535206e+00 1.944444444444444642e+01 0.000000000000000000e+00 7.000000000000000000e+00
1.830000000000000000e+02 4.118616144975288051e+00 1.944444444444444642e+01 0.000000000000000000e+00 7.000000000000000000e+00
1.840000000000000000e+02 4.159802306425040896e+00 1.944444444444444642e+01 0.000000000000000000e+00 7.000000000000000000e+00
1.850000000000000000e+02 4.530477759472817390e+00 2.222222222222222143e+01 0.000000000000000000e+00 8.000000000000000000e+00
1.860000000000000000e+02 3.953871499176276672e+00 3.888888888888889284e+01 0.000000000000000000e+00 1.400000000000000000e+01
1.870000000000000000e+02 4.942339373970345839e+00 2.500000000000000000e+01 0.000000000000000000e+00 9.000000000000000000e+00
1.880000000000000000e+02 4.530477759472817390e+00 3.611111111111110716e+01 0.000000000000000000e+00 1.300000000000000000e+01
1.890000000000000000e+02 5.313014827018122332e+00 3.055555555555555358e+01 0.000000000000000000e+00 1.100000000000000000e+01
1.900000000000000000e+02 5.065897858319604374e+00 4.444444444444444287e+01 0.000000000000000000e+00 1.600000000000000000e+01
1.910000000000000000e+02 4.983525535420098684e+00 4.444444444444444287e+01 0.000000000000000000e+00 1.600000000000000000e+01
1.920000000000000000e+02 4.859967051070840149e+00 4.722222222222222854e+01 0.000000000000000000e+00 1.700000000000000000e+01
1.930000000000000000e+02 4.571663920922570234e+00 4.722222222222222854e+01 0.000000000000000000e+00 1.700000000000000000e+01
1.940000000000000000e+02 4.942339373970345839e+00 4.166666666666667140e+01 0.000000000000000000e+00 1.500000000000000000e+01
1.950000000000000000e+02 4.736408566721581614e+00 5.833333333333333570e+01 0.000000000000000000e+00 2.100000000000000000e+01
1.960000000000000000e+02 5.436573311367380867e+00 3.611111111111110716e+01 0.000000000000000000e+00 1.300000000000000000e+01
1.970000000000000000e+02 5.477759472817133712e+00 2.777777777777777857e+01 0.000000000000000000e+00 1.000000000000000000e+01
1.980000000000000000e+02 5.230642504118616642e+00 3.611111111111110716e+01 0.000000000000000000e+00 1.300000000000000000e+01
1.990000000000000000e+02 5.560131795716639402e+00 3.888888888888889284e+01 0.000000000000000000e+00 1.400000000000000000e+01
2.000000000000000000e+02 4.818780889621087304e+00 3.611111111111110716e+01 0.000000000000000000e+00 1.300000000000000000e+01
2.010000000000000000e+02 4.942339373970345839e+00 3.055555555555555358e+01 0.000000000000000000e+00 1.100000000000000000e+01
2.020000000000000000e+02 4.489291598023064545e+00 2.777777777777777857e+01 0.000000000000000000e+00 1.000000000000000000e+01
2.030000000000000000e+02 4.200988467874794630e+00 4.166666666666667140e+01 0.000000000000000000e+00 1.500000000000000000e+01
2.040000000000000000e+02 4.283360790774300320e+00 2.500000000000000000e+01 0.000000000000000000e+00 9.000000000000000000e+00
2.050000000000000000e+02 4.448105436573311700e+00 2.222222222222222143e+01 0.000000000000000000e+00 8.000000000000000000e+00
2.060000000000000000e+02 4.571663920922570234e+00 2.222222222222222143e+01 0.000000000000000000e+00 8.000000000000000000e+00
2.070000000000000000e+02 4.406919275123558855e+00 3.333333333333332860e+01 0.000000000000000000e+00 1.200000000000000000e+01
2.080000000000000000e+02 4.406919275123558855e+00 2.222222222222222143e+01 0.000000000000000000e+00 8.000000000000000000e+00
2.090000000000000000e+02 4.612850082372323079e+00 1.388888888888888928e+01 0.000000000000000000e+00 5.000000000000000000e+00
2.100000000000000000e+02 4.489291598023064545e+00 1.388888888888888928e+01 0.000000000000000000e+00 5.000000000000000000e+00
2.110000000000000000e+02 4.818780889621087304e+00 3.055555555555555358e+01 0.000000000000000000e+00 1.100000000000000000e+01
2.120000000000000000e+02 4.530477759472817390e+00 2.222222222222222143e+01 0.000000000000000000e+00 8.000000000000000000e+00
2.130000000000000000e+02 4.901153212520592994e+00 4.166666666666667140e+01 0.000000000000000000e+00 1.500000000000000000e+01
2.140000000000000000e+02 4.489291598023064545e+00 3.611111111111110716e+01 0.000000000000000000e+00 1.300000000000000000e+01
2.150000000000000000e+02 4.942339373970345839e+00 4.722222222222222854e+01 0.000000000000000000e+00 1.700000000000000000e+01
2.160000000000000000e+02 5.189456342668863797e+00 3.055555555555555358e+01 0.000000000000000000e+00 1.100000000000000000e+01
2.170000000000000000e+02 5.024711696869851529e+00 3.888888888888889284e+01 0.000000000000000000e+00 1.400000000000000000e+01
2.180000000000000000e+02 4.406919275123558855e+00 1.944444444444444642e+01 0.000000000000000000e+00 7.000000000000000000e+00
2.190000000000000000e+02 4.406919275123558855e+00 2.222222222222222143e+01 0.000000000000000000e+00 8.000000000000000000e+00
2.200000000000000000e+02 4.530477759472817390e+00 1.666666666666666430e+01 0.000000000000000000e+00 6.000000000000000000e+00
2.210000000000000000e+02 4.324546952224053165e+00 2.222222222222222143e+01 0.000000000000000000e+00 8.000000000000000000e+00
2.220000000000000000e+02 4.324546952224053165e+00 1.666666666666666430e+01 0.000000000000000000e+00 6.000000000000000000e+00
2.230000000000000000e+02 4.283360790774300320e+00 2.777777777777777857e+01 0.000000000000000000e+00 1.000000000000000000e+01
2.240000000000000000e+02 3.995057660626029516e+00 3.611111111111110716e+01 0.000000000000000000e+00 1.300000000000000000e+01
2.250000000000000000e+02 4.654036243822075924e+00 1.944444444444444642e+01 0.000000000000000000e+00 7.000000000000000000e+00
2.260000000000000000e+02 4.489291598023064545e+00 2.222222222222222143e+01 0.000000000000000000e+00 8.000000000000000000e+00
2.270000000000000000e+02 5.065897858319604374e+00 8.333333333333332149e+00 0.000000000000000000e+00 3.000000000000000000e+00
2.280000000000000000e+02 5.065897858319604374e+00 0.000000000000000000e+00 0.000000000000000000e+00 -6.000000000000000000e+03
