# step, world, group,control
0.000000000000000000e+00 2.458813838550247155e+01 2.222222222222222143e+01 3.333333333333332860e+01 8.000000000000000000e+00
1.000000000000000000e+00 2.471169686985172831e+01 2.500000000000000000e+01 1.666666666666666430e+01 9.000000000000000000e+00
2.000000000000000000e+00 2.343492586490938834e+01 2.777777777777777857e+01 1.111111111111111072e+01 1.000000000000000000e+01
3.000000000000000000e+00 2.232289950576606330e+01 3.611111111111110716e+01 5.555555555555555358e+00 1.300000000000000000e+01
4.000000000000000000e+00 2.392915980230642248e+01 2.222222222222222143e+01 5.555555555555555358e+00 8.000000000000000000e+00
5.000000000000000000e+00 2.211696869851729730e+01 2.500000000000000000e+01 8.333333333333332149e+00 9.000000000000000000e+00
6.000000000000000000e+00 1.972817133443163229e+01 2.222222222222222143e+01 1.111111111111111072e+01 8.000000000000000000e+00
7.000000000000000000e+00 2.022240527182866643e+01 2.777777777777777857e+01 1.111111111111111072e+01 1.000000000000000000e+01
8.000000000000000000e+00 1.902800658978583215e+01 2.500000000000000000e+01 1.666666666666666430e+01 9.000000000000000000e+00
9.000000000000000000e+00 1.799835255354200925e+01 3.333333333333332860e+01 1.666666666666666430e+01 1.200000000000000000e+01
1.000000000000000000e+01 1.849258649093904339e+01 3.055555555555555358e+01 2.500000000000000000e+01 1.100000000000000000e+01
1.100000000000000000e+01 1.927512355848434922e+01 3.333333333333332860e+01 2.777777777777777857e+01 1.200000000000000000e+01
1.200000000000000000e+01 1.721581548599670342e+01 3.055555555555555358e+01 3.611111111111110716e+01 1.100000000000000000e+01
1.300000000000000000e+01 1.812191103789126956e+01 3.611111111111110716e+01 2.777777777777777857e+01 1.300000000000000000e+01
1.400000000000000000e+01 1.635090609555189545e+01 5.000000000000000000e+01 4.166666666666667140e+01 1.800000000000000000e+01
1.500000000000000000e+01 1.816309719934102063e+01 3.055555555555555358e+01 1.666666666666666430e+01 1.100000000000000000e+01
1.600000000000000000e+01 1.729818780889621266e+01 4.722222222222222854e+01 1.388888888888888928e+01 1.700000000000000000e+01
1.700000000000000000e+01 1.688632619439868066e+01 3.611111111111110716e+01 1.666666666666666430e+01 1.300000000000000000e+01
1.800000000000000000e+01 1.585667215815486131e+01 4.444444444444444287e+01 1.666666666666666430e+01 1.600000000000000000e+01
1.900000000000000000e+01 1.651565074135090683e+01 1.944444444444444642e+01 2.222222222222222143e+01 7.000000000000000000e+00
2.000000000000000000e+01 1.630971993410214083e+01 1.944444444444444642e+01 2.222222222222222143e+01 7.000000000000000000e+00
2.100000000000000000e+01 1.618616144975288407e+01 3.333333333333332860e+01 1.944444444444444642e+01 1.200000000000000000e+01
2.200000000000000000e+01 1.668039538714991821e+01 2.500000000000000000e+01 3.055555555555555358e+01 9.000000000000000000e+00
2.300000000000000000e+01 1.581548599670510669e+01 4.444444444444444287e+01 1.944444444444444642e+01 1.600000000000000000e+01
2.400000000000000000e+01 1.569192751235584993e+01 3.888888888888889284e+01 4.166666666666667140e+01 1.400000000000000000e+01
2.500000000000000000e+01 1.684514003294892959e+01 4.444444444444444287e+01 1.944444444444444642e+01 1.600000000000000000e+01
2.600000000000000000e+01 1.556836902800658962e+01 3.611111111111110716e+01 8.333333333333332149e+00 1.300000000000000000e+01
2.700000000000000000e+01 1.635090609555189545e+01 5.000000000000000000e+01 8.333333333333332149e+00 1.800000000000000000e+01
2.800000000000000000e+01 1.515650741350905939e+01 6.111111111111110716e+01 1.111111111111111072e+01 2.200000000000000000e+01
2.900000000000000000e+01 1.552718286655683855e+01 1.388888888888888928e+01 1.111111111111111072e+01 5.000000000000000000e+00
3.000000000000000000e+01 1.457990115321252134e+01 1.944444444444444642e+01 1.666666666666666430e+01 7.000000000000000000e+00
3.100000000000000000e+01 1.367380560131795697e+01 1.388888888888888928e+01 1.388888888888888928e+01 5.000000000000000000e+00
3.200000000000000000e+01 1.425041186161449858e+01 1.388888888888888928e+01 2.222222222222222143e+01 5.000000000000000000e+00
3.300000000000000000e+01 1.449752883031301387e+01 8.333333333333332149e+00 1.944444444444444642e+01 3.000000000000000000e+00
3.400000000000000000e+01 1.499176276771004801e+01 5.555555555555555358e+00 2.777777777777777857e+01 2.000000000000000000e+00
3.500000000000000000e+01 1.507413509060955548e+01 5.555555555555555358e+00 2.222222222222222143e+01 2.000000000000000000e+00
3.600000000000000000e+01 1.441515650741350996e+01 1.388888888888888928e+01 2.222222222222222143e+01 5.000000000000000000e+00
3.700000000000000000e+01 1.544481054365733108e+01 1.666666666666666430e+01 1.666666666666666430e+01 6.000000000000000000e+00
3.800000000000000000e+01 1.396210873146622689e+01 1.388888888888888928e+01 2.222222222222222143e+01 5.000000000000000000e+00
3.900000000000000000e+01 1.404448105436573435e+01 2.500000000000000000e+01 1.111111111111111072e+01 9.000000000000000000e+00
4.000000000000000000e+01 1.359143327841845306e+01 2.222222222222222143e+01 2.777777777777777679e+00 8.000000000000000000e+00
4.100000000000000000e+01 1.379736408566721551e+01 2.777777777777777857e+01 5.555555555555555358e+00 1.000000000000000000e+01
4.200000000000000000e+01 1.247940691927512447e+01 3.055555555555555358e+01 2.777777777777777679e+00 1.100000000000000000e+01
4.300000000000000000e+01 1.243822075782536984e+01 5.000000000000000000e+01 5.555555555555555358e+00 1.800000000000000000e+01
4.400000000000000000e+01 1.285008237232289829e+01 3.055555555555555358e+01 5.555555555555555358e+00 1.100000000000000000e+01
4.500000000000000000e+01 1.243822075782536984e+01 5.277777777777777857e+01 8.333333333333332149e+00 1.900000000000000000e+01
4.600000000000000000e+01 1.342668863261943990e+01 1.944444444444444642e+01 1.111111111111111072e+01 7.000000000000000000e+00
4.700000000000000000e+01 1.247940691927512447e+01 2.500000000000000000e+01 8.333333333333332149e+00 9.000000000000000000e+00
4.800000000000000000e+01 1.396210873146622689e+01 3.333333333333332860e+01 1.388888888888888928e+01 1.200000000000000000e+01
4.900000000000000000e+01 1.470345963756177987e+01 1.388888888888888928e+01 5.555555555555555358e+00 5.000000000000000000e+00
5.000000000000000000e+01 1.416803953871499111e+01 1.111111111111111072e+01 8.333333333333332149e+00 4.000000000000000000e+00
5.100000000000000000e+01 1.437397034596375711e+01 1.666666666666666430e+01 8.333333333333332149e+00 6.000000000000000000e+00
5.200000000000000000e+01 1.396210873146622689e+01 1.666666666666666430e+01 5.555555555555555358e+00 6.000000000000000000e+00
5.300000000000000000e+01 1.420922570016474573e+01 3.333333333333332860e+01 5.555555555555555358e+00 1.200000000000000000e+01
5.400000000000000000e+01 1.301482701812190967e+01 1.666666666666666430e+01 5.555555555555555358e+00 6.000000000000000000e+00
5.500000000000000000e+01 1.515650741350905939e+01 2.222222222222222143e+01 5.555555555555555358e+00 8.000000000000000000e+00
5.600000000000000000e+01 1.375617792421746444e+01 2.222222222222222143e+01 2.777777777777777679e+00 8.000000000000000000e+00
5.700000000000000000e+01 1.412685337726523827e+01 1.388888888888888928e+01 8.333333333333332149e+00 5.000000000000000000e+00
5.800000000000000000e+01 1.412685337726523827e+01 1.944444444444444642e+01 8.333333333333332149e+00 7.000000000000000000e+00
5.900000000000000000e+01 1.598023064250411807e+01 1.388888888888888928e+01 5.555555555555555358e+00 5.000000000000000000e+00
6.000000000000000000e+01 1.359143327841845306e+01 1.388888888888888928e+01 1.111111111111111072e+01 5.000000000000000000e+00
6.100000000000000000e+01 1.243822075782536984e+01 1.111111111111111072e+01 8.333333333333332149e+00 4.000000000000000000e+00
6.200000000000000000e+01 1.247940691927512447e+01 5.555555555555555358e+00 1.388888888888888928e+01 2.000000000000000000e+00
6.300000000000000000e+01 1.149093904448105441e+01 2.777777777777777679e+00 1.388888888888888928e+01 1.000000000000000000e+00
6.400000000000000000e+01 1.190280065897858286e+01 2.777777777777777679e+00 1.944444444444444642e+01 1.000000000000000000e+00
6.500000000000000000e+01 1.099670510708401849e+01 5.555555555555555358e+00 1.944444444444444642e+01 2.000000000000000000e+00
6.600000000000000000e+01 1.091433278418451280e+01 5.555555555555555358e+00 1.944444444444444642e+01 2.000000000000000000e+00
6.700000000000000000e+01 1.037891268533772759e+01 5.555555555555555358e+00 1.666666666666666430e+01 2.000000000000000000e+00
6.800000000000000000e+01 1.103789126853377311e+01 5.555555555555555358e+00 1.944444444444444642e+01 2.000000000000000000e+00
6.900000000000000000e+01 1.107907742998352418e+01 8.333333333333332149e+00 2.222222222222222143e+01 3.000000000000000000e+00
7.000000000000000000e+01 1.120263591433278449e+01 1.111111111111111072e+01 2.500000000000000000e+01 4.000000000000000000e+00
7.100000000000000000e+01 1.095551894563426742e+01 1.111111111111111072e+01 2.500000000000000000e+01 4.000000000000000000e+00
7.200000000000000000e+01 1.079077429983525604e+01 1.666666666666666430e+01 2.777777777777777857e+01 6.000000000000000000e+00
7.300000000000000000e+01 1.009060955518945590e+01 2.777777777777777857e+01 3.055555555555555358e+01 1.000000000000000000e+01
7.400000000000000000e+01 1.046128500823723328e+01 1.666666666666666430e+01 2.777777777777777857e+01 6.000000000000000000e+00
7.500000000000000000e+01 1.013179571663920875e+01 2.222222222222222143e+01 4.444444444444444287e+01 8.000000000000000000e+00
7.600000000000000000e+01 1.013179571663920875e+01 2.500000000000000000e+01 2.222222222222222143e+01 9.000000000000000000e+00
7.700000000000000000e+01 1.087314662273476173e+01 2.222222222222222143e+01 2.500000000000000000e+01 8.000000000000000000e+00
7.800000000000000000e+01 9.802306425041185989e+00 3.888888888888889284e+01 2.222222222222222143e+01 1.400000000000000000e+01
7.900000000000000000e+01 9.967051070840197369e+00 1.388888888888888928e+01 2.500000000000000000e+01 5.000000000000000000e+00
8.000000000000000000e+01 1.058484349258649004e+01 1.388888888888888928e+01 2.222222222222222143e+01 5.000000000000000000e+00
8.100000000000000000e+01 1.099670510708401849e+01 5.555555555555555358e+00 3.055555555555555358e+01 2.000000000000000000e+00
8.200000000000000000e+01 1.013179571663920875e+01 0.000000000000000000e+00 3.055555555555555358e+01 -6.000000000000000000e+03
