# step, world, group,control
0.000000000000000000e+00 2.784184514003295163e+01 4.166666666666667140e+01 4.722222222222222854e+01 1.500000000000000000e+01
1.000000000000000000e+00 2.623558484349258890e+01 2.500000000000000000e+01 3.611111111111110716e+01 9.000000000000000000e+00
2.000000000000000000e+00 2.627677100494233997e+01 3.333333333333332860e+01 3.333333333333332860e+01 1.200000000000000000e+01
3.000000000000000000e+00 2.627677100494233997e+01 4.722222222222222854e+01 4.166666666666667140e+01 1.700000000000000000e+01
4.000000000000000000e+00 2.392915980230642248e+01 4.444444444444444287e+01 2.777777777777777857e+01 1.600000000000000000e+01
5.000000000000000000e+00 2.092257001647446657e+01 2.500000000000000000e+01 2.777777777777777857e+01 9.000000000000000000e+00
6.000000000000000000e+00 2.112850082372322902e+01 3.333333333333332860e+01 3.611111111111110716e+01 1.200000000000000000e+01
7.000000000000000000e+00 1.915156507413509246e+01 3.611111111111110716e+01 2.222222222222222143e+01 1.300000000000000000e+01
8.000000000000000000e+00 2.133443163097199147e+01 3.888888888888889284e+01 1.111111111111111072e+01 1.400000000000000000e+01
9.000000000000000000e+00 1.997528830313014936e+01 4.166666666666667140e+01 1.666666666666666430e+01 1.500000000000000000e+01
1.000000000000000000e+01 1.985172981878088905e+01 3.055555555555555358e+01 1.111111111111111072e+01 1.100000000000000000e+01
1.100000000000000000e+01 1.981054365733113798e+01 4.722222222222222854e+01 1.944444444444444642e+01 1.700000000000000000e+01
1.200000000000000000e+01 1.836902800658978663e+01 3.333333333333332860e+01 1.944444444444444642e+01 1.200000000000000000e+01
1.300000000000000000e+01 1.873970345963756046e+01 3.888888888888889284e+01 2.500000000000000000e+01 1.400000000000000000e+01
1.400000000000000000e+01 1.676276771004942390e+01 3.611111111111110716e+01 2.500000000000000000e+01 1.300000000000000000e+01
1.500000000000000000e+01 1.692751235584843528e+01 3.055555555555555358e+01 2.777777777777777857e+01 1.100000000000000000e+01
1.600000000000000000e+01 1.606260296540362376e+01 3.888888888888889284e+01 2.500000000000000000e+01 1.400000000000000000e+01
1.700000000000000000e+01 1.470345963756177987e+01 2.500000000000000000e+01 2.500000000000000000e+01 9.000000000000000000e+00
1.800000000000000000e+01 1.581548599670510669e+01 3.333333333333332860e+01 2.777777777777777857e+01 1.200000000000000000e+01
1.900000000000000000e+01 1.449752883031301387e+01 3.333333333333332860e+01 3.611111111111110716e+01 1.200000000000000000e+01
2.000000000000000000e+01 1.519769357495881579e+01 1.111111111111111072e+01 4.166666666666667140e+01 4.000000000000000000e+00
2.100000000000000000e+01 1.433278418451400249e+01 5.555555555555555358e+00 2.777777777777777857e+01 2.000000000000000000e+00
2.200000000000000000e+01 1.280889621087314723e+01 8.333333333333332149e+00 3.055555555555555358e+01 3.000000000000000000e+00
2.300000000000000000e+01 1.441515650741350996e+01 1.111111111111111072e+01 2.222222222222222143e+01 4.000000000000000000e+00
2.400000000000000000e+01 1.186161449752883001e+01 1.388888888888888928e+01 2.500000000000000000e+01 5.000000000000000000e+00
2.500000000000000000e+01 1.149093904448105441e+01 1.666666666666666430e+01 2.222222222222222143e+01 6.000000000000000000e+00
2.600000000000000000e+01 1.050247116968698435e+01 8.333333333333332149e+00 2.222222222222222143e+01 3.000000000000000000e+00
2.700000000000000000e+01 1.095551894563426742e+01 1.388888888888888928e+01 2.500000000000000000e+01 5.000000000000000000e+00
2.800000000000000000e+01 1.021416803953871444e+01 1.111111111111111072e+01 2.777777777777777857e+01 4.000000000000000000e+00
2.900000000000000000e+01 1.153212520593080725e+01 1.666666666666666430e+01 1.666666666666666430e+01 6.000000000000000000e+00
3.000000000000000000e+01 1.083196046128500711e+01 8.333333333333332149e+00 1.944444444444444642e+01 3.000000000000000000e+00
3.100000000000000000e+01 1.182042833607907717e+01 5.555555555555555358e+00 1.666666666666666430e+01 2.000000000000000000e+00
3.200000000000000000e+01 1.091433278418451280e+01 8.333333333333332149e+00 1.388888888888888928e+01 3.000000000000000000e+00
3.300000000000000000e+01 1.095551894563426742e+01 1.111111111111111072e+01 1.666666666666666430e+01 4.000000000000000000e+00
3.400000000000000000e+01 1.083196046128500711e+01 1.111111111111111072e+01 2.222222222222222143e+01 4.000000000000000000e+00
3.500000000000000000e+01 1.050247116968698435e+01 1.388888888888888928e+01 2.222222222222222143e+01 5.000000000000000000e+00
3.600000000000000000e+01 9.678747940691927454e+00 2.777777777777777857e+01 2.222222222222222143e+01 1.000000000000000000e+01
3.700000000000000000e+01 9.761120263591433144e+00 8.333333333333332149e+00 1.388888888888888928e+01 3.000000000000000000e+00
3.800000000000000000e+01 8.978583196046129089e+00 5.555555555555555358e+00 2.222222222222222143e+01 2.000000000000000000e+00
3.900000000000000000e+01 9.843492586490938834e+00 5.555555555555555358e+00 1.388888888888888928e+01 2.000000000000000000e+00
4.000000000000000000e+01 8.607907742998351708e+00 5.555555555555555358e+00 1.666666666666666430e+01 2.000000000000000000e+00
4.100000000000000000e+01 9.802306425041185989e+00 8.333333333333332149e+00 1.388888888888888928e+01 3.000000000000000000e+00
4.200000000000000000e+01 9.431630971993410384e+00 1.111111111111111072e+01 2.500000000000000000e+01 4.000000000000000000e+00
4.300000000000000000e+01 9.184514003294893314e+00 1.388888888888888928e+01 2.500000000000000000e+01 5.000000000000000000e+00
4.400000000000000000e+01 9.596375617792421764e+00 1.388888888888888928e+01 1.111111111111111072e+01 5.000000000000000000e+00
4.500000000000000000e+01 9.596375617792421764e+00 1.388888888888888928e+01 1.388888888888888928e+01 5.000000000000000000e+00
4.600000000000000000e+01 9.472817133443163229e+00 1.944444444444444642e+01 1.111111111111111072e+01 7.000000000000000000e+00
4.700000000000000000e+01 9.925864909390444524e+00 1.111111111111111072e+01 1.111111111111111072e+01 4.000000000000000000e+00
4.800000000000000000e+01 8.855024711696870554e+00 3.055555555555555358e+01 1.111111111111111072e+01 1.100000000000000000e+01
4.900000000000000000e+01 9.019769357495881934e+00 1.388888888888888928e+01 1.666666666666666430e+01 5.000000000000000000e+00
5.000000000000000000e+01 8.855024711696870554e+00 1.666666666666666430e+01 1.944444444444444642e+01 6.000000000000000000e+00
5.100000000000000000e+01 9.472817133443163229e+00 1.111111111111111072e+01 1.944444444444444642e+01 4.000000000000000000e+00
5.200000000000000000e+01 9.431630971993410384e+00 1.666666666666666430e+01 1.944444444444444642e+01 6.000000000000000000e+00
5.300000000000000000e+01 9.431630971993410384e+00 1.388888888888888928e+01 1.944444444444444642e+01 5.000000000000000000e+00
5.400000000000000000e+01 8.443163097199340328e+00 2.222222222222222143e+01 2.222222222222222143e+01 8.000000000000000000e+00
5.500000000000000000e+01 9.431630971993410384e+00 1.944444444444444642e+01 3.055555555555555358e+01 7.000000000000000000e+00
5.600000000000000000e+01 8.237232289950576103e+00 2.777777777777777857e+01 2.777777777777777857e+01 1.000000000000000000e+01
5.700000000000000000e+01 8.525535420098846018e+00 3.888888888888889284e+01 4.166666666666667140e+01 1.400000000000000000e+01
5.800000000000000000e+01 9.184514003294893314e+00 2.777777777777777857e+01 2.500000000000000000e+01 1.000000000000000000e+01
5.900000000000000000e+01 8.649093904448106329e+00 1.666666666666666430e+01 3.611111111111110716e+01 6.000000000000000000e+00
6.000000000000000000e+01 9.225700164744646159e+00 2.222222222222222143e+01 2.222222222222222143e+01 8.000000000000000000e+00
6.100000000000000000e+01 8.237232289950576103e+00 1.388888888888888928e+01 3.888888888888889284e+01 5.000000000000000000e+00
6.200000000000000000e+01 8.896210873146623399e+00 1.111111111111111072e+01 3.333333333333332860e+01 4.000000000000000000e+00
6.300000000000000000e+01 8.360790774299834638e+00 1.111111111111111072e+01 3.055555555555555358e+01 4.000000000000000000e+00
6.400000000000000000e+01 8.072487644151564723e+00 5.555555555555555358e+00 3.888888888888889284e+01 2.000000000000000000e+00
6.500000000000000000e+01 8.113673805601317568e+00 8.333333333333332149e+00 3.888888888888889284e+01 3.000000000000000000e+00
6.600000000000000000e+01 7.207578253706754978e+00 8.333333333333332149e+00 3.611111111111110716e+01 3.000000000000000000e+00
6.700000000000000000e+01 8.401976935749589259e+00 1.944444444444444642e+01 2.500000000000000000e+01 7.000000000000000000e+00
6.800000000000000000e+01 8.113673805601317568e+00 1.388888888888888928e+01 1.944444444444444642e+01 5.000000000000000000e+00
6.900000000000000000e+01 8.690280065897857398e+00 2.777777777777777857e+01 2.500000000000000000e+01 1.000000000000000000e+01
7.000000000000000000e+01 9.843492586490938834e+00 2.500000000000000000e+01 1.388888888888888928e+01 9.000000000000000000e+00
7.100000000000000000e+01 9.802306425041185989e+00 2.777777777777777857e+01 8.333333333333332149e+00 1.000000000000000000e+01
7.200000000000000000e+01 9.143327841845140469e+00 2.222222222222222143e+01 5.555555555555555358e+00 8.000000000000000000e+00
7.300000000000000000e+01 1.066721581548599573e+01 2.500000000000000000e+01 0.000000000000000000e+00 9.000000000000000000e+00
7.400000000000000000e+01 9.843492586490938834e+00 2.500000000000000000e+01 2.777777777777777679e+00 9.000000000000000000e+00
7.500000000000000000e+01 1.029654036243822013e+01 2.222222222222222143e+01 5.555555555555555358e+00 8.000000000000000000e+00
7.600000000000000000e+01 1.112026359143327880e+01 1.944444444444444642e+01 0.000000000000000000e+00 7.000000000000000000e+00
7.700000000000000000e+01 1.029654036243822013e+01 2.777777777777777857e+01 0.000000000000000000e+00 1.000000000000000000e+01
7.800000000000000000e+01 1.046128500823723328e+01 1.944444444444444642e+01 0.000000000000000000e+00 7.000000000000000000e+00
7.900000000000000000e+01 1.000823723228995021e+01 2.222222222222222143e+01 0.000000000000000000e+00 8.000000000000000000e+00
8.000000000000000000e+01 9.678747940691927454e+00 2.222222222222222143e+01 0.000000000000000000e+00 8.000000000000000000e+00
8.100000000000000000e+01 1.009060955518945590e+01 3.611111111111110716e+01 0.000000000000000000e+00 1.300000000000000000e+01
8.200000000000000000e+01 9.184514003294893314e+00 1.944444444444444642e+01 0.000000000000000000e+00 7.000000000000000000e+00
8.300000000000000000e+01 8.855024711696870554e+00 1.944444444444444642e+01 0.000000000000000000e+00 7.000000000000000000e+00
8.400000000000000000e+01 8.525535420098846018e+00 2.777777777777777857e+01 0.000000000000000000e+00 1.000000000000000000e+01
8.500000000000000000e+01 1.013179571663920875e+01 2.777777777777777857e+01 0.000000000000000000e+00 1.000000000000000000e+01
8.600000000000000000e+01 8.360790774299834638e+00 2.500000000000000000e+01 0.000000000000000000e+00 9.000000000000000000e+00
8.700000000000000000e+01 8.855024711696870554e+00 1.944444444444444642e+01 2.777777777777777679e+00 7.000000000000000000e+00
8.800000000000000000e+01 9.143327841845140469e+00 2.500000000000000000e+01 5.555555555555555358e+00 9.000000000000000000e+00
8.900000000000000000e+01 9.225700164744646159e+00 1.944444444444444642e+01 2.777777777777777679e+00 7.000000000000000000e+00
9.000000000000000000e+01 9.596375617792421764e+00 2.500000000000000000e+01 0.000000000000000000e+00 9.000000000000000000e+00
9.100000000000000000e+01 1.029654036243822013e+01 2.777777777777777679e+00 0.000000000000000000e+00 1.000000000000000000e+00
9.200000000000000000e+01 9.925864909390444524e+00 0.000000000000000000e+00 0.000000000000000000e+00 -6.000000000000000000e+03
