# step, world, group,control
0.000000000000000000e+00 2.693574958813838549e+01 4.166666666666667140e+01 3.333333333333332860e+01 1.500000000000000000e+01
1.000000000000000000e+00 2.462932454695222617e+01 3.611111111111110716e+01 2.500000000000000000e+01 1.300000000000000000e+01
2.000000000000000000e+00 2.656507413509061166e+01 3.055555555555555358e+01 1.388888888888888928e+01 1.100000000000000000e+01
3.000000000000000000e+00 2.298187808896210882e+01 3.611111111111110716e+01 1.388888888888888928e+01 1.300000000000000000e+01
4.000000000000000000e+00 2.236408566721581792e+01 5.555555555555555713e+01 1.944444444444444642e+01 2.000000000000000000e+01
5.000000000000000000e+00 2.079901153212520626e+01 4.444444444444444287e+01 1.944444444444444642e+01 1.600000000000000000e+01
6.000000000000000000e+00 2.104612850082372333e+01 4.166666666666667140e+01 1.944444444444444642e+01 1.500000000000000000e+01
7.000000000000000000e+00 2.108731466227347795e+01 3.333333333333332860e+01 5.555555555555555358e+00 1.200000000000000000e+01
8.000000000000000000e+00 2.030477759472817212e+01 5.555555555555555713e+01 0.000000000000000000e+00 2.000000000000000000e+01
9.000000000000000000e+00 2.104612850082372333e+01 3.611111111111110716e+01 0.000000000000000000e+00 1.300000000000000000e+01
1.000000000000000000e+01 2.133443163097199147e+01 2.777777777777777857e+01 0.000000000000000000e+00 1.000000000000000000e+01
1.100000000000000000e+01 2.067545304777594595e+01 2.500000000000000000e+01 0.000000000000000000e+00 9.000000000000000000e+00
1.200000000000000000e+01 2.026359143327841750e+01 1.388888888888888928e+01 0.000000000000000000e+00 5.000000000000000000e+00
1.300000000000000000e+01 2.030477759472817212e+01 5.555555555555555358e+00 0.000000000000000000e+00 2.000000000000000000e+00
1.400000000000000000e+01 2.022240527182866643e+01 8.333333333333332149e+00 0.000000000000000000e+00 3.000000000000000000e+00
1.500000000000000000e+01 1.976935749588138336e+01 2.777777777777777679e+00 0.000000000000000000e+00 1.000000000000000000e+00
1.600000000000000000e+01 1.972817133443163229e+01 5.555555555555555358e+00 0.000000000000000000e+00 2.000000000000000000e+00
1.700000000000000000e+01 2.022240527182866643e+01 8.333333333333332149e+00 0.000000000000000000e+00 3.000000000000000000e+00
1.800000000000000000e+01 1.997528830313014936e+01 1.388888888888888928e+01 0.000000000000000000e+00 5.000000000000000000e+00
1.900000000000000000e+01 1.721581548599670342e+01 1.944444444444444642e+01 0.000000000000000000e+00 7.000000000000000000e+00
2.000000000000000000e+01 1.832784184514003201e+01 3.055555555555555358e+01 0.000000000000000000e+00 1.100000000000000000e+01
2.100000000000000000e+01 1.779242174629324680e+01 5.555555555555555358e+00 0.000000000000000000e+00 2.000000000000000000e+00
2.200000000000000000e+01 1.647446457990115221e+01 0.000000000000000000e+00 0.000000000000000000e+00 -6.000000000000000000e+03
