# step, world, group,control
0.000000000000000000e+00 2.471169686985172831e+01 1.944444444444444642e+01 1.666666666666666430e+01 7.000000000000000000e+00
1.000000000000000000e+00 2.116968698517298009e+01 3.333333333333332860e+01 1.944444444444444642e+01 1.200000000000000000e+01
2.000000000000000000e+00 2.335255354200988620e+01 3.888888888888889284e+01 1.111111111111111072e+01 1.400000000000000000e+01
3.000000000000000000e+00 2.162273476112026316e+01 3.888888888888889284e+01 5.555555555555555358e+00 1.400000000000000000e+01
4.000000000000000000e+00 2.088138385502471195e+01 3.333333333333332860e+01 8.333333333333332149e+00 1.200000000000000000e+01
5.000000000000000000e+00 2.042833607907742888e+01 3.055555555555555358e+01 1.388888888888888928e+01 1.100000000000000000e+01
6.000000000000000000e+00 1.894563426688632646e+01 2.222222222222222143e+01 5.555555555555555358e+00 8.000000000000000000e+00
7.000000000000000000e+00 1.894563426688632646e+01 2.777777777777777857e+01 5.555555555555555358e+00 1.000000000000000000e+01
8.000000000000000000e+00 1.713344316309720128e+01 3.055555555555555358e+01 0.000000000000000000e+00 1.100000000000000000e+01
9.000000000000000000e+00 1.651565074135090683e+01 4.166666666666667140e+01 0.000000000000000000e+00 1.500000000000000000e+01
1.000000000000000000e+01 1.618616144975288407e+01 3.333333333333332860e+01 0.000000000000000000e+00 1.200000000000000000e+01
1.100000000000000000e+01 1.589785831960461238e+01 3.888888888888889284e+01 0.000000000000000000e+00 1.400000000000000000e+01
1.200000000000000000e+01 1.606260296540362376e+01 3.333333333333332860e+01 0.000000000000000000e+00 1.200000000000000000e+01
1.300000000000000000e+01 1.758649093904448080e+01 4.444444444444444287e+01 0.000000000000000000e+00 1.600000000000000000e+01
1.400000000000000000e+01 1.647446457990115221e+01 4.166666666666667140e+01 0.000000000000000000e+00 1.500000000000000000e+01
1.500000000000000000e+01 1.787479406919275249e+01 2.500000000000000000e+01 0.000000000000000000e+00 9.000000000000000000e+00
1.600000000000000000e+01 1.729818780889621266e+01 1.666666666666666430e+01 0.000000000000000000e+00 6.000000000000000000e+00
1.700000000000000000e+01 1.717462932454695235e+01 1.388888888888888928e+01 0.000000000000000000e+00 5.000000000000000000e+00
1.800000000000000000e+01 1.523887973640856686e+01 2.777777777777777857e+01 0.000000000000000000e+00 1.000000000000000000e+01
1.900000000000000000e+01 1.581548599670510669e+01 2.777777777777777857e+01 0.000000000000000000e+00 1.000000000000000000e+01
2.000000000000000000e+01 1.552718286655683855e+01 1.944444444444444642e+01 0.000000000000000000e+00 7.000000000000000000e+00
2.100000000000000000e+01 1.519769357495881579e+01 2.500000000000000000e+01 0.000000000000000000e+00 9.000000000000000000e+00
2.200000000000000000e+01 1.499176276771004801e+01 2.222222222222222143e+01 0.000000000000000000e+00 8.000000000000000000e+00
2.300000000000000000e+01 1.359143327841845306e+01 3.333333333333332860e+01 0.000000000000000000e+00 1.200000000000000000e+01
2.400000000000000000e+01 1.589785831960461238e+01 2.500000000000000000e+01 0.000000000000000000e+00 9.000000000000000000e+00
2.500000000000000000e+01 1.457990115321252134e+01 1.944444444444444642e+01 0.000000000000000000e+00 7.000000000000000000e+00
2.600000000000000000e+01 1.622734761120263514e+01 1.944444444444444642e+01 0.000000000000000000e+00 7.000000000000000000e+00
2.700000000000000000e+01 1.429159802306424965e+01 2.500000000000000000e+01 0.000000000000000000e+00 9.000000000000000000e+00
2.800000000000000000e+01 1.507413509060955548e+01 3.333333333333332860e+01 2.777777777777777679e+00 1.200000000000000000e+01
2.900000000000000000e+01 1.560955518945634246e+01 4.166666666666667140e+01 5.555555555555555358e+00 1.500000000000000000e+01
3.000000000000000000e+01 1.486820428336079125e+01 5.277777777777777857e+01 8.333333333333332149e+00 1.900000000000000000e+01
3.100000000000000000e+01 1.598023064250411807e+01 3.888888888888889284e+01 1.388888888888888928e+01 1.400000000000000000e+01
3.200000000000000000e+01 1.573311367380560100e+01 2.500000000000000000e+01 1.111111111111111072e+01 9.000000000000000000e+00
3.300000000000000000e+01 1.425041186161449858e+01 3.611111111111110716e+01 5.555555555555555358e+00 1.300000000000000000e+01
3.400000000000000000e+01 1.445634266886326103e+01 3.333333333333332860e+01 5.555555555555555358e+00 1.200000000000000000e+01
3.500000000000000000e+01 1.383855024711696835e+01 3.888888888888889284e+01 0.000000000000000000e+00 1.400000000000000000e+01
3.600000000000000000e+01 1.425041186161449858e+01 4.444444444444444287e+01 2.777777777777777679e+00 1.600000000000000000e+01
3.700000000000000000e+01 1.363261943986820413e+01 2.500000000000000000e+01 2.777777777777777679e+00 9.000000000000000000e+00
3.800000000000000000e+01 1.396210873146622689e+01 1.944444444444444642e+01 5.555555555555555358e+00 7.000000000000000000e+00
3.900000000000000000e+01 1.441515650741350996e+01 1.666666666666666430e+01 8.333333333333332149e+00 6.000000000000000000e+00
4.000000000000000000e+01 1.429159802306424965e+01 3.055555555555555358e+01 1.111111111111111072e+01 1.100000000000000000e+01
4.100000000000000000e+01 1.408566721581548720e+01 3.333333333333332860e+01 5.555555555555555358e+00 1.200000000000000000e+01
4.200000000000000000e+01 1.326194398682042852e+01 3.055555555555555358e+01 1.111111111111111072e+01 1.100000000000000000e+01
4.300000000000000000e+01 1.297364085667215861e+01 4.722222222222222854e+01 2.777777777777777679e+00 1.700000000000000000e+01
4.400000000000000000e+01 1.239703459637561878e+01 1.944444444444444642e+01 0.000000000000000000e+00 7.000000000000000000e+00
4.500000000000000000e+01 1.194398682042833570e+01 1.944444444444444642e+01 0.000000000000000000e+00 7.000000000000000000e+00
4.600000000000000000e+01 1.177924217462932432e+01 8.333333333333332149e+00 0.000000000000000000e+00 3.000000000000000000e+00
4.700000000000000000e+01 1.285008237232289829e+01 0.000000000000000000e+00 0.000000000000000000e+00 -6.000000000000000000e+03
