# step, world, group,control
0.000000000000000000e+00 2.458813838550247155e+01 5.555555555555555358e+00 1.388888888888888928e+01 2.000000000000000000e+00
1.000000000000000000e+00 2.392915980230642248e+01 1.111111111111111072e+01 1.111111111111111072e+01 4.000000000000000000e+00
2.000000000000000000e+00 2.380560131795716572e+01 5.555555555555555358e+00 5.555555555555555358e+00 2.000000000000000000e+00
3.000000000000000000e+00 2.347611202635914296e+01 1.388888888888888928e+01 1.111111111111111072e+01 5.000000000000000000e+00
4.000000000000000000e+00 2.092257001647446657e+01 8.333333333333332149e+00 1.111111111111111072e+01 3.000000000000000000e+00
5.000000000000000000e+00 2.211696869851729730e+01 8.333333333333332149e+00 1.388888888888888928e+01 3.000000000000000000e+00
6.000000000000000000e+00 2.174629324546952347e+01 1.944444444444444642e+01 8.333333333333332149e+00 7.000000000000000000e+00
7.000000000000000000e+00 2.236408566721581792e+01 1.111111111111111072e+01 1.111111111111111072e+01 4.000000000000000000e+00
8.000000000000000000e+00 2.075782537067545519e+01 1.388888888888888928e+01 1.666666666666666430e+01 5.000000000000000000e+00
9.000000000000000000e+00 1.808072487644151494e+01 1.388888888888888928e+01 1.388888888888888928e+01 5.000000000000000000e+00
1.000000000000000000e+01 1.878088962108731508e+01 2.500000000000000000e+01 1.388888888888888928e+01 9.000000000000000000e+00
1.100000000000000000e+01 1.746293245469522404e+01 1.111111111111111072e+01 1.388888888888888928e+01 4.000000000000000000e+00
1.200000000000000000e+01 1.684514003294892959e+01 2.222222222222222143e+01 8.333333333333332149e+00 8.000000000000000000e+00
1.300000000000000000e+01 1.626853377265238976e+01 1.388888888888888928e+01 5.555555555555555358e+00 5.000000000000000000e+00
1.400000000000000000e+01 1.754530477759472973e+01 2.500000000000000000e+01 8.333333333333332149e+00 9.000000000000000000e+00
1.500000000000000000e+01 1.680395387149917852e+01 2.777777777777777857e+01 5.555555555555555358e+00 1.000000000000000000e+01
1.600000000000000000e+01 1.684514003294892959e+01 3.055555555555555358e+01 5.555555555555555358e+00 1.100000000000000000e+01
1.700000000000000000e+01 1.602141680395387269e+01 4.722222222222222854e+01 0.000000000000000000e+00 1.700000000000000000e+01
1.800000000000000000e+01 1.589785831960461238e+01 3.055555555555555358e+01 0.000000000000000000e+00 1.100000000000000000e+01
1.900000000000000000e+01 1.507413509060955548e+01 4.722222222222222854e+01 0.000000000000000000e+00 1.700000000000000000e+01
2.000000000000000000e+01 1.573311367380560100e+01 3.333333333333332860e+01 0.000000000000000000e+00 1.200000000000000000e+01
2.100000000000000000e+01 1.569192751235584993e+01 3.055555555555555358e+01 0.000000000000000000e+00 1.100000000000000000e+01
2.200000000000000000e+01 1.445634266886326103e+01 3.333333333333332860e+01 0.000000000000000000e+00 1.200000000000000000e+01
2.300000000000000000e+01 1.507413509060955548e+01 3.333333333333332860e+01 0.000000000000000000e+00 1.200000000000000000e+01
2.400000000000000000e+01 1.453871499176276849e+01 1.388888888888888928e+01 0.000000000000000000e+00 5.000000000000000000e+00
2.500000000000000000e+01 1.429159802306424965e+01 5.555555555555555358e+00 0.000000000000000000e+00 2.000000000000000000e+00
2.600000000000000000e+01 1.474464579901153272e+01 5.555555555555555358e+00 0.000000000000000000e+00 2.000000000000000000e+00
2.700000000000000000e+01 1.330313014827018137e+01 8.333333333333332149e+00 0.000000000000000000e+00 3.000000000000000000e+00
2.800000000000000000e+01 1.326194398682042852e+01 8.333333333333332149e+00 0.000000000000000000e+00 3.000000000000000000e+00
2.900000000000000000e+01 1.186161449752883001e+01 8.333333333333332149e+00 0.000000000000000000e+00 3.000000000000000000e+00
3.000000000000000000e+01 1.132619439868204303e+01 1.388888888888888928e+01 0.000000000000000000e+00 5.000000000000000000e+00
3.100000000000000000e+01 1.070840197693575035e+01 1.666666666666666430e+01 0.000000000000000000e+00 6.000000000000000000e+00
3.200000000000000000e+01 1.037891268533772759e+01 2.777777777777777857e+01 0.000000000000000000e+00 1.000000000000000000e+01
3.300000000000000000e+01 1.054365733113673897e+01 2.222222222222222143e+01 0.000000000000000000e+00 8.000000000000000000e+00
3.400000000000000000e+01 1.083196046128500711e+01 3.055555555555555358e+01 0.000000000000000000e+00 1.100000000000000000e+01
3.500000000000000000e+01 1.070840197693575035e+01 1.944444444444444642e+01 0.000000000000000000e+00 7.000000000000000000e+00
3.600000000000000000e+01 1.021416803953871444e+01 1.111111111111111072e+01 0.000000000000000000e+00 4.000000000000000000e+00
3.700000000000000000e+01 1.103789126853377311e+01 8.333333333333332149e+00 0.000000000000000000e+00 3.000000000000000000e+00
3.800000000000000000e+01 1.103789126853377311e+01 5.555555555555555358e+00 0.000000000000000000e+00 2.000000000000000000e+00
3.900000000000000000e+01 1.112026359143327880e+01 5.555555555555555358e+00 0.000000000000000000e+00 2.000000000000000000e+00
4.000000000000000000e+01 1.050247116968698435e+01 5.555555555555555358e+00 0.000000000000000000e+00 2.000000000000000000e+00
4.100000000000000000e+01 1.112026359143327880e+01 8.333333333333332149e+00 0.000000000000000000e+00 3.000000000000000000e+00
4.200000000000000000e+01 1.099670510708401849e+01 1.111111111111111072e+01 0.000000000000000000e+00 4.000000000000000000e+00
4.300000000000000000e+01 1.070840197693575035e+01 1.666666666666666430e+01 0.000000000000000000e+00 6.000000000000000000e+00
4.400000000000000000e+01 1.033772652388797297e+01 1.666666666666666430e+01 0.000000000000000000e+00 6.000000000000000000e+00
4.500000000000000000e+01 1.021416803953871444e+01 1.388888888888888928e+01 0.000000000000000000e+00 5.000000000000000000e+00
4.600000000000000000e+01 9.884678747940691679e+00 1.666666666666666430e+01 0.000000000000000000e+00 6.000000000000000000e+00
4.700000000000000000e+01 1.033772652388797297e+01 1.944444444444444642e+01 0.000000000000000000e+00 7.000000000000000000e+00
4.800000000000000000e+01 9.143327841845140469e+00 1.388888888888888928e+01 0.000000000000000000e+00 5.000000000000000000e+00
4.900000000000000000e+01 9.719934102141680299e+00 1.111111111111111072e+01 0.000000000000000000e+00 4.000000000000000000e+00
5.000000000000000000e+01 8.855024711696870554e+00 1.111111111111111072e+01 0.000000000000000000e+00 4.000000000000000000e+00
5.100000000000000000e+01 8.484349258649094949e+00 1.111111111111111072e+01 0.000000000000000000e+00 4.000000000000000000e+00
5.200000000000000000e+01 8.196046128500823258e+00 1.111111111111111072e+01 0.000000000000000000e+00 4.000000000000000000e+00
5.300000000000000000e+01 7.825370675453047653e+00 1.388888888888888928e+01 0.000000000000000000e+00 5.000000000000000000e+00
5.400000000000000000e+01 7.990115321252059033e+00 1.666666666666666430e+01 0.000000000000000000e+00 6.000000000000000000e+00
5.500000000000000000e+01 7.742998352553541075e+00 1.944444444444444642e+01 0.000000000000000000e+00 7.000000000000000000e+00
5.600000000000000000e+01 7.742998352553541075e+00 2.777777777777777857e+01 0.000000000000000000e+00 1.000000000000000000e+01
5.700000000000000000e+01 7.454695222405272048e+00 2.777777777777777857e+01 0.000000000000000000e+00 1.000000000000000000e+01
5.800000000000000000e+01 7.578253706754529695e+00 1.944444444444444642e+01 0.000000000000000000e+00 7.000000000000000000e+00
5.900000000000000000e+01 7.742998352553541075e+00 2.222222222222222143e+01 0.000000000000000000e+00 8.000000000000000000e+00
6.000000000000000000e+01 7.578253706754529695e+00 2.222222222222222143e+01 0.000000000000000000e+00 8.000000000000000000e+00
6.100000000000000000e+01 7.413509060955518315e+00 2.500000000000000000e+01 0.000000000000000000e+00 9.000000000000000000e+00
6.200000000000000000e+01 7.413509060955518315e+00 4.166666666666667140e+01 0.000000000000000000e+00 1.500000000000000000e+01
6.300000000000000000e+01 7.331136738056012625e+00 1.111111111111111072e+01 0.000000000000000000e+00 4.000000000000000000e+00
6.400000000000000000e+01 7.660626029654035385e+00 1.388888888888888928e+01 0.000000000000000000e+00 5.000000000000000000e+00
6.500000000000000000e+01 7.660626029654035385e+00 2.222222222222222143e+01 0.000000000000000000e+00 8.000000000000000000e+00
6.600000000000000000e+01 7.413509060955518315e+00 2.777777777777777857e+01 0.000000000000000000e+00 1.000000000000000000e+01
6.700000000000000000e+01 7.248764415156506935e+00 4.166666666666667140e+01 0.000000000000000000e+00 1.500000000000000000e+01
6.800000000000000000e+01 8.566721581548600639e+00 2.500000000000000000e+01 0.000000000000000000e+00 9.000000000000000000e+00
6.900000000000000000e+01 7.701812191103789118e+00 2.777777777777777857e+01 0.000000000000000000e+00 1.000000000000000000e+01
7.000000000000000000e+01 8.154859967051070413e+00 2.222222222222222143e+01 0.000000000000000000e+00 8.000000000000000000e+00
7.100000000000000000e+01 8.278418451400328948e+00 1.666666666666666430e+01 0.000000000000000000e+00 6.000000000000000000e+00
7.200000000000000000e+01 9.019769357495881934e+00 1.944444444444444642e+01 0.000000000000000000e+00 7.000000000000000000e+00
7.300000000000000000e+01 8.649093904448106329e+00 1.666666666666666430e+01 0.000000000000000000e+00 6.000000000000000000e+00
7.400000000000000000e+01 8.607907742998351708e+00 1.666666666666666430e+01 0.000000000000000000e+00 6.000000000000000000e+00
7.500000000000000000e+01 7.907742998352553343e+00 2.500000000000000000e+01 0.000000000000000000e+00 9.000000000000000000e+00
7.600000000000000000e+01 8.813838550247117709e+00 3.333333333333332860e+01 0.000000000000000000e+00 1.200000000000000000e+01
7.700000000000000000e+01 8.237232289950576103e+00 2.777777777777777857e+01 0.000000000000000000e+00 1.000000000000000000e+01
7.800000000000000000e+01 8.031301482701811878e+00 3.888888888888889284e+01 0.000000000000000000e+00 1.400000000000000000e+01
7.900000000000000000e+01 8.319604612850081793e+00 3.888888888888889284e+01 0.000000000000000000e+00 1.400000000000000000e+01
8.000000000000000000e+01 7.289950576606260668e+00 4.444444444444444287e+01 0.000000000000000000e+00 1.600000000000000000e+01
8.100000000000000000e+01 7.825370675453047653e+00 3.888888888888889284e+01 0.000000000000000000e+00 1.400000000000000000e+01
8.200000000000000000e+01 7.948929159802306188e+00 3.333333333333332860e+01 0.000000000000000000e+00 1.200000000000000000e+01
8.300000000000000000e+01 8.566721581548600639e+00 3.055555555555555358e+01 0.000000000000000000e+00 1.100000000000000000e+01
8.400000000000000000e+01 7.125205930807249288e+00 2.777777777777777857e+01 0.000000000000000000e+00 1.000000000000000000e+01
8.500000000000000000e+01 7.042833607907743598e+00 2.500000000000000000e+01 0.000000000000000000e+00 9.000000000000000000e+00
8.600000000000000000e+01 7.084019769357495555e+00 1.666666666666666430e+01 0.000000000000000000e+00 6.000000000000000000e+00
8.700000000000000000e+01 7.537067545304777738e+00 1.111111111111111072e+01 0.000000000000000000e+00 4.000000000000000000e+00
8.800000000000000000e+01 7.001647446457989865e+00 1.388888888888888928e+01 0.000000000000000000e+00 5.000000000000000000e+00
8.900000000000000000e+01 6.960461285008237908e+00 2.222222222222222143e+01 0.000000000000000000e+00 8.000000000000000000e+00
9.000000000000000000e+01 6.795716639209226528e+00 1.666666666666666430e+01 0.000000000000000000e+00 6.000000000000000000e+00
9.100000000000000000e+01 6.589785831960461415e+00 1.111111111111111072e+01 0.000000000000000000e+00 4.000000000000000000e+00
9.200000000000000000e+01 6.383855024711697190e+00 8.333333333333332149e+00 0.000000000000000000e+00 3.000000000000000000e+00
9.300000000000000000e+01 6.301482701812191500e+00 1.666666666666666430e+01 0.000000000000000000e+00 6.000000000000000000e+00
9.400000000000000000e+01 6.342668863261943457e+00 8.333333333333332149e+00 0.000000000000000000e+00 3.000000000000000000e+00
9.500000000000000000e+01 6.466227347611202880e+00 1.666666666666666430e+01 0.000000000000000000e+00 6.000000000000000000e+00
9.600000000000000000e+01 6.795716639209226528e+00 1.666666666666666430e+01 0.000000000000000000e+00 6.000000000000000000e+00
9.700000000000000000e+01 7.042833607907743598e+00 2.222222222222222143e+01 0.000000000000000000e+00 8.000000000000000000e+00
9.800000000000000000e+01 6.342668863261943457e+00 3.055555555555555358e+01 0.000000000000000000e+00 1.100000000000000000e+01
9.900000000000000000e+01 6.383855024711697190e+00 1.944444444444444642e+01 0.000000000000000000e+00 7.000000000000000000e+00
1.000000000000000000e+02 5.724876441515650782e+00 2.500000000000000000e+01 0.000000000000000000e+00 9.000000000000000000e+00
1.010000000000000000e+02 6.548599670510708570e+00 2.500000000000000000e+01 0.000000000000000000e+00 9.000000000000000000e+00
1.020000000000000000e+02 5.766062602965403627e+00 2.500000000000000000e+01 0.000000000000000000e+00 9.000000000000000000e+00
1.030000000000000000e+02 6.013179571663920697e+00 3.055555555555555358e+01 0.000000000000000000e+00 1.100000000000000000e+01
1.040000000000000000e+02 6.260296540362437767e+00 3.055555555555555358e+01 0.000000000000000000e+00 1.100000000000000000e+01
1.050000000000000000e+02 6.754530477759472795e+00 2.777777777777777857e+01 0.000000000000000000e+00 1.000000000000000000e+01
1.060000000000000000e+02 5.848434925864909317e+00 3.611111111111110716e+01 0.000000000000000000e+00 1.300000000000000000e+01
1.070000000000000000e+02 6.589785831960461415e+00 2.222222222222222143e+01 0.000000000000000000e+00 8.000000000000000000e+00
1.080000000000000000e+02 6.342668863261943457e+00 1.666666666666666430e+01 0.000000000000000000e+00 6.000000000000000000e+00
1.090000000000000000e+02 6.960461285008237908e+00 1.111111111111111072e+01 0.000000000000000000e+00 4.000000000000000000e+00
1.100000000000000000e+02 7.084019769357495555e+00 1.111111111111111072e+01 0.000000000000000000e+00 4.000000000000000000e+00
1.110000000000000000e+02 6.630971993410214260e+00 5.555555555555555358e+00 0.000000000000000000e+00 2.000000000000000000e+00
1.120000000000000000e+02 7.372322899505766358e+00 5.555555555555555358e+00 0.000000000000000000e+00 2.000000000000000000e+00
1.130000000000000000e+02 7.413509060955518315e+00 5.555555555555555358e+00 0.000000000000000000e+00 2.000000000000000000e+00
1.140000000000000000e+02 6.960461285008237908e+00 8.333333333333332149e+00 0.000000000000000000e+00 3.000000000000000000e+00
1.150000000000000000e+02 8.113673805601317568e+00 1.111111111111111072e+01 0.000000000000000000e+00 4.000000000000000000e+00
1.160000000000000000e+02 6.754530477759472795e+00 1.388888888888888928e+01 0.000000000000000000e+00 5.000000000000000000e+00
1.170000000000000000e+02 7.084019769357495555e+00 1.111111111111111072e+01 0.000000000000000000e+00 4.000000000000000000e+00
1.180000000000000000e+02 6.919275123558484175e+00 5.555555555555555358e+00 0.000000000000000000e+00 2.000000000000000000e+00
1.190000000000000000e+02 7.619439868204283428e+00 1.111111111111111072e+01 0.000000000000000000e+00 4.000000000000000000e+00
1.200000000000000000e+02 7.495881383855024005e+00 1.111111111111111072e+01 0.000000000000000000e+00 4.000000000000000000e+00
1.210000000000000000e+02 8.113673805601317568e+00 1.388888888888888928e+01 0.000000000000000000e+00 5.000000000000000000e+00
1.220000000000000000e+02 8.237232289950576103e+00 1.388888888888888928e+01 0.000000000000000000e+00 5.000000000000000000e+00
1.230000000000000000e+02 8.113673805601317568e+00 2.500000000000000000e+01 0.000000000000000000e+00 9.000000000000000000e+00
1.240000000000000000e+02 8.360790774299834638e+00 1.388888888888888928e+01 0.000000000000000000e+00 5.000000000000000000e+00
1.250000000000000000e+02 7.207578253706754978e+00 1.666666666666666430e+01 0.000000000000000000e+00 6.000000000000000000e+00
1.260000000000000000e+02 6.960461285008237908e+00 1.944444444444444642e+01 0.000000000000000000e+00 7.000000000000000000e+00
1.270000000000000000e+02 7.084019769357495555e+00 1.944444444444444642e+01 0.000000000000000000e+00 7.000000000000000000e+00
1.280000000000000000e+02 7.289950576606260668e+00 1.666666666666666430e+01 0.000000000000000000e+00 6.000000000000000000e+00
1.290000000000000000e+02 7.660626029654035385e+00 1.666666666666666430e+01 0.000000000000000000e+00 6.000000000000000000e+00
1.300000000000000000e+02 8.360790774299834638e+00 2.500000000000000000e+01 0.000000000000000000e+00 9.000000000000000000e+00
1.310000000000000000e+02 8.031301482701811878e+00 1.666666666666666430e+01 0.000000000000000000e+00 6.000000000000000000e+00
1.320000000000000000e+02 7.825370675453047653e+00 1.111111111111111072e+01 0.000000000000000000e+00 4.000000000000000000e+00
1.330000000000000000e+02 7.784184514003294808e+00 1.666666666666666430e+01 0.000000000000000000e+00 6.000000000000000000e+00
1.340000000000000000e+02 8.154859967051070413e+00 1.388888888888888928e+01 0.000000000000000000e+00 5.000000000000000000e+00
1.350000000000000000e+02 7.372322899505766358e+00 1.666666666666666430e+01 0.000000000000000000e+00 6.000000000000000000e+00
1.360000000000000000e+02 8.649093904448106329e+00 1.666666666666666430e+01 0.000000000000000000e+00 6.000000000000000000e+00
1.370000000000000000e+02 7.866556836902800498e+00 1.388888888888888928e+01 0.000000000000000000e+00 5.000000000000000000e+00
1.380000000000000000e+02 8.813838550247117709e+00 1.944444444444444642e+01 0.000000000000000000e+00 7.000000000000000000e+00
1.390000000000000000e+02 8.731466227347612019e+00 1.944444444444444642e+01 0.000000000000000000e+00 7.000000000000000000e+00
1.400000000000000000e+02 9.472817133443163229e+00 2.500000000000000000e+01 0.000000000000000000e+00 9.000000000000000000e+00
1.410000000000000000e+02 7.701812191103789118e+00 1.944444444444444642e+01 0.000000000000000000e+00 7.000000000000000000e+00
1.420000000000000000e+02 7.660626029654035385e+00 2.222222222222222143e+01 0.000000000000000000e+00 8.000000000000000000e+00
1.430000000000000000e+02 7.207578253706754978e+00 1.944444444444444642e+01 0.000000000000000000e+00 7.000000000000000000e+00
1.440000000000000000e+02 7.248764415156506935e+00 1.944444444444444642e+01 0.000000000000000000e+00 7.000000000000000000e+00
1.450000000000000000e+02 6.754530477759472795e+00 2.222222222222222143e+01 0.000000000000000000e+00 8.000000000000000000e+00
1.460000000000000000e+02 6.836902800658978485e+00 3.055555555555555358e+01 0.000000000000000000e+00 1.100000000000000000e+01
1.470000000000000000e+02 6.919275123558484175e+00 2.500000000000000000e+01 0.000000000000000000e+00 9.000000000000000000e+00
1.480000000000000000e+02 6.713344316309719950e+00 3.611111111111110716e+01 0.000000000000000000e+00 1.300000000000000000e+01
1.490000000000000000e+02 7.084019769357495555e+00 1.388888888888888928e+01 0.000000000000000000e+00 5.000000000000000000e+00
1.500000000000000000e+02 7.248764415156506935e+00 1.111111111111111072e+01 0.000000000000000000e+00 4.000000000000000000e+00
1.510000000000000000e+02 7.454695222405272048e+00 1.944444444444444642e+01 0.000000000000000000e+00 7.000000000000000000e+00
1.520000000000000000e+02 7.742998352553541075e+00 2.222222222222222143e+01 0.000000000000000000e+00 8.000000000000000000e+00
1.530000000000000000e+02 8.813838550247117709e+00 1.944444444444444642e+01 0.000000000000000000e+00 7.000000000000000000e+00
1.540000000000000000e+02 8.154859967051070413e+00 1.666666666666666430e+01 2.777777777777777679e+00 6.000000000000000000e+00
1.550000000000000000e+02 8.237232289950576103e+00 1.666666666666666430e+01 5.555555555555555358e+00 6.000000000000000000e+00
1.560000000000000000e+02 8.401976935749589259e+00 1.944444444444444642e+01 5.555555555555555358e+00 7.000000000000000000e+00
1.570000000000000000e+02 9.390444810543657539e+00 2.222222222222222143e+01 0.000000000000000000e+00 8.000000000000000000e+00
1.580000000000000000e+02 7.866556836902800498e+00 3.333333333333332860e+01 0.000000000000000000e+00 1.200000000000000000e+01
1.590000000000000000e+02 8.813838550247117709e+00 3.333333333333332860e+01 0.000000000000000000e+00 1.200000000000000000e+01
1.600000000000000000e+02 7.372322899505766358e+00 4.444444444444444287e+01 2.777777777777777679e+00 1.600000000000000000e+01
1.610000000000000000e+02 8.484349258649094949e+00 1.666666666666666430e+01 2.777777777777777679e+00 6.000000000000000000e+00
1.620000000000000000e+02 8.278418451400328948e+00 2.222222222222222143e+01 0.000000000000000000e+00 8.000000000000000000e+00
1.630000000000000000e+02 8.196046128500823258e+00 2.222222222222222143e+01 2.777777777777777679e+00 8.000000000000000000e+00
1.640000000000000000e+02 7.742998352553541075e+00 1.944444444444444642e+01 8.333333333333332149e+00 7.000000000000000000e+00
1.650000000000000000e+02 6.919275123558484175e+00 3.055555555555555358e+01 5.555555555555555358e+00 1.100000000000000000e+01
1.660000000000000000e+02 7.248764415156506935e+00 3.055555555555555358e+01 8.333333333333332149e+00 1.100000000000000000e+01
1.670000000000000000e+02 7.166392092257001245e+00 4.166666666666667140e+01 8.333333333333332149e+00 1.500000000000000000e+01
1.680000000000000000e+02 7.742998352553541075e+00 4.722222222222222854e+01 1.111111111111111072e+01 1.700000000000000000e+01
1.690000000000000000e+02 7.948929159802306188e+00 2.500000000000000000e+01 1.388888888888888928e+01 9.000000000000000000e+00
1.700000000000000000e+02 8.690280065897857398e+00 3.611111111111110716e+01 1.944444444444444642e+01 1.300000000000000000e+01
1.710000000000000000e+02 8.278418451400328948e+00 3.333333333333332860e+01 1.111111111111111072e+01 1.200000000000000000e+01
1.720000000000000000e+02 8.278418451400328948e+00 3.611111111111110716e+01 8.333333333333332149e+00 1.300000000000000000e+01
1.730000000000000000e+02 7.084019769357495555e+00 3.888888888888889284e+01 1.111111111111111072e+01 1.400000000000000000e+01
1.740000000000000000e+02 7.825370675453047653e+00 4.722222222222222854e+01 8.333333333333332149e+00 1.700000000000000000e+01
1.750000000000000000e+02 7.990115321252059033e+00 3.888888888888889284e+01 1.111111111111111072e+01 1.400000000000000000e+01
1.760000000000000000e+02 8.196046128500823258e+00 4.166666666666667140e+01 8.333333333333332149e+00 1.500000000000000000e+01
1.770000000000000000e+02 6.919275123558484175e+00 6.111111111111110716e+01 1.111111111111111072e+01 2.200000000000000000e+01
1.780000000000000000e+02 7.907742998352553343e+00 2.222222222222222143e+01 8.333333333333332149e+00 8.000000000000000000e+00
1.790000000000000000e+02 7.578253706754529695e+00 3.888888888888889284e+01 1.111111111111111072e+01 1.400000000000000000e+01
1.800000000000000000e+02 8.278418451400328948e+00 2.777777777777777857e+01 8.333333333333332149e+00 1.000000000000000000e+01
1.810000000000000000e+02 7.948929159802306188e+00 1.666666666666666430e+01 1.111111111111111072e+01 6.000000000000000000e+00
1.820000000000000000e+02 8.443163097199340328e+00 1.666666666666666430e+01 8.333333333333332149e+00 6.000000000000000000e+00
1.830000000000000000e+02 6.919275123558484175e+00 1.111111111111111072e+01 1.111111111111111072e+01 4.000000000000000000e+00
1.840000000000000000e+02 7.166392092257001245e+00 1.944444444444444642e+01 8.333333333333332149e+00 7.000000000000000000e+00
1.850000000000000000e+02 6.795716639209226528e+00 1.388888888888888928e+01 1.111111111111111072e+01 5.000000000000000000e+00
1.860000000000000000e+02 7.372322899505766358e+00 2.222222222222222143e+01 8.333333333333332149e+00 8.000000000000000000e+00
1.870000000000000000e+02 7.619439868204283428e+00 1.111111111111111072e+01 1.111111111111111072e+01 4.000000000000000000e+00
1.880000000000000000e+02 8.566721581548600639e+00 1.388888888888888928e+01 8.333333333333332149e+00 5.000000000000000000e+00
1.890000000000000000e+02 8.278418451400328948e+00 5.555555555555555358e+00 1.111111111111111072e+01 2.000000000000000000e+00
1.900000000000000000e+02 8.566721581548600639e+00 5.555555555555555358e+00 8.333333333333332149e+00 2.000000000000000000e+00
1.910000000000000000e+02 8.278418451400328948e+00 0.000000000000000000e+00 1.111111111111111072e+01 -6.000000000000000000e+03
