# step, world, group,control
0.000000000000000000e+00 2.681219110378912873e+01 4.444444444444444287e+01 2.222222222222222143e+01 1.600000000000000000e+01
1.000000000000000000e+00 2.401153212520593172e+01 3.888888888888889284e+01 1.666666666666666430e+01 1.400000000000000000e+01
2.000000000000000000e+00 2.446457990115321479e+01 5.000000000000000000e+01 8.333333333333332149e+00 1.800000000000000000e+01
3.000000000000000000e+00 2.512355848434925676e+01 2.500000000000000000e+01 0.000000000000000000e+00 9.000000000000000000e+00
4.000000000000000000e+00 2.215815485996704837e+01 3.055555555555555358e+01 0.000000000000000000e+00 1.100000000000000000e+01
5.000000000000000000e+00 2.154036243822075747e+01 2.500000000000000000e+01 0.000000000000000000e+00 9.000000000000000000e+00
6.000000000000000000e+00 1.985172981878088905e+01 2.222222222222222143e+01 0.000000000000000000e+00 8.000000000000000000e+00
7.000000000000000000e+00 1.882207578253706615e+01 1.666666666666666430e+01 0.000000000000000000e+00 6.000000000000000000e+00
8.000000000000000000e+00 1.709225700164744666e+01 2.500000000000000000e+01 0.000000000000000000e+00 9.000000000000000000e+00
9.000000000000000000e+00 1.733937397034596373e+01 2.222222222222222143e+01 0.000000000000000000e+00 8.000000000000000000e+00
1.000000000000000000e+01 1.672158154859966928e+01 3.888888888888889284e+01 0.000000000000000000e+00 1.400000000000000000e+01
1.100000000000000000e+01 1.663920922570016359e+01 3.611111111111110716e+01 0.000000000000000000e+00 1.300000000000000000e+01
1.200000000000000000e+01 1.606260296540362376e+01 4.444444444444444287e+01 0.000000000000000000e+00 1.600000000000000000e+01
1.300000000000000000e+01 1.565074135090609531e+01 2.500000000000000000e+01 0.000000000000000000e+00 9.000000000000000000e+00
1.400000000000000000e+01 1.602141680395387269e+01 2.777777777777777857e+01 0.000000000000000000e+00 1.000000000000000000e+01
1.500000000000000000e+01 1.309719934102141714e+01 2.500000000000000000e+01 0.000000000000000000e+00 9.000000000000000000e+00
1.600000000000000000e+01 1.280889621087314723e+01 2.777777777777777857e+01 0.000000000000000000e+00 1.000000000000000000e+01
1.700000000000000000e+01 1.293245469522240576e+01 1.944444444444444642e+01 0.000000000000000000e+00 7.000000000000000000e+00
1.800000000000000000e+01 1.367380560131795697e+01 1.666666666666666430e+01 0.000000000000000000e+00 6.000000000000000000e+00
1.900000000000000000e+01 1.355024711696869666e+01 1.944444444444444642e+01 0.000000000000000000e+00 7.000000000000000000e+00
2.000000000000000000e+01 1.355024711696869666e+01 1.944444444444444642e+01 0.000000000000000000e+00 7.000000000000000000e+00
2.100000000000000000e+01 1.326194398682042852e+01 1.944444444444444642e+01 0.000000000000000000e+00 7.000000000000000000e+00
2.200000000000000000e+01 1.235584843492586415e+01 2.777777777777777857e+01 0.000000000000000000e+00 1.000000000000000000e+01
2.300000000000000000e+01 1.280889621087314723e+01 2.777777777777777857e+01 0.000000000000000000e+00 1.000000000000000000e+01
2.400000000000000000e+01 1.285008237232289829e+01 2.777777777777777857e+01 0.000000000000000000e+00 1.000000000000000000e+01
2.500000000000000000e+01 1.317957166392092283e+01 3.055555555555555358e+01 0.000000000000000000e+00 1.100000000000000000e+01
2.600000000000000000e+01 1.309719934102141714e+01 2.500000000000000000e+01 0.000000000000000000e+00 9.000000000000000000e+00
2.700000000000000000e+01 1.346787479406919275e+01 3.333333333333332860e+01 0.000000000000000000e+00 1.200000000000000000e+01
2.800000000000000000e+01 1.202635914332784139e+01 2.500000000000000000e+01 0.000000000000000000e+00 9.000000000000000000e+00
2.900000000000000000e+01 1.309719934102141714e+01 3.333333333333332860e+01 0.000000000000000000e+00 1.200000000000000000e+01
3.000000000000000000e+01 1.272652388797363976e+01 2.500000000000000000e+01 0.000000000000000000e+00 9.000000000000000000e+00
3.100000000000000000e+01 1.194398682042833570e+01 2.777777777777777857e+01 0.000000000000000000e+00 1.000000000000000000e+01
3.200000000000000000e+01 1.066721581548599573e+01 3.611111111111110716e+01 0.000000000000000000e+00 1.300000000000000000e+01
3.300000000000000000e+01 1.169686985172981863e+01 3.055555555555555358e+01 0.000000000000000000e+00 1.100000000000000000e+01
3.400000000000000000e+01 1.037891268533772759e+01 3.333333333333332860e+01 0.000000000000000000e+00 1.200000000000000000e+01
3.500000000000000000e+01 9.308072487644151849e+00 4.722222222222222854e+01 0.000000000000000000e+00 1.700000000000000000e+01
3.600000000000000000e+01 9.225700164744646159e+00 1.111111111111111072e+01 0.000000000000000000e+00 4.000000000000000000e+00
3.700000000000000000e+01 1.000823723228995021e+01 2.777777777777777679e+00 0.000000000000000000e+00 1.000000000000000000e+00
3.800000000000000000e+01 9.390444810543657539e+00 2.777777777777777679e+00 0.000000000000000000e+00 1.000000000000000000e+00
3.900000000000000000e+01 1.004942339373970306e+01 8.333333333333332149e+00 0.000000000000000000e+00 3.000000000000000000e+00
4.000000000000000000e+01 8.896210873146623399e+00 1.111111111111111072e+01 0.000000000000000000e+00 4.000000000000000000e+00
4.100000000000000000e+01 9.802306425041185989e+00 1.388888888888888928e+01 0.000000000000000000e+00 5.000000000000000000e+00
4.200000000000000000e+01 8.813838550247117709e+00 1.666666666666666430e+01 0.000000000000000000e+00 6.000000000000000000e+00
4.300000000000000000e+01 8.896210873146623399e+00 2.222222222222222143e+01 0.000000000000000000e+00 8.000000000000000000e+00
4.400000000000000000e+01 8.649093904448106329e+00 2.777777777777777857e+01 0.000000000000000000e+00 1.000000000000000000e+01
4.500000000000000000e+01 9.472817133443163229e+00 2.222222222222222143e+01 0.000000000000000000e+00 8.000000000000000000e+00
4.600000000000000000e+01 9.019769357495881934e+00 1.944444444444444642e+01 0.000000000000000000e+00 7.000000000000000000e+00
4.700000000000000000e+01 1.017298187808896159e+01 1.388888888888888928e+01 0.000000000000000000e+00 5.000000000000000000e+00
4.800000000000000000e+01 9.472817133443163229e+00 1.111111111111111072e+01 0.000000000000000000e+00 4.000000000000000000e+00
4.900000000000000000e+01 9.060955518945634779e+00 5.555555555555555358e+00 0.000000000000000000e+00 2.000000000000000000e+00
5.000000000000000000e+01 8.566721581548600639e+00 5.555555555555555358e+00 0.000000000000000000e+00 2.000000000000000000e+00
5.100000000000000000e+01 7.990115321252059033e+00 8.333333333333332149e+00 0.000000000000000000e+00 3.000000000000000000e+00
5.200000000000000000e+01 8.319604612850081793e+00 8.333333333333332149e+00 0.000000000000000000e+00 3.000000000000000000e+00
5.300000000000000000e+01 7.331136738056012625e+00 1.111111111111111072e+01 0.000000000000000000e+00 4.000000000000000000e+00
5.400000000000000000e+01 7.454695222405272048e+00 1.388888888888888928e+01 0.000000000000000000e+00 5.000000000000000000e+00
5.500000000000000000e+01 7.289950576606260668e+00 1.111111111111111072e+01 0.000000000000000000e+00 4.000000000000000000e+00
5.600000000000000000e+01 7.825370675453047653e+00 1.388888888888888928e+01 0.000000000000000000e+00 5.000000000000000000e+00
5.700000000000000000e+01 7.866556836902800498e+00 8.333333333333332149e+00 0.000000000000000000e+00 3.000000000000000000e+00
5.800000000000000000e+01 7.619439868204283428e+00 1.666666666666666430e+01 0.000000000000000000e+00 6.000000000000000000e+00
5.900000000000000000e+01 7.660626029654035385e+00 1.111111111111111072e+01 0.000000000000000000e+00 4.000000000000000000e+00
6.000000000000000000e+01 8.237232289950576103e+00 8.333333333333332149e+00 0.000000000000000000e+00 3.000000000000000000e+00
6.100000000000000000e+01 8.566721581548600639e+00 5.555555555555555358e+00 0.000000000000000000e+00 2.000000000000000000e+00
6.200000000000000000e+01 8.649093904448106329e+00 8.333333333333332149e+00 0.000000000000000000e+00 3.000000000000000000e+00
6.300000000000000000e+01 8.401976935749589259e+00 1.111111111111111072e+01 0.000000000000000000e+00 4.000000000000000000e+00
6.400000000000000000e+01 8.031301482701811878e+00 1.666666666666666430e+01 0.000000000000000000e+00 6.000000000000000000e+00
6.500000000000000000e+01 8.072487644151564723e+00 5.555555555555555358e+00 0.000000000000000000e+00 2.000000000000000000e+00
6.600000000000000000e+01 8.855024711696870554e+00 0.000000000000000000e+00 0.000000000000000000e+00 -6.000000000000000000e+03
