# step, world, group,control
0.000000000000000000e+00 2.829489291598023115e+01 3.333333333333332860e+01 1.944444444444444642e+01 1.200000000000000000e+01
1.000000000000000000e+00 2.648270181219110597e+01 3.055555555555555358e+01 2.500000000000000000e+01 1.100000000000000000e+01
2.000000000000000000e+00 2.615321252059308321e+01 4.166666666666667140e+01 3.055555555555555358e+01 1.500000000000000000e+01
3.000000000000000000e+00 2.417627677100494310e+01 3.611111111111110716e+01 1.944444444444444642e+01 1.300000000000000000e+01
4.000000000000000000e+00 2.359967051070839972e+01 4.166666666666667140e+01 2.222222222222222143e+01 1.500000000000000000e+01
5.000000000000000000e+00 2.310543657331136558e+01 3.333333333333332860e+01 1.666666666666666430e+01 1.200000000000000000e+01
6.000000000000000000e+00 2.174629324546952347e+01 3.333333333333332860e+01 1.388888888888888928e+01 1.200000000000000000e+01
7.000000000000000000e+00 2.092257001647446657e+01 3.611111111111110716e+01 1.388888888888888928e+01 1.300000000000000000e+01
8.000000000000000000e+00 2.018121911037891181e+01 2.500000000000000000e+01 1.944444444444444642e+01 9.000000000000000000e+00
9.000000000000000000e+00 1.911037891268533784e+01 1.666666666666666430e+01 1.666666666666666430e+01 6.000000000000000000e+00
1.000000000000000000e+01 1.861614497528830370e+01 2.500000000000000000e+01 1.666666666666666430e+01 9.000000000000000000e+00
1.100000000000000000e+01 1.824546952224052632e+01 1.666666666666666430e+01 1.666666666666666430e+01 6.000000000000000000e+00
1.200000000000000000e+01 1.911037891268533784e+01 1.111111111111111072e+01 1.666666666666666430e+01 4.000000000000000000e+00
1.300000000000000000e+01 2.009884678747940612e+01 1.388888888888888928e+01 1.666666666666666430e+01 5.000000000000000000e+00
1.400000000000000000e+01 1.841021416803953770e+01 1.944444444444444642e+01 1.666666666666666430e+01 7.000000000000000000e+00
1.500000000000000000e+01 1.931630971993410384e+01 1.666666666666666430e+01 1.666666666666666430e+01 6.000000000000000000e+00
1.600000000000000000e+01 1.836902800658978663e+01 2.222222222222222143e+01 1.666666666666666430e+01 8.000000000000000000e+00
1.700000000000000000e+01 1.919275123558484353e+01 3.055555555555555358e+01 1.666666666666666430e+01 1.100000000000000000e+01
1.800000000000000000e+01 1.696869851729818990e+01 2.222222222222222143e+01 1.666666666666666430e+01 8.000000000000000000e+00
1.900000000000000000e+01 1.857495881383854908e+01 1.666666666666666430e+01 1.666666666666666430e+01 6.000000000000000000e+00
2.000000000000000000e+01 1.890444810543657184e+01 1.666666666666666430e+01 1.666666666666666430e+01 6.000000000000000000e+00
2.100000000000000000e+01 1.758649093904448080e+01 1.666666666666666430e+01 1.666666666666666430e+01 6.000000000000000000e+00
2.200000000000000000e+01 1.655683690280065790e+01 1.111111111111111072e+01 1.666666666666666430e+01 4.000000000000000000e+00
2.300000000000000000e+01 1.490939044481054410e+01 1.944444444444444642e+01 1.666666666666666430e+01 7.000000000000000000e+00
2.400000000000000000e+01 1.523887973640856686e+01 2.222222222222222143e+01 1.666666666666666430e+01 8.000000000000000000e+00
2.500000000000000000e+01 1.433278418451400249e+01 2.222222222222222143e+01 1.666666666666666430e+01 8.000000000000000000e+00
2.600000000000000000e+01 1.408566721581548720e+01 2.222222222222222143e+01 1.666666666666666430e+01 8.000000000000000000e+00
2.700000000000000000e+01 1.301482701812190967e+01 1.111111111111111072e+01 1.666666666666666430e+01 4.000000000000000000e+00
2.800000000000000000e+01 1.363261943986820413e+01 1.944444444444444642e+01 1.666666666666666430e+01 7.000000000000000000e+00
2.900000000000000000e+01 1.305601317957166252e+01 2.500000000000000000e+01 1.666666666666666430e+01 9.000000000000000000e+00
3.000000000000000000e+01 1.363261943986820413e+01 2.222222222222222143e+01 1.666666666666666430e+01 8.000000000000000000e+00
3.100000000000000000e+01 1.404448105436573435e+01 3.055555555555555358e+01 1.666666666666666430e+01 1.100000000000000000e+01
3.200000000000000000e+01 1.433278418451400249e+01 2.777777777777777857e+01 1.666666666666666430e+01 1.000000000000000000e+01
3.300000000000000000e+01 1.420922570016474573e+01 1.944444444444444642e+01 1.666666666666666430e+01 7.000000000000000000e+00
3.400000000000000000e+01 1.408566721581548720e+01 1.666666666666666430e+01 1.666666666666666430e+01 6.000000000000000000e+00
3.500000000000000000e+01 1.383855024711696835e+01 3.333333333333332860e+01 1.666666666666666430e+01 1.200000000000000000e+01
3.600000000000000000e+01 1.330313014827018137e+01 2.500000000000000000e+01 1.666666666666666430e+01 9.000000000000000000e+00
3.700000000000000000e+01 1.260296540362438300e+01 2.222222222222222143e+01 1.666666666666666430e+01 8.000000000000000000e+00
3.800000000000000000e+01 1.293245469522240576e+01 2.222222222222222143e+01 1.666666666666666430e+01 8.000000000000000000e+00
3.900000000000000000e+01 1.235584843492586415e+01 3.333333333333332860e+01 1.666666666666666430e+01 1.200000000000000000e+01
4.000000000000000000e+01 1.313838550247116999e+01 4.166666666666667140e+01 1.666666666666666430e+01 1.500000000000000000e+01
4.100000000000000000e+01 1.338550247116968528e+01 2.777777777777777857e+01 1.944444444444444642e+01 1.000000000000000000e+01
4.200000000000000000e+01 1.322075782537067390e+01 3.055555555555555358e+01 1.944444444444444642e+01 1.100000000000000000e+01
4.300000000000000000e+01 1.280889621087314723e+01 3.055555555555555358e+01 2.222222222222222143e+01 1.100000000000000000e+01
4.400000000000000000e+01 1.342668863261943990e+01 3.055555555555555358e+01 1.666666666666666430e+01 1.100000000000000000e+01
4.500000000000000000e+01 1.289126853377265114e+01 3.333333333333332860e+01 3.611111111111110716e+01 1.200000000000000000e+01
4.600000000000000000e+01 1.359143327841845306e+01 2.777777777777777857e+01 1.666666666666666430e+01 1.000000000000000000e+01
4.700000000000000000e+01 1.219110378912685277e+01 3.055555555555555358e+01 0.000000000000000000e+00 1.100000000000000000e+01
4.800000000000000000e+01 1.260296540362438300e+01 3.333333333333332860e+01 0.000000000000000000e+00 1.200000000000000000e+01
4.900000000000000000e+01 1.350906095551894559e+01 2.777777777777777857e+01 0.000000000000000000e+00 1.000000000000000000e+01
5.000000000000000000e+01 1.375617792421746444e+01 3.888888888888889284e+01 0.000000000000000000e+00 1.400000000000000000e+01
5.100000000000000000e+01 1.548599670510708215e+01 2.222222222222222143e+01 0.000000000000000000e+00 8.000000000000000000e+00
5.200000000000000000e+01 1.412685337726523827e+01 8.333333333333332149e+00 0.000000000000000000e+00 3.000000000000000000e+00
5.300000000000000000e+01 1.589785831960461238e+01 8.333333333333332149e+00 0.000000000000000000e+00 3.000000000000000000e+00
5.400000000000000000e+01 1.495057660626029694e+01 1.666666666666666430e+01 2.777777777777777679e+00 6.000000000000000000e+00
5.500000000000000000e+01 1.466227347611202525e+01 2.500000000000000000e+01 2.777777777777777679e+00 9.000000000000000000e+00
5.600000000000000000e+01 1.515650741350905939e+01 2.500000000000000000e+01 2.777777777777777679e+00 9.000000000000000000e+00
5.700000000000000000e+01 1.387973640856671942e+01 2.222222222222222143e+01 2.777777777777777679e+00 8.000000000000000000e+00
5.800000000000000000e+01 1.486820428336079125e+01 1.666666666666666430e+01 2.777777777777777679e+00 6.000000000000000000e+00
5.900000000000000000e+01 1.367380560131795697e+01 1.388888888888888928e+01 5.555555555555555358e+00 5.000000000000000000e+00
6.000000000000000000e+01 1.404448105436573435e+01 5.555555555555555358e+00 5.555555555555555358e+00 2.000000000000000000e+00
6.100000000000000000e+01 1.548599670510708215e+01 0.000000000000000000e+00 0.000000000000000000e+00 -6.000000000000000000e+03
