# step, world, group,control
0.000000000000000000e+00 2.813014827018121977e+01 1.666666666666666430e+01 1.944444444444444642e+01 6.000000000000000000e+00
1.000000000000000000e+00 2.742998352553541608e+01 1.944444444444444642e+01 1.111111111111111072e+01 7.000000000000000000e+00
2.000000000000000000e+00 2.627677100494233997e+01 2.777777777777777857e+01 1.388888888888888928e+01 1.000000000000000000e+01
3.000000000000000000e+00 2.677100494233937056e+01 3.611111111111110716e+01 1.944444444444444642e+01 1.300000000000000000e+01
4.000000000000000000e+00 2.417627677100494310e+01 3.055555555555555358e+01 1.666666666666666430e+01 1.100000000000000000e+01
5.000000000000000000e+00 2.487644151565073969e+01 4.444444444444444287e+01 1.666666666666666430e+01 1.600000000000000000e+01
6.000000000000000000e+00 2.500000000000000000e+01 3.611111111111110716e+01 1.944444444444444642e+01 1.300000000000000000e+01
7.000000000000000000e+00 2.475288303130148293e+01 2.500000000000000000e+01 1.944444444444444642e+01 9.000000000000000000e+00
8.000000000000000000e+00 2.384678747940692034e+01 3.055555555555555358e+01 1.388888888888888928e+01 1.100000000000000000e+01
9.000000000000000000e+00 2.347611202635914296e+01 4.444444444444444287e+01 1.944444444444444642e+01 1.600000000000000000e+01
1.000000000000000000e+01 2.450576606260296586e+01 3.611111111111110716e+01 2.777777777777777857e+01 1.300000000000000000e+01
1.100000000000000000e+01 2.219934102141680299e+01 3.333333333333332860e+01 3.333333333333332860e+01 1.200000000000000000e+01
1.200000000000000000e+01 2.141680395387150071e+01 2.500000000000000000e+01 5.000000000000000000e+01 9.000000000000000000e+00
1.300000000000000000e+01 2.071663920922570057e+01 3.611111111111110716e+01 2.500000000000000000e+01 1.300000000000000000e+01
1.400000000000000000e+01 2.133443163097199147e+01 2.500000000000000000e+01 4.444444444444444287e+01 9.000000000000000000e+00
1.500000000000000000e+01 2.063426688632619488e+01 3.055555555555555358e+01 1.944444444444444642e+01 1.100000000000000000e+01
1.600000000000000000e+01 1.952224052718286629e+01 3.888888888888889284e+01 1.111111111111111072e+01 1.400000000000000000e+01
1.700000000000000000e+01 1.906919275123558322e+01 3.333333333333332860e+01 1.111111111111111072e+01 1.200000000000000000e+01
1.800000000000000000e+01 1.828665568369028094e+01 3.333333333333332860e+01 5.555555555555555358e+00 1.200000000000000000e+01
1.900000000000000000e+01 1.680395387149917852e+01 4.444444444444444287e+01 0.000000000000000000e+00 1.600000000000000000e+01
2.000000000000000000e+01 1.680395387149917852e+01 2.222222222222222143e+01 0.000000000000000000e+00 8.000000000000000000e+00
2.100000000000000000e+01 1.635090609555189545e+01 1.388888888888888928e+01 0.000000000000000000e+00 5.000000000000000000e+00
2.200000000000000000e+01 1.519769357495881579e+01 1.666666666666666430e+01 0.000000000000000000e+00 6.000000000000000000e+00
2.300000000000000000e+01 1.668039538714991821e+01 1.111111111111111072e+01 0.000000000000000000e+00 4.000000000000000000e+00
2.400000000000000000e+01 1.589785831960461238e+01 1.388888888888888928e+01 0.000000000000000000e+00 5.000000000000000000e+00
2.500000000000000000e+01 1.573311367380560100e+01 1.944444444444444642e+01 0.000000000000000000e+00 7.000000000000000000e+00
2.600000000000000000e+01 1.453871499176276849e+01 1.111111111111111072e+01 0.000000000000000000e+00 4.000000000000000000e+00
2.700000000000000000e+01 1.532125205930807077e+01 1.111111111111111072e+01 0.000000000000000000e+00 4.000000000000000000e+00
2.800000000000000000e+01 1.474464579901153272e+01 1.944444444444444642e+01 0.000000000000000000e+00 7.000000000000000000e+00
2.900000000000000000e+01 1.552718286655683855e+01 1.944444444444444642e+01 0.000000000000000000e+00 7.000000000000000000e+00
3.000000000000000000e+01 1.420922570016474573e+01 1.944444444444444642e+01 0.000000000000000000e+00 7.000000000000000000e+00
3.100000000000000000e+01 1.387973640856671942e+01 1.388888888888888928e+01 0.000000000000000000e+00 5.000000000000000000e+00
3.200000000000000000e+01 1.338550247116968528e+01 1.388888888888888928e+01 0.000000000000000000e+00 5.000000000000000000e+00
3.300000000000000000e+01 1.342668863261943990e+01 8.333333333333332149e+00 0.000000000000000000e+00 3.000000000000000000e+00
3.400000000000000000e+01 1.503294892915980263e+01 8.333333333333332149e+00 0.000000000000000000e+00 3.000000000000000000e+00
3.500000000000000000e+01 1.441515650741350996e+01 1.388888888888888928e+01 0.000000000000000000e+00 5.000000000000000000e+00
3.600000000000000000e+01 1.408566721581548720e+01 1.944444444444444642e+01 0.000000000000000000e+00 7.000000000000000000e+00
3.700000000000000000e+01 1.425041186161449858e+01 1.666666666666666430e+01 0.000000000000000000e+00 6.000000000000000000e+00
3.800000000000000000e+01 1.569192751235584993e+01 1.666666666666666430e+01 0.000000000000000000e+00 6.000000000000000000e+00
3.900000000000000000e+01 1.256177924217462838e+01 1.666666666666666430e+01 0.000000000000000000e+00 6.000000000000000000e+00
4.000000000000000000e+01 1.359143327841845306e+01 1.666666666666666430e+01 0.000000000000000000e+00 6.000000000000000000e+00
4.100000000000000000e+01 1.285008237232289829e+01 1.944444444444444642e+01 0.000000000000000000e+00 7.000000000000000000e+00
4.200000000000000000e+01 1.392092257001647582e+01 2.222222222222222143e+01 0.000000000000000000e+00 8.000000000000000000e+00
4.300000000000000000e+01 1.301482701812190967e+01 3.055555555555555358e+01 0.000000000000000000e+00 1.100000000000000000e+01
4.400000000000000000e+01 1.256177924217462838e+01 4.722222222222222854e+01 0.000000000000000000e+00 1.700000000000000000e+01
4.500000000000000000e+01 1.210873146622734708e+01 1.666666666666666430e+01 0.000000000000000000e+00 6.000000000000000000e+00
4.600000000000000000e+01 1.214991762767710171e+01 1.944444444444444642e+01 0.000000000000000000e+00 7.000000000000000000e+00
4.700000000000000000e+01 1.186161449752883001e+01 2.777777777777777857e+01 0.000000000000000000e+00 1.000000000000000000e+01
4.800000000000000000e+01 1.198517298187809033e+01 2.222222222222222143e+01 0.000000000000000000e+00 8.000000000000000000e+00
4.900000000000000000e+01 1.157331136738056010e+01 3.333333333333332860e+01 0.000000000000000000e+00 1.200000000000000000e+01
5.000000000000000000e+01 1.252059308072487553e+01 2.222222222222222143e+01 0.000000000000000000e+00 8.000000000000000000e+00
5.100000000000000000e+01 1.161449752883031294e+01 3.888888888888889284e+01 0.000000000000000000e+00 1.400000000000000000e+01
5.200000000000000000e+01 1.140856672158154872e+01 2.777777777777777857e+01 0.000000000000000000e+00 1.000000000000000000e+01
5.300000000000000000e+01 1.091433278418451280e+01 2.777777777777777857e+01 0.000000000000000000e+00 1.000000000000000000e+01
5.400000000000000000e+01 1.091433278418451280e+01 4.444444444444444287e+01 0.000000000000000000e+00 1.600000000000000000e+01
5.500000000000000000e+01 1.079077429983525604e+01 3.611111111111110716e+01 0.000000000000000000e+00 1.300000000000000000e+01
5.600000000000000000e+01 1.074958813838550142e+01 3.611111111111110716e+01 0.000000000000000000e+00 1.300000000000000000e+01
5.700000000000000000e+01 1.079077429983525604e+01 5.555555555555555713e+01 0.000000000000000000e+00 2.000000000000000000e+01
5.800000000000000000e+01 1.029654036243822013e+01 2.500000000000000000e+01 0.000000000000000000e+00 9.000000000000000000e+00
5.900000000000000000e+01 1.037891268533772759e+01 2.777777777777777857e+01 0.000000000000000000e+00 1.000000000000000000e+01
6.000000000000000000e+01 1.037891268533772759e+01 1.944444444444444642e+01 0.000000000000000000e+00 7.000000000000000000e+00
6.100000000000000000e+01 1.116144975288303165e+01 3.611111111111110716e+01 0.000000000000000000e+00 1.300000000000000000e+01
6.200000000000000000e+01 9.843492586490938834e+00 2.777777777777777857e+01 0.000000000000000000e+00 1.000000000000000000e+01
6.300000000000000000e+01 9.843492586490938834e+00 3.055555555555555358e+01 0.000000000000000000e+00 1.100000000000000000e+01
6.400000000000000000e+01 9.555189456342668919e+00 3.055555555555555358e+01 0.000000000000000000e+00 1.100000000000000000e+01
6.500000000000000000e+01 9.308072487644151849e+00 3.055555555555555358e+01 0.000000000000000000e+00 1.100000000000000000e+01
6.600000000000000000e+01 8.690280065897857398e+00 2.500000000000000000e+01 0.000000000000000000e+00 9.000000000000000000e+00
6.700000000000000000e+01 8.360790774299834638e+00 2.500000000000000000e+01 0.000000000000000000e+00 9.000000000000000000e+00
6.800000000000000000e+01 9.472817133443163229e+00 2.222222222222222143e+01 0.000000000000000000e+00 8.000000000000000000e+00
6.900000000000000000e+01 9.719934102141680299e+00 2.777777777777777857e+01 0.000000000000000000e+00 1.000000000000000000e+01
7.000000000000000000e+01 1.013179571663920875e+01 1.944444444444444642e+01 0.000000000000000000e+00 7.000000000000000000e+00
7.100000000000000000e+01 9.472817133443163229e+00 2.777777777777777857e+01 0.000000000000000000e+00 1.000000000000000000e+01
7.200000000000000000e+01 9.019769357495881934e+00 1.944444444444444642e+01 0.000000000000000000e+00 7.000000000000000000e+00
7.300000000000000000e+01 8.855024711696870554e+00 1.666666666666666430e+01 0.000000000000000000e+00 6.000000000000000000e+00
7.400000000000000000e+01 8.772652388797364864e+00 2.777777777777777857e+01 0.000000000000000000e+00 1.000000000000000000e+01
7.500000000000000000e+01 9.143327841845140469e+00 2.777777777777777857e+01 0.000000000000000000e+00 1.000000000000000000e+01
7.600000000000000000e+01 8.855024711696870554e+00 3.333333333333332860e+01 0.000000000000000000e+00 1.200000000000000000e+01
7.700000000000000000e+01 8.278418451400328948e+00 4.166666666666667140e+01 0.000000000000000000e+00 1.500000000000000000e+01
7.800000000000000000e+01 9.143327841845140469e+00 2.500000000000000000e+01 0.000000000000000000e+00 9.000000000000000000e+00
7.900000000000000000e+01 9.308072487644151849e+00 4.444444444444444287e+01 0.000000000000000000e+00 1.600000000000000000e+01
8.000000000000000000e+01 9.143327841845140469e+00 1.944444444444444642e+01 0.000000000000000000e+00 7.000000000000000000e+00
8.100000000000000000e+01 8.978583196046129089e+00 2.222222222222222143e+01 0.000000000000000000e+00 8.000000000000000000e+00
8.200000000000000000e+01 9.431630971993410384e+00 2.222222222222222143e+01 0.000000000000000000e+00 8.000000000000000000e+00
8.300000000000000000e+01 8.525535420098846018e+00 2.222222222222222143e+01 0.000000000000000000e+00 8.000000000000000000e+00
8.400000000000000000e+01 8.484349258649094949e+00 2.222222222222222143e+01 0.000000000000000000e+00 8.000000000000000000e+00
8.500000000000000000e+01 7.454695222405272048e+00 1.666666666666666430e+01 0.000000000000000000e+00 6.000000000000000000e+00
8.600000000000000000e+01 8.690280065897857398e+00 1.666666666666666430e+01 0.000000000000000000e+00 6.000000000000000000e+00
8.700000000000000000e+01 7.742998352553541075e+00 2.222222222222222143e+01 0.000000000000000000e+00 8.000000000000000000e+00
8.800000000000000000e+01 8.237232289950576103e+00 2.777777777777777857e+01 0.000000000000000000e+00 1.000000000000000000e+01
8.900000000000000000e+01 7.866556836902800498e+00 2.777777777777777857e+01 0.000000000000000000e+00 1.000000000000000000e+01
9.000000000000000000e+01 7.907742998352553343e+00 3.333333333333332860e+01 0.000000000000000000e+00 1.200000000000000000e+01
9.100000000000000000e+01 8.401976935749589259e+00 2.222222222222222143e+01 0.000000000000000000e+00 8.000000000000000000e+00
9.200000000000000000e+01 8.319604612850081793e+00 2.222222222222222143e+01 0.000000000000000000e+00 8.000000000000000000e+00
9.300000000000000000e+01 8.690280065897857398e+00 1.111111111111111072e+01 0.000000000000000000e+00 4.000000000000000000e+00
9.400000000000000000e+01 9.390444810543657539e+00 1.388888888888888928e+01 0.000000000000000000e+00 5.000000000000000000e+00
9.500000000000000000e+01 9.431630971993410384e+00 1.666666666666666430e+01 0.000000000000000000e+00 6.000000000000000000e+00
9.600000000000000000e+01 1.029654036243822013e+01 1.944444444444444642e+01 0.000000000000000000e+00 7.000000000000000000e+00
9.700000000000000000e+01 9.555189456342668919e+00 8.333333333333332149e+00 0.000000000000000000e+00 3.000000000000000000e+00
9.800000000000000000e+01 1.042009884678747866e+01 8.333333333333332149e+00 0.000000000000000000e+00 3.000000000000000000e+00
9.900000000000000000e+01 9.843492586490938834e+00 8.333333333333332149e+00 0.000000000000000000e+00 3.000000000000000000e+00
1.000000000000000000e+02 1.058484349258649004e+01 0.000000000000000000e+00 0.000000000000000000e+00 -6.000000000000000000e+03
