# step, world, group,control
0.000000000000000000e+00 2.973640856672158250e+01 1.666666666666666430e+01 3.888888888888889284e+01 6.000000000000000000e+00
1.000000000000000000e+00 2.755354200988467994e+01 2.500000000000000000e+01 3.333333333333332860e+01 9.000000000000000000e+00
2.000000000000000000e+00 2.677100494233937056e+01 1.944444444444444642e+01 5.000000000000000000e+01 7.000000000000000000e+00
3.000000000000000000e+00 2.677100494233937056e+01 1.388888888888888928e+01 1.944444444444444642e+01 5.000000000000000000e+00
4.000000000000000000e+00 2.656507413509061166e+01 1.944444444444444642e+01 2.777777777777777857e+01 7.000000000000000000e+00
5.000000000000000000e+00 2.265238879736408606e+01 1.944444444444444642e+01 3.055555555555555358e+01 7.000000000000000000e+00
6.000000000000000000e+00 2.248764415156507468e+01 2.777777777777777857e+01 2.777777777777777857e+01 1.000000000000000000e+01
7.000000000000000000e+00 2.158154859967051209e+01 2.222222222222222143e+01 3.055555555555555358e+01 8.000000000000000000e+00
8.000000000000000000e+00 2.129324546952224040e+01 1.388888888888888928e+01 3.888888888888889284e+01 5.000000000000000000e+00
9.000000000000000000e+00 2.014003294892916074e+01 1.666666666666666430e+01 3.611111111111110716e+01 6.000000000000000000e+00
1.000000000000000000e+01 1.869851729818780939e+01 1.388888888888888928e+01 5.555555555555555713e+01 5.000000000000000000e+00
1.100000000000000000e+01 1.791598023064250356e+01 1.111111111111111072e+01 3.333333333333332860e+01 4.000000000000000000e+00
1.200000000000000000e+01 1.610378912685337838e+01 1.111111111111111072e+01 3.611111111111110716e+01 4.000000000000000000e+00
1.300000000000000000e+01 1.655683690280065790e+01 2.222222222222222143e+01 3.611111111111110716e+01 8.000000000000000000e+00
1.400000000000000000e+01 1.585667215815486131e+01 1.666666666666666430e+01 1.944444444444444642e+01 6.000000000000000000e+00
1.500000000000000000e+01 1.482701812191103663e+01 2.222222222222222143e+01 2.777777777777777857e+01 8.000000000000000000e+00
1.600000000000000000e+01 1.437397034596375711e+01 2.500000000000000000e+01 3.055555555555555358e+01 9.000000000000000000e+00
1.700000000000000000e+01 1.449752883031301387e+01 2.777777777777777857e+01 3.888888888888889284e+01 1.000000000000000000e+01
1.800000000000000000e+01 1.404448105436573435e+01 3.333333333333332860e+01 1.666666666666666430e+01 1.200000000000000000e+01
1.900000000000000000e+01 1.252059308072487553e+01 4.166666666666667140e+01 1.111111111111111072e+01 1.500000000000000000e+01
2.000000000000000000e+01 1.206754530477759602e+01 3.055555555555555358e+01 1.666666666666666430e+01 1.100000000000000000e+01
2.100000000000000000e+01 1.272652388797363976e+01 3.611111111111110716e+01 1.666666666666666430e+01 1.300000000000000000e+01
2.200000000000000000e+01 1.177924217462932432e+01 1.944444444444444642e+01 1.666666666666666430e+01 7.000000000000000000e+00
2.300000000000000000e+01 1.206754530477759602e+01 1.944444444444444642e+01 1.666666666666666430e+01 7.000000000000000000e+00
2.400000000000000000e+01 1.095551894563426742e+01 1.388888888888888928e+01 1.666666666666666430e+01 5.000000000000000000e+00
2.500000000000000000e+01 1.177924217462932432e+01 2.222222222222222143e+01 1.666666666666666430e+01 8.000000000000000000e+00
2.600000000000000000e+01 1.186161449752883001e+01 2.222222222222222143e+01 1.666666666666666430e+01 8.000000000000000000e+00
2.700000000000000000e+01 1.107907742998352418e+01 4.166666666666667140e+01 1.666666666666666430e+01 1.500000000000000000e+01
2.800000000000000000e+01 1.239703459637561878e+01 1.666666666666666430e+01 1.666666666666666430e+01 6.000000000000000000e+00
2.900000000000000000e+01 1.169686985172981863e+01 1.944444444444444642e+01 1.666666666666666430e+01 7.000000000000000000e+00
3.000000000000000000e+01 1.285008237232289829e+01 1.666666666666666430e+01 1.666666666666666430e+01 6.000000000000000000e+00
3.100000000000000000e+01 1.177924217462932432e+01 2.500000000000000000e+01 1.666666666666666430e+01 9.000000000000000000e+00
3.200000000000000000e+01 1.120263591433278449e+01 2.500000000000000000e+01 1.666666666666666430e+01 9.000000000000000000e+00
3.300000000000000000e+01 1.112026359143327880e+01 1.944444444444444642e+01 1.666666666666666430e+01 7.000000000000000000e+00
3.400000000000000000e+01 1.235584843492586415e+01 2.500000000000000000e+01 1.666666666666666430e+01 9.000000000000000000e+00
3.500000000000000000e+01 1.025535420098846728e+01 3.611111111111110716e+01 1.666666666666666430e+01 1.300000000000000000e+01
3.600000000000000000e+01 1.177924217462932432e+01 3.333333333333332860e+01 1.666666666666666430e+01 1.200000000000000000e+01
3.700000000000000000e+01 1.025535420098846728e+01 2.222222222222222143e+01 1.666666666666666430e+01 8.000000000000000000e+00
3.800000000000000000e+01 1.017298187808896159e+01 3.333333333333332860e+01 1.666666666666666430e+01 1.200000000000000000e+01
3.900000000000000000e+01 9.925864909390444524e+00 3.333333333333332860e+01 1.666666666666666430e+01 1.200000000000000000e+01
4.000000000000000000e+01 1.009060955518945590e+01 3.888888888888889284e+01 1.666666666666666430e+01 1.400000000000000000e+01
4.100000000000000000e+01 9.514003294892916074e+00 3.888888888888889284e+01 1.666666666666666430e+01 1.400000000000000000e+01
4.200000000000000000e+01 1.058484349258649004e+01 4.722222222222222854e+01 1.666666666666666430e+01 1.700000000000000000e+01
4.300000000000000000e+01 9.925864909390444524e+00 1.944444444444444642e+01 1.666666666666666430e+01 7.000000000000000000e+00
4.400000000000000000e+01 1.050247116968698435e+01 2.777777777777777857e+01 1.666666666666666430e+01 1.000000000000000000e+01
4.500000000000000000e+01 1.083196046128500711e+01 3.055555555555555358e+01 1.666666666666666430e+01 1.100000000000000000e+01
4.600000000000000000e+01 1.083196046128500711e+01 3.055555555555555358e+01 1.666666666666666430e+01 1.100000000000000000e+01
4.700000000000000000e+01 9.637561779242174609e+00 3.611111111111110716e+01 1.666666666666666430e+01 1.300000000000000000e+01
4.800000000000000000e+01 9.719934102141680299e+00 2.500000000000000000e+01 1.666666666666666430e+01 9.000000000000000000e+00
4.900000000000000000e+01 9.843492586490938834e+00 3.055555555555555358e+01 1.666666666666666430e+01 1.100000000000000000e+01
5.000000000000000000e+01 9.143327841845140469e+00 2.777777777777777857e+01 1.666666666666666430e+01 1.000000000000000000e+01
5.100000000000000000e+01 9.060955518945634779e+00 4.166666666666667140e+01 1.666666666666666430e+01 1.500000000000000000e+01
5.200000000000000000e+01 9.308072487644151849e+00 3.055555555555555358e+01 1.666666666666666430e+01 1.100000000000000000e+01
5.300000000000000000e+01 8.319604612850081793e+00 3.055555555555555358e+01 1.666666666666666430e+01 1.100000000000000000e+01
5.400000000000000000e+01 8.772652388797364864e+00 1.666666666666666430e+01 1.666666666666666430e+01 6.000000000000000000e+00
5.500000000000000000e+01 8.237232289950576103e+00 2.222222222222222143e+01 1.666666666666666430e+01 8.000000000000000000e+00
5.600000000000000000e+01 8.607907742998351708e+00 2.777777777777777857e+01 1.666666666666666430e+01 1.000000000000000000e+01
5.700000000000000000e+01 8.484349258649094949e+00 2.500000000000000000e+01 1.666666666666666430e+01 9.000000000000000000e+00
5.800000000000000000e+01 8.649093904448106329e+00 3.055555555555555358e+01 1.666666666666666430e+01 1.100000000000000000e+01
5.900000000000000000e+01 8.690280065897857398e+00 2.777777777777777857e+01 1.666666666666666430e+01 1.000000000000000000e+01
6.000000000000000000e+01 7.619439868204283428e+00 3.611111111111110716e+01 1.666666666666666430e+01 1.300000000000000000e+01
6.100000000000000000e+01 8.813838550247117709e+00 2.500000000000000000e+01 1.666666666666666430e+01 9.000000000000000000e+00
6.200000000000000000e+01 8.443163097199340328e+00 1.944444444444444642e+01 1.666666666666666430e+01 7.000000000000000000e+00
6.300000000000000000e+01 8.237232289950576103e+00 1.111111111111111072e+01 1.666666666666666430e+01 4.000000000000000000e+00
6.400000000000000000e+01 7.454695222405272048e+00 1.944444444444444642e+01 1.666666666666666430e+01 7.000000000000000000e+00
6.500000000000000000e+01 7.742998352553541075e+00 2.500000000000000000e+01 1.666666666666666430e+01 9.000000000000000000e+00
6.600000000000000000e+01 8.566721581548600639e+00 1.666666666666666430e+01 1.666666666666666430e+01 6.000000000000000000e+00
6.700000000000000000e+01 9.102141680395387624e+00 1.111111111111111072e+01 1.666666666666666430e+01 4.000000000000000000e+00
6.800000000000000000e+01 9.102141680395387624e+00 1.944444444444444642e+01 1.666666666666666430e+01 7.000000000000000000e+00
6.900000000000000000e+01 9.555189456342668919e+00 1.666666666666666430e+01 1.666666666666666430e+01 6.000000000000000000e+00
7.000000000000000000e+01 8.154859967051070413e+00 1.944444444444444642e+01 1.666666666666666430e+01 7.000000000000000000e+00
7.100000000000000000e+01 8.649093904448106329e+00 1.666666666666666430e+01 1.666666666666666430e+01 6.000000000000000000e+00
7.200000000000000000e+01 8.566721581548600639e+00 2.500000000000000000e+01 1.666666666666666430e+01 9.000000000000000000e+00
7.300000000000000000e+01 9.472817133443163229e+00 1.666666666666666430e+01 1.666666666666666430e+01 6.000000000000000000e+00
7.400000000000000000e+01 9.678747940691927454e+00 1.111111111111111072e+01 2.222222222222222143e+01 4.000000000000000000e+00
7.500000000000000000e+01 9.225700164744646159e+00 1.111111111111111072e+01 1.944444444444444642e+01 4.000000000000000000e+00
7.600000000000000000e+01 8.690280065897857398e+00 8.333333333333332149e+00 1.944444444444444642e+01 3.000000000000000000e+00
7.700000000000000000e+01 9.225700164744646159e+00 1.111111111111111072e+01 1.388888888888888928e+01 4.000000000000000000e+00
7.800000000000000000e+01 8.772652388797364864e+00 1.666666666666666430e+01 5.555555555555555358e+00 6.000000000000000000e+00
7.900000000000000000e+01 9.349258649093904694e+00 1.388888888888888928e+01 0.000000000000000000e+00 5.000000000000000000e+00
8.000000000000000000e+01 9.678747940691927454e+00 1.666666666666666430e+01 0.000000000000000000e+00 6.000000000000000000e+00
8.100000000000000000e+01 1.021416803953871444e+01 1.666666666666666430e+01 0.000000000000000000e+00 6.000000000000000000e+00
8.200000000000000000e+01 9.967051070840197369e+00 3.055555555555555358e+01 0.000000000000000000e+00 1.100000000000000000e+01
8.300000000000000000e+01 8.772652388797364864e+00 1.944444444444444642e+01 0.000000000000000000e+00 7.000000000000000000e+00
8.400000000000000000e+01 9.390444810543657539e+00 2.500000000000000000e+01 0.000000000000000000e+00 9.000000000000000000e+00
8.500000000000000000e+01 8.690280065897857398e+00 1.944444444444444642e+01 0.000000000000000000e+00 7.000000000000000000e+00
8.600000000000000000e+01 9.925864909390444524e+00 1.944444444444444642e+01 0.000000000000000000e+00 7.000000000000000000e+00
8.700000000000000000e+01 8.401976935749589259e+00 2.222222222222222143e+01 0.000000000000000000e+00 8.000000000000000000e+00
8.800000000000000000e+01 8.113673805601317568e+00 2.777777777777777857e+01 0.000000000000000000e+00 1.000000000000000000e+01
8.900000000000000000e+01 8.566721581548600639e+00 1.388888888888888928e+01 0.000000000000000000e+00 5.000000000000000000e+00
9.000000000000000000e+01 8.607907742998351708e+00 1.944444444444444642e+01 0.000000000000000000e+00 7.000000000000000000e+00
9.100000000000000000e+01 8.978583196046129089e+00 1.388888888888888928e+01 0.000000000000000000e+00 5.000000000000000000e+00
9.200000000000000000e+01 9.349258649093904694e+00 1.388888888888888928e+01 0.000000000000000000e+00 5.000000000000000000e+00
9.300000000000000000e+01 9.967051070840197369e+00 1.388888888888888928e+01 0.000000000000000000e+00 5.000000000000000000e+00
9.400000000000000000e+01 8.649093904448106329e+00 1.944444444444444642e+01 0.000000000000000000e+00 7.000000000000000000e+00
9.500000000000000000e+01 8.937397034596376244e+00 3.055555555555555358e+01 2.777777777777777679e+00 1.100000000000000000e+01
9.600000000000000000e+01 9.472817133443163229e+00 1.388888888888888928e+01 8.333333333333332149e+00 5.000000000000000000e+00
9.700000000000000000e+01 9.514003294892916074e+00 1.388888888888888928e+01 1.111111111111111072e+01 5.000000000000000000e+00
9.800000000000000000e+01 8.772652388797364864e+00 2.222222222222222143e+01 1.666666666666666430e+01 8.000000000000000000e+00
9.900000000000000000e+01 8.855024711696870554e+00 3.333333333333332860e+01 1.944444444444444642e+01 1.200000000000000000e+01
1.000000000000000000e+02 8.690280065897857398e+00 3.055555555555555358e+01 2.222222222222222143e+01 1.100000000000000000e+01
1.010000000000000000e+02 9.143327841845140469e+00 4.166666666666667140e+01 3.055555555555555358e+01 1.500000000000000000e+01
1.020000000000000000e+02 9.802306425041185989e+00 3.333333333333332860e+01 2.500000000000000000e+01 1.200000000000000000e+01
1.030000000000000000e+02 9.843492586490938834e+00 5.555555555555555713e+01 2.500000000000000000e+01 2.000000000000000000e+01
1.040000000000000000e+02 9.884678747940691679e+00 2.222222222222222143e+01 2.777777777777777857e+01 8.000000000000000000e+00
1.050000000000000000e+02 1.021416803953871444e+01 2.777777777777777857e+01 2.500000000000000000e+01 1.000000000000000000e+01
1.060000000000000000e+02 1.017298187808896159e+01 3.055555555555555358e+01 2.777777777777777857e+01 1.100000000000000000e+01
1.070000000000000000e+02 1.009060955518945590e+01 2.500000000000000000e+01 2.500000000000000000e+01 9.000000000000000000e+00
1.080000000000000000e+02 9.390444810543657539e+00 4.166666666666667140e+01 1.944444444444444642e+01 1.500000000000000000e+01
1.090000000000000000e+02 9.431630971993410384e+00 1.944444444444444642e+01 3.333333333333332860e+01 7.000000000000000000e+00
1.100000000000000000e+02 1.000823723228995021e+01 3.055555555555555358e+01 1.388888888888888928e+01 1.100000000000000000e+01
1.110000000000000000e+02 9.967051070840197369e+00 3.333333333333332860e+01 1.388888888888888928e+01 1.200000000000000000e+01
1.120000000000000000e+02 1.070840197693575035e+01 4.166666666666667140e+01 1.388888888888888928e+01 1.500000000000000000e+01
1.130000000000000000e+02 9.308072487644151849e+00 3.611111111111110716e+01 1.666666666666666430e+01 1.300000000000000000e+01
1.140000000000000000e+02 1.029654036243822013e+01 2.222222222222222143e+01 1.666666666666666430e+01 8.000000000000000000e+00
1.150000000000000000e+02 1.029654036243822013e+01 4.444444444444444287e+01 1.666666666666666430e+01 1.600000000000000000e+01
1.160000000000000000e+02 1.033772652388797297e+01 1.388888888888888928e+01 1.944444444444444642e+01 5.000000000000000000e+00
1.170000000000000000e+02 9.761120263591433144e+00 2.500000000000000000e+01 2.500000000000000000e+01 9.000000000000000000e+00
1.180000000000000000e+02 1.021416803953871444e+01 1.944444444444444642e+01 3.055555555555555358e+01 7.000000000000000000e+00
1.190000000000000000e+02 9.802306425041185989e+00 2.777777777777777857e+01 2.500000000000000000e+01 1.000000000000000000e+01
1.200000000000000000e+02 1.050247116968698435e+01 2.222222222222222143e+01 3.611111111111110716e+01 8.000000000000000000e+00
1.210000000000000000e+02 9.802306425041185989e+00 3.055555555555555358e+01 2.500000000000000000e+01 1.100000000000000000e+01
1.220000000000000000e+02 9.802306425041185989e+00 2.777777777777777857e+01 2.777777777777777857e+01 1.000000000000000000e+01
1.230000000000000000e+02 9.349258649093904694e+00 3.055555555555555358e+01 1.944444444444444642e+01 1.100000000000000000e+01
1.240000000000000000e+02 8.443163097199340328e+00 4.166666666666667140e+01 1.388888888888888928e+01 1.500000000000000000e+01
1.250000000000000000e+02 9.266886326194399004e+00 1.666666666666666430e+01 2.222222222222222143e+01 6.000000000000000000e+00
1.260000000000000000e+02 8.649093904448106329e+00 3.055555555555555358e+01 1.388888888888888928e+01 1.100000000000000000e+01
1.270000000000000000e+02 8.937397034596376244e+00 3.611111111111110716e+01 1.111111111111111072e+01 1.300000000000000000e+01
1.280000000000000000e+02 9.102141680395387624e+00 2.777777777777777857e+01 1.388888888888888928e+01 1.000000000000000000e+01
1.290000000000000000e+02 8.566721581548600639e+00 3.333333333333332860e+01 1.944444444444444642e+01 1.200000000000000000e+01
1.300000000000000000e+02 9.349258649093904694e+00 2.777777777777777857e+01 1.666666666666666430e+01 1.000000000000000000e+01
1.310000000000000000e+02 9.555189456342668919e+00 2.500000000000000000e+01 1.944444444444444642e+01 9.000000000000000000e+00
1.320000000000000000e+02 1.000823723228995021e+01 3.055555555555555358e+01 1.111111111111111072e+01 1.100000000000000000e+01
1.330000000000000000e+02 9.802306425041185989e+00 1.944444444444444642e+01 5.555555555555555358e+00 7.000000000000000000e+00
1.340000000000000000e+02 1.042009884678747866e+01 3.333333333333332860e+01 0.000000000000000000e+00 1.200000000000000000e+01
1.350000000000000000e+02 9.555189456342668919e+00 2.500000000000000000e+01 0.000000000000000000e+00 9.000000000000000000e+00
1.360000000000000000e+02 9.843492586490938834e+00 3.888888888888889284e+01 0.000000000000000000e+00 1.400000000000000000e+01
1.370000000000000000e+02 9.678747940691927454e+00 2.222222222222222143e+01 0.000000000000000000e+00 8.000000000000000000e+00
1.380000000000000000e+02 8.731466227347612019e+00 2.777777777777777857e+01 0.000000000000000000e+00 1.000000000000000000e+01
1.390000000000000000e+02 8.319604612850081793e+00 3.055555555555555358e+01 0.000000000000000000e+00 1.100000000000000000e+01
1.400000000000000000e+02 8.649093904448106329e+00 3.611111111111110716e+01 0.000000000000000000e+00 1.300000000000000000e+01
1.410000000000000000e+02 8.196046128500823258e+00 2.777777777777777857e+01 0.000000000000000000e+00 1.000000000000000000e+01
1.420000000000000000e+02 8.196046128500823258e+00 3.611111111111110716e+01 0.000000000000000000e+00 1.300000000000000000e+01
1.430000000000000000e+02 8.443163097199340328e+00 1.388888888888888928e+01 0.000000000000000000e+00 5.000000000000000000e+00
1.440000000000000000e+02 7.866556836902800498e+00 1.111111111111111072e+01 0.000000000000000000e+00 4.000000000000000000e+00
1.450000000000000000e+02 7.166392092257001245e+00 1.388888888888888928e+01 0.000000000000000000e+00 5.000000000000000000e+00
1.460000000000000000e+02 7.701812191103789118e+00 1.666666666666666430e+01 0.000000000000000000e+00 6.000000000000000000e+00
1.470000000000000000e+02 7.619439868204283428e+00 1.388888888888888928e+01 0.000000000000000000e+00 5.000000000000000000e+00
1.480000000000000000e+02 7.042833607907743598e+00 1.388888888888888928e+01 0.000000000000000000e+00 5.000000000000000000e+00
1.490000000000000000e+02 7.495881383855024005e+00 2.500000000000000000e+01 0.000000000000000000e+00 9.000000000000000000e+00
1.500000000000000000e+02 7.207578253706754978e+00 2.222222222222222143e+01 0.000000000000000000e+00 8.000000000000000000e+00
1.510000000000000000e+02 7.866556836902800498e+00 2.777777777777777857e+01 0.000000000000000000e+00 1.000000000000000000e+01
1.520000000000000000e+02 7.001647446457989865e+00 3.055555555555555358e+01 0.000000000000000000e+00 1.100000000000000000e+01
1.530000000000000000e+02 8.401976935749589259e+00 3.333333333333332860e+01 0.000000000000000000e+00 1.200000000000000000e+01
1.540000000000000000e+02 6.960461285008237908e+00 2.777777777777777857e+01 0.000000000000000000e+00 1.000000000000000000e+01
1.550000000000000000e+02 7.495881383855024005e+00 2.222222222222222143e+01 0.000000000000000000e+00 8.000000000000000000e+00
1.560000000000000000e+02 7.042833607907743598e+00 1.666666666666666430e+01 0.000000000000000000e+00 6.000000000000000000e+00
1.570000000000000000e+02 7.166392092257001245e+00 1.666666666666666430e+01 0.000000000000000000e+00 6.000000000000000000e+00
1.580000000000000000e+02 7.125205930807249288e+00 1.666666666666666430e+01 0.000000000000000000e+00 6.000000000000000000e+00
1.590000000000000000e+02 7.207578253706754978e+00 2.222222222222222143e+01 0.000000000000000000e+00 8.000000000000000000e+00
1.600000000000000000e+02 7.537067545304777738e+00 1.666666666666666430e+01 0.000000000000000000e+00 6.000000000000000000e+00
1.610000000000000000e+02 7.495881383855024005e+00 2.222222222222222143e+01 0.000000000000000000e+00 8.000000000000000000e+00
1.620000000000000000e+02 7.289950576606260668e+00 2.777777777777777857e+01 0.000000000000000000e+00 1.000000000000000000e+01
1.630000000000000000e+02 7.207578253706754978e+00 4.444444444444444287e+01 0.000000000000000000e+00 1.600000000000000000e+01
1.640000000000000000e+02 7.660626029654035385e+00 2.500000000000000000e+01 0.000000000000000000e+00 9.000000000000000000e+00
1.650000000000000000e+02 7.372322899505766358e+00 3.888888888888889284e+01 0.000000000000000000e+00 1.400000000000000000e+01
1.660000000000000000e+02 7.907742998352553343e+00 2.777777777777777857e+01 0.000000000000000000e+00 1.000000000000000000e+01
1.670000000000000000e+02 8.360790774299834638e+00 1.944444444444444642e+01 0.000000000000000000e+00 7.000000000000000000e+00
1.680000000000000000e+02 7.660626029654035385e+00 1.666666666666666430e+01 0.000000000000000000e+00 6.000000000000000000e+00
1.690000000000000000e+02 7.248764415156506935e+00 3.055555555555555358e+01 0.000000000000000000e+00 1.100000000000000000e+01
1.700000000000000000e+02 7.495881383855024005e+00 3.333333333333332860e+01 0.000000000000000000e+00 1.200000000000000000e+01
1.710000000000000000e+02 7.084019769357495555e+00 4.166666666666667140e+01 0.000000000000000000e+00 1.500000000000000000e+01
1.720000000000000000e+02 6.672158154859967105e+00 3.055555555555555358e+01 0.000000000000000000e+00 1.100000000000000000e+01
1.730000000000000000e+02 7.207578253706754978e+00 1.666666666666666430e+01 0.000000000000000000e+00 6.000000000000000000e+00
1.740000000000000000e+02 6.836902800658978485e+00 1.111111111111111072e+01 0.000000000000000000e+00 4.000000000000000000e+00
1.750000000000000000e+02 7.001647446457989865e+00 1.666666666666666430e+01 0.000000000000000000e+00 6.000000000000000000e+00
1.760000000000000000e+02 7.248764415156506935e+00 1.666666666666666430e+01 0.000000000000000000e+00 6.000000000000000000e+00
1.770000000000000000e+02 7.166392092257001245e+00 1.944444444444444642e+01 0.000000000000000000e+00 7.000000000000000000e+00
1.780000000000000000e+02 7.289950576606260668e+00 2.222222222222222143e+01 0.000000000000000000e+00 8.000000000000000000e+00
1.790000000000000000e+02 7.660626029654035385e+00 1.944444444444444642e+01 0.000000000000000000e+00 7.000000000000000000e+00
1.800000000000000000e+02 7.331136738056012625e+00 1.944444444444444642e+01 0.000000000000000000e+00 7.000000000000000000e+00
1.810000000000000000e+02 7.537067545304777738e+00 2.500000000000000000e+01 0.000000000000000000e+00 9.000000000000000000e+00
1.820000000000000000e+02 7.042833607907743598e+00 2.500000000000000000e+01 0.000000000000000000e+00 9.000000000000000000e+00
1.830000000000000000e+02 7.166392092257001245e+00 2.222222222222222143e+01 0.000000000000000000e+00 8.000000000000000000e+00
1.840000000000000000e+02 7.001647446457989865e+00 3.333333333333332860e+01 0.000000000000000000e+00 1.200000000000000000e+01
1.850000000000000000e+02 7.660626029654035385e+00 3.055555555555555358e+01 0.000000000000000000e+00 1.100000000000000000e+01
1.860000000000000000e+02 7.166392092257001245e+00 5.000000000000000000e+01 0.000000000000000000e+00 1.800000000000000000e+01
1.870000000000000000e+02 8.525535420098846018e+00 1.111111111111111072e+01 0.000000000000000000e+00 4.000000000000000000e+00
1.880000000000000000e+02 8.196046128500823258e+00 5.555555555555555358e+00 0.000000000000000000e+00 2.000000000000000000e+00
1.890000000000000000e+02 8.813838550247117709e+00 5.555555555555555358e+00 0.000000000000000000e+00 2.000000000000000000e+00
1.900000000000000000e+02 8.978583196046129089e+00 5.555555555555555358e+00 0.000000000000000000e+00 2.000000000000000000e+00
1.910000000000000000e+02 8.401976935749589259e+00 1.111111111111111072e+01 0.000000000000000000e+00 4.000000000000000000e+00
1.920000000000000000e+02 7.660626029654035385e+00 1.388888888888888928e+01 0.000000000000000000e+00 5.000000000000000000e+00
1.930000000000000000e+02 8.360790774299834638e+00 8.333333333333332149e+00 0.000000000000000000e+00 3.000000000000000000e+00
1.940000000000000000e+02 8.649093904448106329e+00 1.666666666666666430e+01 0.000000000000000000e+00 6.000000000000000000e+00
1.950000000000000000e+02 9.761120263591433144e+00 1.388888888888888928e+01 0.000000000000000000e+00 5.000000000000000000e+00
1.960000000000000000e+02 8.937397034596376244e+00 2.500000000000000000e+01 0.000000000000000000e+00 9.000000000000000000e+00
1.970000000000000000e+02 9.802306425041185989e+00 1.944444444444444642e+01 0.000000000000000000e+00 7.000000000000000000e+00
1.980000000000000000e+02 9.019769357495881934e+00 3.888888888888889284e+01 0.000000000000000000e+00 1.400000000000000000e+01
1.990000000000000000e+02 1.025535420098846728e+01 3.611111111111110716e+01 0.000000000000000000e+00 1.300000000000000000e+01
2.000000000000000000e+02 9.102141680395387624e+00 2.222222222222222143e+01 0.000000000000000000e+00 8.000000000000000000e+00
2.010000000000000000e+02 8.896210873146623399e+00 2.777777777777777857e+01 0.000000000000000000e+00 1.000000000000000000e+01
2.020000000000000000e+02 8.443163097199340328e+00 1.944444444444444642e+01 0.000000000000000000e+00 7.000000000000000000e+00
2.030000000000000000e+02 8.196046128500823258e+00 2.500000000000000000e+01 0.000000000000000000e+00 9.000000000000000000e+00
2.040000000000000000e+02 7.784184514003294808e+00 3.888888888888889284e+01 0.000000000000000000e+00 1.400000000000000000e+01
2.050000000000000000e+02 8.072487644151564723e+00 2.500000000000000000e+01 0.000000000000000000e+00 9.000000000000000000e+00
2.060000000000000000e+02 7.660626029654035385e+00 2.500000000000000000e+01 0.000000000000000000e+00 9.000000000000000000e+00
2.070000000000000000e+02 8.443163097199340328e+00 3.611111111111110716e+01 0.000000000000000000e+00 1.300000000000000000e+01
2.080000000000000000e+02 8.360790774299834638e+00 3.055555555555555358e+01 0.000000000000000000e+00 1.100000000000000000e+01
2.090000000000000000e+02 8.113673805601317568e+00 5.000000000000000000e+01 0.000000000000000000e+00 1.800000000000000000e+01
2.100000000000000000e+02 8.443163097199340328e+00 3.888888888888889284e+01 0.000000000000000000e+00 1.400000000000000000e+01
2.110000000000000000e+02 9.555189456342668919e+00 3.611111111111110716e+01 0.000000000000000000e+00 1.300000000000000000e+01
2.120000000000000000e+02 8.978583196046129089e+00 3.888888888888889284e+01 0.000000000000000000e+00 1.400000000000000000e+01
2.130000000000000000e+02 8.484349258649094949e+00 4.166666666666667140e+01 0.000000000000000000e+00 1.500000000000000000e+01
2.140000000000000000e+02 9.802306425041185989e+00 3.333333333333332860e+01 0.000000000000000000e+00 1.200000000000000000e+01
2.150000000000000000e+02 9.472817133443163229e+00 3.333333333333332860e+01 0.000000000000000000e+00 1.200000000000000000e+01
2.160000000000000000e+02 9.390444810543657539e+00 2.777777777777777857e+01 0.000000000000000000e+00 1.000000000000000000e+01
2.170000000000000000e+02 1.013179571663920875e+01 3.611111111111110716e+01 0.000000000000000000e+00 1.300000000000000000e+01
2.180000000000000000e+02 1.009060955518945590e+01 2.222222222222222143e+01 0.000000000000000000e+00 8.000000000000000000e+00
2.190000000000000000e+02 9.925864909390444524e+00 1.666666666666666430e+01 0.000000000000000000e+00 6.000000000000000000e+00
2.200000000000000000e+02 9.925864909390444524e+00 2.500000000000000000e+01 0.000000000000000000e+00 9.000000000000000000e+00
2.210000000000000000e+02 1.066721581548599573e+01 8.333333333333332149e+00 0.000000000000000000e+00 3.000000000000000000e+00
2.220000000000000000e+02 1.033772652388797297e+01 2.777777777777777679e+00 0.000000000000000000e+00 1.000000000000000000e+00
2.230000000000000000e+02 9.802306425041185989e+00 5.555555555555555358e+00 0.000000000000000000e+00 2.000000000000000000e+00
2.240000000000000000e+02 8.896210873146623399e+00 8.333333333333332149e+00 0.000000000000000000e+00 3.000000000000000000e+00
2.250000000000000000e+02 9.266886326194399004e+00 1.388888888888888928e+01 0.000000000000000000e+00 5.000000000000000000e+00
2.260000000000000000e+02 9.349258649093904694e+00 1.111111111111111072e+01 0.000000000000000000e+00 4.000000000000000000e+00
2.270000000000000000e+02 8.690280065897857398e+00 8.333333333333332149e+00 0.000000000000000000e+00 3.000000000000000000e+00
2.280000000000000000e+02 8.443163097199340328e+00 8.333333333333332149e+00 0.000000000000000000e+00 3.000000000000000000e+00
2.290000000000000000e+02 9.225700164744646159e+00 1.111111111111111072e+01 0.000000000000000000e+00 4.000000000000000000e+00
2.300000000000000000e+02 8.154859967051070413e+00 2.222222222222222143e+01 0.000000000000000000e+00 8.000000000000000000e+00
2.310000000000000000e+02 9.349258649093904694e+00 1.944444444444444642e+01 0.000000000000000000e+00 7.000000000000000000e+00
2.320000000000000000e+02 8.278418451400328948e+00 2.500000000000000000e+01 0.000000000000000000e+00 9.000000000000000000e+00
2.330000000000000000e+02 8.401976935749589259e+00 2.500000000000000000e+01 0.000000000000000000e+00 9.000000000000000000e+00
2.340000000000000000e+02 9.225700164744646159e+00 1.944444444444444642e+01 0.000000000000000000e+00 7.000000000000000000e+00
2.350000000000000000e+02 9.637561779242174609e+00 1.111111111111111072e+01 0.000000000000000000e+00 4.000000000000000000e+00
2.360000000000000000e+02 9.555189456342668919e+00 2.500000000000000000e+01 0.000000000000000000e+00 9.000000000000000000e+00
2.370000000000000000e+02 9.514003294892916074e+00 1.111111111111111072e+01 0.000000000000000000e+00 4.000000000000000000e+00
2.380000000000000000e+02 9.802306425041185989e+00 1.388888888888888928e+01 0.000000000000000000e+00 5.000000000000000000e+00
2.390000000000000000e+02 9.925864909390444524e+00 1.666666666666666430e+01 0.000000000000000000e+00 6.000000000000000000e+00
2.400000000000000000e+02 9.761120263591433144e+00 1.388888888888888928e+01 0.000000000000000000e+00 5.000000000000000000e+00
2.410000000000000000e+02 9.143327841845140469e+00 1.944444444444444642e+01 0.000000000000000000e+00 7.000000000000000000e+00
2.420000000000000000e+02 8.484349258649094949e+00 2.222222222222222143e+01 0.000000000000000000e+00 8.000000000000000000e+00
2.430000000000000000e+02 7.578253706754529695e+00 2.777777777777777857e+01 0.000000000000000000e+00 1.000000000000000000e+01
2.440000000000000000e+02 7.619439868204283428e+00 4.166666666666667140e+01 0.000000000000000000e+00 1.500000000000000000e+01
2.450000000000000000e+02 7.619439868204283428e+00 3.055555555555555358e+01 0.000000000000000000e+00 1.100000000000000000e+01
2.460000000000000000e+02 7.701812191103789118e+00 4.722222222222222854e+01 0.000000000000000000e+00 1.700000000000000000e+01
2.470000000000000000e+02 7.331136738056012625e+00 4.722222222222222854e+01 0.000000000000000000e+00 1.700000000000000000e+01
2.480000000000000000e+02 7.948929159802306188e+00 3.055555555555555358e+01 0.000000000000000000e+00 1.100000000000000000e+01
2.490000000000000000e+02 8.525535420098846018e+00 4.166666666666667140e+01 0.000000000000000000e+00 1.500000000000000000e+01
2.500000000000000000e+02 9.225700164744646159e+00 4.166666666666667140e+01 0.000000000000000000e+00 1.500000000000000000e+01
2.510000000000000000e+02 8.855024711696870554e+00 2.500000000000000000e+01 0.000000000000000000e+00 9.000000000000000000e+00
2.520000000000000000e+02 9.102141680395387624e+00 2.777777777777777857e+01 0.000000000000000000e+00 1.000000000000000000e+01
2.530000000000000000e+02 8.566721581548600639e+00 3.055555555555555358e+01 0.000000000000000000e+00 1.100000000000000000e+01
2.540000000000000000e+02 8.443163097199340328e+00 4.166666666666667140e+01 0.000000000000000000e+00 1.500000000000000000e+01
2.550000000000000000e+02 8.896210873146623399e+00 2.500000000000000000e+01 0.000000000000000000e+00 9.000000000000000000e+00
2.560000000000000000e+02 9.102141680395387624e+00 3.055555555555555358e+01 0.000000000000000000e+00 1.100000000000000000e+01
2.570000000000000000e+02 8.484349258649094949e+00 3.055555555555555358e+01 0.000000000000000000e+00 1.100000000000000000e+01
2.580000000000000000e+02 9.514003294892916074e+00 3.055555555555555358e+01 0.000000000000000000e+00 1.100000000000000000e+01
2.590000000000000000e+02 9.143327841845140469e+00 3.888888888888889284e+01 0.000000000000000000e+00 1.400000000000000000e+01
2.600000000000000000e+02 1.013179571663920875e+01 4.166666666666667140e+01 0.000000000000000000e+00 1.500000000000000000e+01
2.610000000000000000e+02 9.060955518945634779e+00 3.888888888888889284e+01 0.000000000000000000e+00 1.400000000000000000e+01
2.620000000000000000e+02 9.225700164744646159e+00 2.777777777777777857e+01 0.000000000000000000e+00 1.000000000000000000e+01
2.630000000000000000e+02 8.566721581548600639e+00 2.500000000000000000e+01 0.000000000000000000e+00 9.000000000000000000e+00
2.640000000000000000e+02 8.978583196046129089e+00 2.222222222222222143e+01 0.000000000000000000e+00 8.000000000000000000e+00
2.650000000000000000e+02 8.731466227347612019e+00 1.944444444444444642e+01 0.000000000000000000e+00 7.000000000000000000e+00
2.660000000000000000e+02 7.825370675453047653e+00 1.944444444444444642e+01 0.000000000000000000e+00 7.000000000000000000e+00
2.670000000000000000e+02 8.113673805601317568e+00 3.055555555555555358e+01 0.000000000000000000e+00 1.100000000000000000e+01
2.680000000000000000e+02 7.866556836902800498e+00 2.777777777777777857e+01 0.000000000000000000e+00 1.000000000000000000e+01
2.690000000000000000e+02 8.607907742998351708e+00 2.222222222222222143e+01 0.000000000000000000e+00 8.000000000000000000e+00
2.700000000000000000e+02 9.143327841845140469e+00 2.500000000000000000e+01 0.000000000000000000e+00 9.000000000000000000e+00
2.710000000000000000e+02 8.855024711696870554e+00 2.222222222222222143e+01 0.000000000000000000e+00 8.000000000000000000e+00
2.720000000000000000e+02 8.525535420098846018e+00 3.055555555555555358e+01 0.000000000000000000e+00 1.100000000000000000e+01
2.730000000000000000e+02 8.525535420098846018e+00 3.333333333333332860e+01 0.000000000000000000e+00 1.200000000000000000e+01
2.740000000000000000e+02 8.690280065897857398e+00 2.222222222222222143e+01 0.000000000000000000e+00 8.000000000000000000e+00
2.750000000000000000e+02 8.978583196046129089e+00 2.777777777777777857e+01 0.000000000000000000e+00 1.000000000000000000e+01
2.760000000000000000e+02 8.937397034596376244e+00 2.500000000000000000e+01 0.000000000000000000e+00 9.000000000000000000e+00
2.770000000000000000e+02 9.390444810543657539e+00 2.777777777777777857e+01 0.000000000000000000e+00 1.000000000000000000e+01
2.780000000000000000e+02 9.102141680395387624e+00 3.611111111111110716e+01 0.000000000000000000e+00 1.300000000000000000e+01
2.790000000000000000e+02 9.802306425041185989e+00 3.888888888888889284e+01 0.000000000000000000e+00 1.400000000000000000e+01
2.800000000000000000e+02 1.004942339373970306e+01 2.222222222222222143e+01 0.000000000000000000e+00 8.000000000000000000e+00
2.810000000000000000e+02 9.102141680395387624e+00 4.444444444444444287e+01 0.000000000000000000e+00 1.600000000000000000e+01
2.820000000000000000e+02 8.855024711696870554e+00 1.944444444444444642e+01 0.000000000000000000e+00 7.000000000000000000e+00
2.830000000000000000e+02 8.031301482701811878e+00 2.222222222222222143e+01 0.000000000000000000e+00 8.000000000000000000e+00
2.840000000000000000e+02 8.154859967051070413e+00 1.666666666666666430e+01 0.000000000000000000e+00 6.000000000000000000e+00
2.850000000000000000e+02 7.454695222405272048e+00 1.944444444444444642e+01 0.000000000000000000e+00 7.000000000000000000e+00
2.860000000000000000e+02 7.125205930807249288e+00 1.944444444444444642e+01 0.000000000000000000e+00 7.000000000000000000e+00
2.870000000000000000e+02 7.619439868204283428e+00 1.388888888888888928e+01 0.000000000000000000e+00 5.000000000000000000e+00
2.880000000000000000e+02 7.784184514003294808e+00 2.222222222222222143e+01 0.000000000000000000e+00 8.000000000000000000e+00
2.890000000000000000e+02 8.278418451400328948e+00 2.222222222222222143e+01 0.000000000000000000e+00 8.000000000000000000e+00
2.900000000000000000e+02 8.443163097199340328e+00 3.055555555555555358e+01 0.000000000000000000e+00 1.100000000000000000e+01
2.910000000000000000e+02 8.319604612850081793e+00 3.888888888888889284e+01 0.000000000000000000e+00 1.400000000000000000e+01
2.920000000000000000e+02 7.537067545304777738e+00 4.166666666666667140e+01 0.000000000000000000e+00 1.500000000000000000e+01
2.930000000000000000e+02 8.196046128500823258e+00 4.444444444444444287e+01 0.000000000000000000e+00 1.600000000000000000e+01
2.940000000000000000e+02 8.772652388797364864e+00 2.222222222222222143e+01 0.000000000000000000e+00 8.000000000000000000e+00
2.950000000000000000e+02 8.484349258649094949e+00 2.777777777777777857e+01 0.000000000000000000e+00 1.000000000000000000e+01
2.960000000000000000e+02 9.143327841845140469e+00 3.333333333333332860e+01 0.000000000000000000e+00 1.200000000000000000e+01
2.970000000000000000e+02 8.896210873146623399e+00 4.444444444444444287e+01 0.000000000000000000e+00 1.600000000000000000e+01
2.980000000000000000e+02 8.154859967051070413e+00 5.555555555555555713e+01 0.000000000000000000e+00 2.000000000000000000e+01
2.990000000000000000e+02 9.719934102141680299e+00 3.055555555555555358e+01 0.000000000000000000e+00 1.100000000000000000e+01
3.000000000000000000e+02 9.060955518945634779e+00 3.888888888888889284e+01 0.000000000000000000e+00 1.400000000000000000e+01
3.010000000000000000e+02 1.000823723228995021e+01 3.333333333333332860e+01 0.000000000000000000e+00 1.200000000000000000e+01
3.020000000000000000e+02 9.184514003294893314e+00 4.444444444444444287e+01 0.000000000000000000e+00 1.600000000000000000e+01
3.030000000000000000e+02 9.925864909390444524e+00 4.166666666666667140e+01 0.000000000000000000e+00 1.500000000000000000e+01
3.040000000000000000e+02 9.884678747940691679e+00 6.111111111111110716e+01 0.000000000000000000e+00 2.200000000000000000e+01
3.050000000000000000e+02 1.046128500823723328e+01 8.333333333333332149e+00 0.000000000000000000e+00 3.000000000000000000e+00
3.060000000000000000e+02 9.925864909390444524e+00 1.388888888888888928e+01 0.000000000000000000e+00 5.000000000000000000e+00
3.070000000000000000e+02 1.042009884678747866e+01 1.944444444444444642e+01 0.000000000000000000e+00 7.000000000000000000e+00
3.080000000000000000e+02 9.019769357495881934e+00 2.222222222222222143e+01 0.000000000000000000e+00 8.000000000000000000e+00
3.090000000000000000e+02 9.143327841845140469e+00 2.222222222222222143e+01 0.000000000000000000e+00 8.000000000000000000e+00
3.100000000000000000e+02 8.319604612850081793e+00 2.500000000000000000e+01 0.000000000000000000e+00 9.000000000000000000e+00
3.110000000000000000e+02 8.813838550247117709e+00 1.666666666666666430e+01 0.000000000000000000e+00 6.000000000000000000e+00
3.120000000000000000e+02 7.866556836902800498e+00 2.222222222222222143e+01 0.000000000000000000e+00 8.000000000000000000e+00
3.130000000000000000e+02 7.907742998352553343e+00 2.222222222222222143e+01 0.000000000000000000e+00 8.000000000000000000e+00
3.140000000000000000e+02 7.001647446457989865e+00 3.055555555555555358e+01 0.000000000000000000e+00 1.100000000000000000e+01
3.150000000000000000e+02 7.907742998352553343e+00 2.777777777777777857e+01 0.000000000000000000e+00 1.000000000000000000e+01
3.160000000000000000e+02 8.196046128500823258e+00 1.666666666666666430e+01 0.000000000000000000e+00 6.000000000000000000e+00
3.170000000000000000e+02 9.431630971993410384e+00 3.611111111111110716e+01 0.000000000000000000e+00 1.300000000000000000e+01
3.180000000000000000e+02 8.896210873146623399e+00 1.666666666666666430e+01 2.777777777777777679e+00 6.000000000000000000e+00
3.190000000000000000e+02 9.967051070840197369e+00 2.500000000000000000e+01 5.555555555555555358e+00 9.000000000000000000e+00
3.200000000000000000e+02 9.143327841845140469e+00 3.055555555555555358e+01 5.555555555555555358e+00 1.100000000000000000e+01
3.210000000000000000e+02 1.079077429983525604e+01 2.777777777777777857e+01 0.000000000000000000e+00 1.000000000000000000e+01
3.220000000000000000e+02 1.013179571663920875e+01 3.611111111111110716e+01 0.000000000000000000e+00 1.300000000000000000e+01
3.230000000000000000e+02 1.144975288303130156e+01 1.666666666666666430e+01 2.777777777777777679e+00 6.000000000000000000e+00
3.240000000000000000e+02 1.161449752883031294e+01 1.944444444444444642e+01 8.333333333333332149e+00 7.000000000000000000e+00
3.250000000000000000e+02 1.202635914332784139e+01 1.111111111111111072e+01 5.555555555555555358e+00 4.000000000000000000e+00
3.260000000000000000e+02 1.033772652388797297e+01 1.944444444444444642e+01 5.555555555555555358e+00 7.000000000000000000e+00
3.270000000000000000e+02 9.596375617792421764e+00 3.333333333333332860e+01 1.111111111111111072e+01 1.200000000000000000e+01
3.280000000000000000e+02 9.719934102141680299e+00 2.777777777777777857e+01 1.666666666666666430e+01 1.000000000000000000e+01
3.290000000000000000e+02 9.514003294892916074e+00 3.333333333333332860e+01 1.388888888888888928e+01 1.200000000000000000e+01
3.300000000000000000e+02 9.719934102141680299e+00 2.222222222222222143e+01 8.333333333333332149e+00 8.000000000000000000e+00
3.310000000000000000e+02 9.925864909390444524e+00 2.500000000000000000e+01 1.944444444444444642e+01 9.000000000000000000e+00
3.320000000000000000e+02 9.431630971993410384e+00 1.666666666666666430e+01 1.388888888888888928e+01 6.000000000000000000e+00
3.330000000000000000e+02 9.308072487644151849e+00 1.666666666666666430e+01 1.111111111111111072e+01 6.000000000000000000e+00
3.340000000000000000e+02 9.266886326194399004e+00 1.388888888888888928e+01 2.222222222222222143e+01 5.000000000000000000e+00
3.350000000000000000e+02 8.443163097199340328e+00 1.666666666666666430e+01 1.666666666666666430e+01 6.000000000000000000e+00
3.360000000000000000e+02 8.937397034596376244e+00 1.666666666666666430e+01 8.333333333333332149e+00 6.000000000000000000e+00
3.370000000000000000e+02 8.319604612850081793e+00 2.500000000000000000e+01 5.555555555555555358e+00 9.000000000000000000e+00
3.380000000000000000e+02 8.937397034596376244e+00 1.388888888888888928e+01 0.000000000000000000e+00 5.000000000000000000e+00
3.390000000000000000e+02 8.443163097199340328e+00 2.500000000000000000e+01 2.777777777777777679e+00 9.000000000000000000e+00
3.400000000000000000e+02 8.237232289950576103e+00 2.500000000000000000e+01 2.777777777777777679e+00 9.000000000000000000e+00
3.410000000000000000e+02 8.566721581548600639e+00 4.166666666666667140e+01 5.555555555555555358e+00 1.500000000000000000e+01
3.420000000000000000e+02 8.360790774299834638e+00 1.944444444444444642e+01 5.555555555555555358e+00 7.000000000000000000e+00
3.430000000000000000e+02 8.525535420098846018e+00 1.388888888888888928e+01 1.111111111111111072e+01 5.000000000000000000e+00
3.440000000000000000e+02 7.784184514003294808e+00 1.944444444444444642e+01 1.388888888888888928e+01 7.000000000000000000e+00
3.450000000000000000e+02 8.937397034596376244e+00 1.666666666666666430e+01 1.388888888888888928e+01 6.000000000000000000e+00
3.460000000000000000e+02 8.319604612850081793e+00 8.333333333333332149e+00 1.388888888888888928e+01 3.000000000000000000e+00
3.470000000000000000e+02 8.855024711696870554e+00 1.388888888888888928e+01 1.388888888888888928e+01 5.000000000000000000e+00
3.480000000000000000e+02 8.484349258649094949e+00 1.388888888888888928e+01 1.666666666666666430e+01 5.000000000000000000e+00
3.490000000000000000e+02 8.319604612850081793e+00 2.222222222222222143e+01 1.388888888888888928e+01 8.000000000000000000e+00
3.500000000000000000e+02 8.031301482701811878e+00 1.666666666666666430e+01 2.222222222222222143e+01 6.000000000000000000e+00
3.510000000000000000e+02 7.784184514003294808e+00 1.666666666666666430e+01 1.944444444444444642e+01 6.000000000000000000e+00
3.520000000000000000e+02 8.031301482701811878e+00 1.388888888888888928e+01 3.611111111111110716e+01 5.000000000000000000e+00
3.530000000000000000e+02 7.742998352553541075e+00 1.111111111111111072e+01 1.944444444444444642e+01 4.000000000000000000e+00
3.540000000000000000e+02 8.196046128500823258e+00 1.666666666666666430e+01 1.388888888888888928e+01 6.000000000000000000e+00
3.550000000000000000e+02 7.413509060955518315e+00 1.388888888888888928e+01 1.111111111111111072e+01 5.000000000000000000e+00
3.560000000000000000e+02 8.196046128500823258e+00 1.388888888888888928e+01 1.388888888888888928e+01 5.000000000000000000e+00
3.570000000000000000e+02 8.196046128500823258e+00 1.944444444444444642e+01 1.388888888888888928e+01 7.000000000000000000e+00
3.580000000000000000e+02 9.019769357495881934e+00 1.388888888888888928e+01 1.388888888888888928e+01 5.000000000000000000e+00
3.590000000000000000e+02 7.990115321252059033e+00 1.666666666666666430e+01 2.222222222222222143e+01 6.000000000000000000e+00
3.600000000000000000e+02 8.031301482701811878e+00 2.222222222222222143e+01 1.388888888888888928e+01 8.000000000000000000e+00
3.610000000000000000e+02 7.331136738056012625e+00 3.055555555555555358e+01 1.666666666666666430e+01 1.100000000000000000e+01
3.620000000000000000e+02 7.125205930807249288e+00 2.222222222222222143e+01 2.500000000000000000e+01 8.000000000000000000e+00
3.630000000000000000e+02 7.413509060955518315e+00 2.777777777777777857e+01 1.666666666666666430e+01 1.000000000000000000e+01
3.640000000000000000e+02 7.619439868204283428e+00 2.222222222222222143e+01 1.666666666666666430e+01 8.000000000000000000e+00
3.650000000000000000e+02 8.113673805601317568e+00 2.777777777777777857e+01 8.333333333333332149e+00 1.000000000000000000e+01
3.660000000000000000e+02 8.443163097199340328e+00 2.777777777777777857e+01 1.944444444444444642e+01 1.000000000000000000e+01
3.670000000000000000e+02 8.031301482701811878e+00 3.611111111111110716e+01 5.555555555555555358e+00 1.300000000000000000e+01
3.680000000000000000e+02 8.896210873146623399e+00 2.500000000000000000e+01 0.000000000000000000e+00 9.000000000000000000e+00
3.690000000000000000e+02 8.813838550247117709e+00 2.777777777777777857e+01 0.000000000000000000e+00 1.000000000000000000e+01
3.700000000000000000e+02 8.978583196046129089e+00 3.611111111111110716e+01 0.000000000000000000e+00 1.300000000000000000e+01
3.710000000000000000e+02 9.349258649093904694e+00 8.333333333333332149e+00 0.000000000000000000e+00 3.000000000000000000e+00
3.720000000000000000e+02 8.813838550247117709e+00 5.555555555555555358e+00 0.000000000000000000e+00 2.000000000000000000e+00
3.730000000000000000e+02 9.637561779242174609e+00 1.111111111111111072e+01 0.000000000000000000e+00 4.000000000000000000e+00
3.740000000000000000e+02 9.225700164744646159e+00 1.944444444444444642e+01 0.000000000000000000e+00 7.000000000000000000e+00
3.750000000000000000e+02 9.431630971993410384e+00 8.333333333333332149e+00 0.000000000000000000e+00 3.000000000000000000e+00
3.760000000000000000e+02 9.596375617792421764e+00 8.333333333333332149e+00 0.000000000000000000e+00 3.000000000000000000e+00
3.770000000000000000e+02 9.596375617792421764e+00 2.777777777777777679e+00 0.000000000000000000e+00 1.000000000000000000e+00
3.780000000000000000e+02 9.390444810543657539e+00 0.000000000000000000e+00 0.000000000000000000e+00 -6.000000000000000000e+03
