# step, world, group,control
0.000000000000000000e+00 2.582372322899506045e+01 4.444444444444444287e+01 2.500000000000000000e+01 1.600000000000000000e+01
1.000000000000000000e+00 2.302306425041186344e+01 3.055555555555555358e+01 3.611111111111110716e+01 1.100000000000000000e+01
2.000000000000000000e+00 2.347611202635914296e+01 5.833333333333333570e+01 5.555555555555555713e+01 2.100000000000000000e+01
3.000000000000000000e+00 2.285831960461285206e+01 2.777777777777777857e+01 2.777777777777777857e+01 1.000000000000000000e+01
4.000000000000000000e+00 2.310543657331136558e+01 3.611111111111110716e+01 1.388888888888888928e+01 1.300000000000000000e+01
5.000000000000000000e+00 2.191103789126853485e+01 3.055555555555555358e+01 2.777777777777777679e+00 1.100000000000000000e+01
6.000000000000000000e+00 2.331136738056013158e+01 4.444444444444444287e+01 0.000000000000000000e+00 1.600000000000000000e+01
7.000000000000000000e+00 2.269357495881384068e+01 3.611111111111110716e+01 5.555555555555555358e+00 1.300000000000000000e+01
8.000000000000000000e+00 2.079901153212520626e+01 4.166666666666667140e+01 2.777777777777777679e+00 1.500000000000000000e+01
9.000000000000000000e+00 2.257001647446458037e+01 2.222222222222222143e+01 0.000000000000000000e+00 8.000000000000000000e+00
1.000000000000000000e+01 2.228171334431630868e+01 3.333333333333332860e+01 2.777777777777777679e+00 1.200000000000000000e+01
1.100000000000000000e+01 2.112850082372322902e+01 5.000000000000000000e+01 5.555555555555555358e+00 1.800000000000000000e+01
1.200000000000000000e+01 2.112850082372322902e+01 1.388888888888888928e+01 2.777777777777777679e+00 5.000000000000000000e+00
1.300000000000000000e+01 1.911037891268533784e+01 1.666666666666666430e+01 2.777777777777777679e+00 6.000000000000000000e+00
1.400000000000000000e+01 1.762767710049423542e+01 1.944444444444444642e+01 2.777777777777777679e+00 7.000000000000000000e+00
1.500000000000000000e+01 1.853377265238879801e+01 2.222222222222222143e+01 2.777777777777777679e+00 8.000000000000000000e+00
1.600000000000000000e+01 1.808072487644151494e+01 4.166666666666667140e+01 2.777777777777777679e+00 1.500000000000000000e+01
1.700000000000000000e+01 1.832784184514003201e+01 3.333333333333332860e+01 2.777777777777777679e+00 1.200000000000000000e+01
1.800000000000000000e+01 1.948105436573311522e+01 3.611111111111110716e+01 8.333333333333332149e+00 1.300000000000000000e+01
1.900000000000000000e+01 1.783360790774299787e+01 3.888888888888889284e+01 8.333333333333332149e+00 1.400000000000000000e+01
2.000000000000000000e+01 1.803953871499176387e+01 2.777777777777777857e+01 8.333333333333332149e+00 1.000000000000000000e+01
2.100000000000000000e+01 1.688632619439868066e+01 3.888888888888889284e+01 1.111111111111111072e+01 1.400000000000000000e+01
2.200000000000000000e+01 1.610378912685337838e+01 2.777777777777777857e+01 1.111111111111111072e+01 1.000000000000000000e+01
2.300000000000000000e+01 1.470345963756177987e+01 3.333333333333332860e+01 1.111111111111111072e+01 1.200000000000000000e+01
2.400000000000000000e+01 1.375617792421746444e+01 3.888888888888889284e+01 1.111111111111111072e+01 1.400000000000000000e+01
2.500000000000000000e+01 1.309719934102141714e+01 3.055555555555555358e+01 1.111111111111111072e+01 1.100000000000000000e+01
2.600000000000000000e+01 1.235584843492586415e+01 1.944444444444444642e+01 1.111111111111111072e+01 7.000000000000000000e+00
2.700000000000000000e+01 1.252059308072487553e+01 1.111111111111111072e+01 1.111111111111111072e+01 4.000000000000000000e+00
2.800000000000000000e+01 1.272652388797363976e+01 1.944444444444444642e+01 1.111111111111111072e+01 7.000000000000000000e+00
2.900000000000000000e+01 1.227347611202635846e+01 1.666666666666666430e+01 1.111111111111111072e+01 6.000000000000000000e+00
3.000000000000000000e+01 1.153212520593080725e+01 1.666666666666666430e+01 1.111111111111111072e+01 6.000000000000000000e+00
3.100000000000000000e+01 1.194398682042833570e+01 3.055555555555555358e+01 1.111111111111111072e+01 1.100000000000000000e+01
3.200000000000000000e+01 1.128500823723229018e+01 2.777777777777777857e+01 1.111111111111111072e+01 1.000000000000000000e+01
3.300000000000000000e+01 1.099670510708401849e+01 1.666666666666666430e+01 1.111111111111111072e+01 6.000000000000000000e+00
3.400000000000000000e+01 1.074958813838550142e+01 1.666666666666666430e+01 1.111111111111111072e+01 6.000000000000000000e+00
3.500000000000000000e+01 1.079077429983525604e+01 1.944444444444444642e+01 1.111111111111111072e+01 7.000000000000000000e+00
3.600000000000000000e+01 1.128500823723229018e+01 1.111111111111111072e+01 1.111111111111111072e+01 4.000000000000000000e+00
3.700000000000000000e+01 1.128500823723229018e+01 8.333333333333332149e+00 1.111111111111111072e+01 3.000000000000000000e+00
3.800000000000000000e+01 1.079077429983525604e+01 1.944444444444444642e+01 1.111111111111111072e+01 7.000000000000000000e+00
3.900000000000000000e+01 1.037891268533772759e+01 1.944444444444444642e+01 1.111111111111111072e+01 7.000000000000000000e+00
4.000000000000000000e+01 1.042009884678747866e+01 2.500000000000000000e+01 1.111111111111111072e+01 9.000000000000000000e+00
4.100000000000000000e+01 1.128500823723229018e+01 2.500000000000000000e+01 1.111111111111111072e+01 9.000000000000000000e+00
4.200000000000000000e+01 1.194398682042833570e+01 2.777777777777777857e+01 1.111111111111111072e+01 1.000000000000000000e+01
4.300000000000000000e+01 1.161449752883031294e+01 2.500000000000000000e+01 1.111111111111111072e+01 9.000000000000000000e+00
4.400000000000000000e+01 1.190280065897858286e+01 2.777777777777777857e+01 1.111111111111111072e+01 1.000000000000000000e+01
4.500000000000000000e+01 1.120263591433278449e+01 3.611111111111110716e+01 1.111111111111111072e+01 1.300000000000000000e+01
4.600000000000000000e+01 1.033772652388797297e+01 3.055555555555555358e+01 1.111111111111111072e+01 1.100000000000000000e+01
4.700000000000000000e+01 1.128500823723229018e+01 2.500000000000000000e+01 1.111111111111111072e+01 9.000000000000000000e+00
4.800000000000000000e+01 8.896210873146623399e+00 3.333333333333332860e+01 1.111111111111111072e+01 1.200000000000000000e+01
4.900000000000000000e+01 9.102141680395387624e+00 3.333333333333332860e+01 1.111111111111111072e+01 1.200000000000000000e+01
5.000000000000000000e+01 8.525535420098846018e+00 3.611111111111110716e+01 1.111111111111111072e+01 1.300000000000000000e+01
5.100000000000000000e+01 9.308072487644151849e+00 3.888888888888889284e+01 1.111111111111111072e+01 1.400000000000000000e+01
5.200000000000000000e+01 8.196046128500823258e+00 3.333333333333332860e+01 1.111111111111111072e+01 1.200000000000000000e+01
5.300000000000000000e+01 8.566721581548600639e+00 3.333333333333332860e+01 1.111111111111111072e+01 1.200000000000000000e+01
5.400000000000000000e+01 9.060955518945634779e+00 1.944444444444444642e+01 1.111111111111111072e+01 7.000000000000000000e+00
5.500000000000000000e+01 8.607907742998351708e+00 1.944444444444444642e+01 1.111111111111111072e+01 7.000000000000000000e+00
5.600000000000000000e+01 9.308072487644151849e+00 8.333333333333332149e+00 1.111111111111111072e+01 3.000000000000000000e+00
5.700000000000000000e+01 8.607907742998351708e+00 1.111111111111111072e+01 1.111111111111111072e+01 4.000000000000000000e+00
5.800000000000000000e+01 8.813838550247117709e+00 1.388888888888888928e+01 1.111111111111111072e+01 5.000000000000000000e+00
5.900000000000000000e+01 8.690280065897857398e+00 1.388888888888888928e+01 1.111111111111111072e+01 5.000000000000000000e+00
6.000000000000000000e+01 9.431630971993410384e+00 1.111111111111111072e+01 1.111111111111111072e+01 4.000000000000000000e+00
6.100000000000000000e+01 9.678747940691927454e+00 8.333333333333332149e+00 1.111111111111111072e+01 3.000000000000000000e+00
6.200000000000000000e+01 9.843492586490938834e+00 1.388888888888888928e+01 1.111111111111111072e+01 5.000000000000000000e+00
6.300000000000000000e+01 1.037891268533772759e+01 1.666666666666666430e+01 1.111111111111111072e+01 6.000000000000000000e+00
6.400000000000000000e+01 9.596375617792421764e+00 2.500000000000000000e+01 1.111111111111111072e+01 9.000000000000000000e+00
6.500000000000000000e+01 9.802306425041185989e+00 2.500000000000000000e+01 1.111111111111111072e+01 9.000000000000000000e+00
6.600000000000000000e+01 9.514003294892916074e+00 2.777777777777777857e+01 1.111111111111111072e+01 1.000000000000000000e+01
6.700000000000000000e+01 8.154859967051070413e+00 3.055555555555555358e+01 1.111111111111111072e+01 1.100000000000000000e+01
6.800000000000000000e+01 8.237232289950576103e+00 4.722222222222222854e+01 1.111111111111111072e+01 1.700000000000000000e+01
6.900000000000000000e+01 8.525535420098846018e+00 3.055555555555555358e+01 1.111111111111111072e+01 1.100000000000000000e+01
7.000000000000000000e+01 8.484349258649094949e+00 3.611111111111110716e+01 1.111111111111111072e+01 1.300000000000000000e+01
7.100000000000000000e+01 7.948929159802306188e+00 4.166666666666667140e+01 1.111111111111111072e+01 1.500000000000000000e+01
7.200000000000000000e+01 8.113673805601317568e+00 4.444444444444444287e+01 1.111111111111111072e+01 1.600000000000000000e+01
7.300000000000000000e+01 8.113673805601317568e+00 3.333333333333332860e+01 1.111111111111111072e+01 1.200000000000000000e+01
7.400000000000000000e+01 7.660626029654035385e+00 3.055555555555555358e+01 1.111111111111111072e+01 1.100000000000000000e+01
7.500000000000000000e+01 7.578253706754529695e+00 3.611111111111110716e+01 1.111111111111111072e+01 1.300000000000000000e+01
7.600000000000000000e+01 7.537067545304777738e+00 2.777777777777777857e+01 1.388888888888888928e+01 1.000000000000000000e+01
7.700000000000000000e+01 8.401976935749589259e+00 3.611111111111110716e+01 1.388888888888888928e+01 1.300000000000000000e+01
7.800000000000000000e+01 7.537067545304777738e+00 2.500000000000000000e+01 1.388888888888888928e+01 9.000000000000000000e+00
7.900000000000000000e+01 7.537067545304777738e+00 3.611111111111110716e+01 1.388888888888888928e+01 1.300000000000000000e+01
8.000000000000000000e+01 7.701812191103789118e+00 2.222222222222222143e+01 1.666666666666666430e+01 8.000000000000000000e+00
8.100000000000000000e+01 8.154859967051070413e+00 2.777777777777777857e+01 1.111111111111111072e+01 1.000000000000000000e+01
8.200000000000000000e+01 7.948929159802306188e+00 1.666666666666666430e+01 5.555555555555555358e+00 6.000000000000000000e+00
8.300000000000000000e+01 8.607907742998351708e+00 2.222222222222222143e+01 5.555555555555555358e+00 8.000000000000000000e+00
8.400000000000000000e+01 7.331136738056012625e+00 2.777777777777777857e+01 0.000000000000000000e+00 1.000000000000000000e+01
8.500000000000000000e+01 7.990115321252059033e+00 1.944444444444444642e+01 0.000000000000000000e+00 7.000000000000000000e+00
8.600000000000000000e+01 7.042833607907743598e+00 2.777777777777777857e+01 0.000000000000000000e+00 1.000000000000000000e+01
8.700000000000000000e+01 7.701812191103789118e+00 2.222222222222222143e+01 0.000000000000000000e+00 8.000000000000000000e+00
8.800000000000000000e+01 7.866556836902800498e+00 1.388888888888888928e+01 0.000000000000000000e+00 5.000000000000000000e+00
8.900000000000000000e+01 7.784184514003294808e+00 2.500000000000000000e+01 0.000000000000000000e+00 9.000000000000000000e+00
9.000000000000000000e+01 8.443163097199340328e+00 3.611111111111110716e+01 0.000000000000000000e+00 1.300000000000000000e+01
9.100000000000000000e+01 8.401976935749589259e+00 3.055555555555555358e+01 0.000000000000000000e+00 1.100000000000000000e+01
9.200000000000000000e+01 8.525535420098846018e+00 3.611111111111110716e+01 0.000000000000000000e+00 1.300000000000000000e+01
9.300000000000000000e+01 9.060955518945634779e+00 2.222222222222222143e+01 0.000000000000000000e+00 8.000000000000000000e+00
9.400000000000000000e+01 8.566721581548600639e+00 3.888888888888889284e+01 0.000000000000000000e+00 1.400000000000000000e+01
9.500000000000000000e+01 8.319604612850081793e+00 3.888888888888889284e+01 0.000000000000000000e+00 1.400000000000000000e+01
9.600000000000000000e+01 8.319604612850081793e+00 3.611111111111110716e+01 0.000000000000000000e+00 1.300000000000000000e+01
9.700000000000000000e+01 8.031301482701811878e+00 4.722222222222222854e+01 0.000000000000000000e+00 1.700000000000000000e+01
9.800000000000000000e+01 9.472817133443163229e+00 2.777777777777777857e+01 0.000000000000000000e+00 1.000000000000000000e+01
9.900000000000000000e+01 8.031301482701811878e+00 4.166666666666667140e+01 0.000000000000000000e+00 1.500000000000000000e+01
1.000000000000000000e+02 7.907742998352553343e+00 3.611111111111110716e+01 0.000000000000000000e+00 1.300000000000000000e+01
1.010000000000000000e+02 8.072487644151564723e+00 4.166666666666667140e+01 0.000000000000000000e+00 1.500000000000000000e+01
1.020000000000000000e+02 7.784184514003294808e+00 2.777777777777777857e+01 0.000000000000000000e+00 1.000000000000000000e+01
1.030000000000000000e+02 7.248764415156506935e+00 2.777777777777777857e+01 0.000000000000000000e+00 1.000000000000000000e+01
1.040000000000000000e+02 8.607907742998351708e+00 2.500000000000000000e+01 0.000000000000000000e+00 9.000000000000000000e+00
1.050000000000000000e+02 6.754530477759472795e+00 2.777777777777777857e+01 0.000000000000000000e+00 1.000000000000000000e+01
1.060000000000000000e+02 6.548599670510708570e+00 2.222222222222222143e+01 0.000000000000000000e+00 8.000000000000000000e+00
1.070000000000000000e+02 7.537067545304777738e+00 1.111111111111111072e+01 0.000000000000000000e+00 4.000000000000000000e+00
1.080000000000000000e+02 7.166392092257001245e+00 5.555555555555555358e+00 2.777777777777777679e+00 2.000000000000000000e+00
1.090000000000000000e+02 8.072487644151564723e+00 5.555555555555555358e+00 0.000000000000000000e+00 2.000000000000000000e+00
1.100000000000000000e+02 8.031301482701811878e+00 8.333333333333332149e+00 2.777777777777777679e+00 3.000000000000000000e+00
1.110000000000000000e+02 7.990115321252059033e+00 1.388888888888888928e+01 2.777777777777777679e+00 5.000000000000000000e+00
1.120000000000000000e+02 8.113673805601317568e+00 1.111111111111111072e+01 2.777777777777777679e+00 4.000000000000000000e+00
1.130000000000000000e+02 7.084019769357495555e+00 1.388888888888888928e+01 5.555555555555555358e+00 5.000000000000000000e+00
1.140000000000000000e+02 6.795716639209226528e+00 1.388888888888888928e+01 8.333333333333332149e+00 5.000000000000000000e+00
1.150000000000000000e+02 6.795716639209226528e+00 2.222222222222222143e+01 8.333333333333332149e+00 8.000000000000000000e+00
1.160000000000000000e+02 7.413509060955518315e+00 8.333333333333332149e+00 5.555555555555555358e+00 3.000000000000000000e+00
1.170000000000000000e+02 7.495881383855024005e+00 2.777777777777777679e+00 8.333333333333332149e+00 1.000000000000000000e+00
1.180000000000000000e+02 8.154859967051070413e+00 0.000000000000000000e+00 1.388888888888888928e+01 -6.000000000000000000e+03
