# step, world, group,control
0.000000000000000000e+00 2.759472817133443101e+01 2.777777777777777857e+01 2.777777777777777857e+01 1.000000000000000000e+01
1.000000000000000000e+00 2.532948929159802276e+01 2.500000000000000000e+01 1.944444444444444642e+01 9.000000000000000000e+00
2.000000000000000000e+00 2.561779242174629445e+01 3.055555555555555358e+01 2.222222222222222143e+01 1.100000000000000000e+01
3.000000000000000000e+00 2.450576606260296586e+01 3.333333333333332860e+01 3.055555555555555358e+01 1.200000000000000000e+01
4.000000000000000000e+00 2.224052718286655761e+01 3.888888888888889284e+01 1.666666666666666430e+01 1.400000000000000000e+01
5.000000000000000000e+00 2.067545304777594595e+01 2.500000000000000000e+01 1.388888888888888928e+01 9.000000000000000000e+00
6.000000000000000000e+00 2.129324546952224040e+01 3.055555555555555358e+01 1.111111111111111072e+01 1.100000000000000000e+01
7.000000000000000000e+00 2.075782537067545519e+01 1.388888888888888928e+01 1.111111111111111072e+01 5.000000000000000000e+00
8.000000000000000000e+00 2.121087314662273471e+01 2.222222222222222143e+01 1.111111111111111072e+01 8.000000000000000000e+00
9.000000000000000000e+00 2.051070840197693457e+01 3.888888888888889284e+01 1.388888888888888928e+01 1.400000000000000000e+01
1.000000000000000000e+01 1.923393739703459460e+01 3.055555555555555358e+01 1.388888888888888928e+01 1.100000000000000000e+01
1.100000000000000000e+01 1.964579901153212660e+01 3.055555555555555358e+01 1.944444444444444642e+01 1.100000000000000000e+01
1.200000000000000000e+01 1.906919275123558322e+01 3.611111111111110716e+01 1.944444444444444642e+01 1.300000000000000000e+01
1.300000000000000000e+01 1.878088962108731508e+01 4.166666666666667140e+01 8.333333333333332149e+00 1.500000000000000000e+01
1.400000000000000000e+01 1.733937397034596373e+01 3.055555555555555358e+01 1.666666666666666430e+01 1.100000000000000000e+01
1.500000000000000000e+01 1.560955518945634246e+01 3.055555555555555358e+01 1.111111111111111072e+01 1.100000000000000000e+01
1.600000000000000000e+01 1.585667215815486131e+01 2.500000000000000000e+01 1.111111111111111072e+01 9.000000000000000000e+00
1.700000000000000000e+01 1.478583196046128556e+01 3.055555555555555358e+01 1.111111111111111072e+01 1.100000000000000000e+01
1.800000000000000000e+01 1.511532125205930832e+01 1.944444444444444642e+01 1.111111111111111072e+01 7.000000000000000000e+00
1.900000000000000000e+01 1.437397034596375711e+01 5.555555555555555358e+00 1.111111111111111072e+01 2.000000000000000000e+00
2.000000000000000000e+01 1.495057660626029694e+01 2.777777777777777679e+00 1.111111111111111072e+01 1.000000000000000000e+00
2.100000000000000000e+01 1.317957166392092283e+01 1.111111111111111072e+01 1.111111111111111072e+01 4.000000000000000000e+00
2.200000000000000000e+01 1.387973640856671942e+01 1.111111111111111072e+01 1.111111111111111072e+01 4.000000000000000000e+00
2.300000000000000000e+01 1.441515650741350996e+01 5.555555555555555358e+00 1.111111111111111072e+01 2.000000000000000000e+00
2.400000000000000000e+01 1.396210873146622689e+01 8.333333333333332149e+00 1.111111111111111072e+01 3.000000000000000000e+00
2.500000000000000000e+01 1.227347611202635846e+01 8.333333333333332149e+00 1.111111111111111072e+01 3.000000000000000000e+00
2.600000000000000000e+01 1.256177924217462838e+01 1.111111111111111072e+01 1.111111111111111072e+01 4.000000000000000000e+00
2.700000000000000000e+01 1.169686985172981863e+01 1.388888888888888928e+01 1.111111111111111072e+01 5.000000000000000000e+00
2.800000000000000000e+01 1.198517298187809033e+01 1.666666666666666430e+01 1.111111111111111072e+01 6.000000000000000000e+00
2.900000000000000000e+01 1.140856672158154872e+01 1.388888888888888928e+01 1.111111111111111072e+01 5.000000000000000000e+00
3.000000000000000000e+01 1.132619439868204303e+01 1.111111111111111072e+01 1.111111111111111072e+01 4.000000000000000000e+00
3.100000000000000000e+01 1.091433278418451280e+01 8.333333333333332149e+00 1.111111111111111072e+01 3.000000000000000000e+00
3.200000000000000000e+01 1.149093904448105441e+01 1.666666666666666430e+01 1.111111111111111072e+01 6.000000000000000000e+00
3.300000000000000000e+01 1.103789126853377311e+01 1.388888888888888928e+01 1.111111111111111072e+01 5.000000000000000000e+00
3.400000000000000000e+01 1.099670510708401849e+01 2.777777777777777857e+01 1.111111111111111072e+01 1.000000000000000000e+01
3.500000000000000000e+01 1.173805601317957148e+01 1.666666666666666430e+01 1.111111111111111072e+01 6.000000000000000000e+00
3.600000000000000000e+01 1.103789126853377311e+01 5.555555555555555358e+00 1.111111111111111072e+01 2.000000000000000000e+00
3.700000000000000000e+01 1.099670510708401849e+01 0.000000000000000000e+00 1.111111111111111072e+01 -6.000000000000000000e+03
