# step, world, group,control
0.000000000000000000e+00 2.668863261943986842e+01 5.277777777777777857e+01 1.111111111111111072e+01 1.900000000000000000e+01
1.000000000000000000e+00 2.475288303130148293e+01 3.888888888888889284e+01 1.944444444444444642e+01 1.400000000000000000e+01
2.000000000000000000e+00 2.335255354200988620e+01 2.500000000000000000e+01 1.111111111111111072e+01 9.000000000000000000e+00
3.000000000000000000e+00 2.248764415156507468e+01 3.333333333333332860e+01 8.333333333333332149e+00 1.200000000000000000e+01
4.000000000000000000e+00 2.265238879736408606e+01 3.333333333333332860e+01 1.111111111111111072e+01 1.200000000000000000e+01
5.000000000000000000e+00 1.952224052718286629e+01 2.777777777777777857e+01 1.666666666666666430e+01 1.000000000000000000e+01
6.000000000000000000e+00 2.059308072487644026e+01 3.055555555555555358e+01 1.666666666666666430e+01 1.100000000000000000e+01
7.000000000000000000e+00 2.063426688632619488e+01 2.500000000000000000e+01 1.944444444444444642e+01 9.000000000000000000e+00
8.000000000000000000e+00 1.906919275123558322e+01 3.333333333333332860e+01 2.500000000000000000e+01 1.200000000000000000e+01
9.000000000000000000e+00 2.009884678747940612e+01 3.333333333333332860e+01 2.500000000000000000e+01 1.200000000000000000e+01
1.000000000000000000e+01 1.931630971993410384e+01 3.333333333333332860e+01 3.333333333333332860e+01 1.200000000000000000e+01
1.100000000000000000e+01 1.816309719934102063e+01 1.944444444444444642e+01 3.611111111111110716e+01 7.000000000000000000e+00
1.200000000000000000e+01 1.721581548599670342e+01 3.888888888888889284e+01 2.500000000000000000e+01 1.400000000000000000e+01
1.300000000000000000e+01 1.593904448105436522e+01 2.777777777777777857e+01 2.222222222222222143e+01 1.000000000000000000e+01
1.400000000000000000e+01 1.519769357495881579e+01 2.222222222222222143e+01 2.777777777777777857e+01 8.000000000000000000e+00
1.500000000000000000e+01 1.519769357495881579e+01 1.944444444444444642e+01 3.055555555555555358e+01 7.000000000000000000e+00
1.600000000000000000e+01 1.622734761120263514e+01 3.333333333333332860e+01 2.777777777777777857e+01 1.200000000000000000e+01
1.700000000000000000e+01 1.420922570016474573e+01 2.777777777777777857e+01 1.944444444444444642e+01 1.000000000000000000e+01
1.800000000000000000e+01 1.437397034596375711e+01 3.333333333333332860e+01 1.944444444444444642e+01 1.200000000000000000e+01
1.900000000000000000e+01 1.342668863261943990e+01 3.333333333333332860e+01 1.111111111111111072e+01 1.200000000000000000e+01
2.000000000000000000e+01 1.420922570016474573e+01 4.722222222222222854e+01 1.111111111111111072e+01 1.700000000000000000e+01
2.100000000000000000e+01 1.322075782537067390e+01 3.611111111111110716e+01 1.388888888888888928e+01 1.300000000000000000e+01
2.200000000000000000e+01 1.256177924217462838e+01 3.888888888888889284e+01 1.111111111111111072e+01 1.400000000000000000e+01
2.300000000000000000e+01 1.214991762767710171e+01 1.666666666666666430e+01 1.388888888888888928e+01 6.000000000000000000e+00
2.400000000000000000e+01 1.334431630971993421e+01 2.500000000000000000e+01 1.111111111111111072e+01 9.000000000000000000e+00
2.500000000000000000e+01 1.317957166392092283e+01 1.666666666666666430e+01 1.111111111111111072e+01 6.000000000000000000e+00
2.600000000000000000e+01 1.400329489291597973e+01 1.111111111111111072e+01 1.388888888888888928e+01 4.000000000000000000e+00
2.700000000000000000e+01 1.326194398682042852e+01 2.500000000000000000e+01 1.666666666666666430e+01 9.000000000000000000e+00
2.800000000000000000e+01 1.532125205930807077e+01 1.944444444444444642e+01 1.666666666666666430e+01 7.000000000000000000e+00
2.900000000000000000e+01 1.433278418451400249e+01 3.333333333333332860e+01 1.666666666666666430e+01 1.200000000000000000e+01
3.000000000000000000e+01 1.445634266886326103e+01 3.055555555555555358e+01 2.222222222222222143e+01 1.100000000000000000e+01
3.100000000000000000e+01 1.363261943986820413e+01 1.388888888888888928e+01 2.222222222222222143e+01 5.000000000000000000e+00
3.200000000000000000e+01 1.523887973640856686e+01 1.944444444444444642e+01 1.944444444444444642e+01 7.000000000000000000e+00
3.300000000000000000e+01 1.449752883031301387e+01 2.500000000000000000e+01 1.666666666666666430e+01 9.000000000000000000e+00
3.400000000000000000e+01 1.416803953871499111e+01 3.055555555555555358e+01 2.222222222222222143e+01 1.100000000000000000e+01
3.500000000000000000e+01 1.330313014827018137e+01 3.333333333333332860e+01 2.500000000000000000e+01 1.200000000000000000e+01
3.600000000000000000e+01 1.425041186161449858e+01 3.333333333333332860e+01 1.944444444444444642e+01 1.200000000000000000e+01
3.700000000000000000e+01 1.330313014827018137e+01 2.777777777777777857e+01 2.777777777777777857e+01 1.000000000000000000e+01
3.800000000000000000e+01 1.367380560131795697e+01 3.333333333333332860e+01 3.333333333333332860e+01 1.200000000000000000e+01
3.900000000000000000e+01 1.342668863261943990e+01 5.277777777777777857e+01 2.777777777777777857e+01 1.900000000000000000e+01
4.000000000000000000e+01 1.433278418451400249e+01 1.944444444444444642e+01 3.611111111111110716e+01 7.000000000000000000e+00
4.100000000000000000e+01 1.400329489291597973e+01 2.222222222222222143e+01 1.666666666666666430e+01 8.000000000000000000e+00
4.200000000000000000e+01 1.441515650741350996e+01 1.944444444444444642e+01 1.388888888888888928e+01 7.000000000000000000e+00
4.300000000000000000e+01 1.602141680395387269e+01 3.333333333333332860e+01 2.500000000000000000e+01 1.200000000000000000e+01
4.400000000000000000e+01 1.536243822075782717e+01 4.722222222222222854e+01 1.666666666666666430e+01 1.700000000000000000e+01
4.500000000000000000e+01 1.565074135090609531e+01 3.611111111111110716e+01 1.111111111111111072e+01 1.300000000000000000e+01
4.600000000000000000e+01 1.688632619439868066e+01 3.055555555555555358e+01 8.333333333333332149e+00 1.100000000000000000e+01
4.700000000000000000e+01 1.655683690280065790e+01 3.888888888888889284e+01 2.222222222222222143e+01 1.400000000000000000e+01
4.800000000000000000e+01 1.766886326194398649e+01 3.333333333333332860e+01 1.944444444444444642e+01 1.200000000000000000e+01
4.900000000000000000e+01 1.733937397034596373e+01 3.611111111111110716e+01 1.388888888888888928e+01 1.300000000000000000e+01
5.000000000000000000e+01 1.795716639209225818e+01 5.555555555555555713e+01 2.500000000000000000e+01 2.000000000000000000e+01
5.100000000000000000e+01 1.742174629324546942e+01 2.777777777777777857e+01 1.388888888888888928e+01 1.000000000000000000e+01
5.200000000000000000e+01 1.779242174629324680e+01 3.611111111111110716e+01 1.666666666666666430e+01 1.300000000000000000e+01
5.300000000000000000e+01 1.738056013179571480e+01 2.500000000000000000e+01 1.388888888888888928e+01 9.000000000000000000e+00
5.400000000000000000e+01 1.791598023064250356e+01 4.166666666666667140e+01 1.666666666666666430e+01 1.500000000000000000e+01
5.500000000000000000e+01 1.565074135090609531e+01 4.722222222222222854e+01 1.944444444444444642e+01 1.700000000000000000e+01
5.600000000000000000e+01 1.692751235584843528e+01 1.944444444444444642e+01 1.666666666666666430e+01 7.000000000000000000e+00
5.700000000000000000e+01 1.523887973640856686e+01 1.666666666666666430e+01 1.944444444444444642e+01 6.000000000000000000e+00
5.800000000000000000e+01 1.589785831960461238e+01 2.500000000000000000e+01 2.222222222222222143e+01 9.000000000000000000e+00
5.900000000000000000e+01 1.659802306425041252e+01 2.777777777777777857e+01 1.944444444444444642e+01 1.000000000000000000e+01
6.000000000000000000e+01 1.528006589785831970e+01 3.888888888888889284e+01 4.166666666666667140e+01 1.400000000000000000e+01
6.100000000000000000e+01 1.519769357495881579e+01 2.500000000000000000e+01 2.500000000000000000e+01 9.000000000000000000e+00
6.200000000000000000e+01 1.515650741350905939e+01 1.111111111111111072e+01 3.333333333333332860e+01 4.000000000000000000e+00
6.300000000000000000e+01 1.560955518945634246e+01 1.388888888888888928e+01 1.666666666666666430e+01 5.000000000000000000e+00
6.400000000000000000e+01 1.420922570016474573e+01 1.666666666666666430e+01 2.222222222222222143e+01 6.000000000000000000e+00
6.500000000000000000e+01 1.602141680395387269e+01 2.222222222222222143e+01 1.666666666666666430e+01 8.000000000000000000e+00
6.600000000000000000e+01 1.412685337726523827e+01 3.055555555555555358e+01 1.944444444444444642e+01 1.100000000000000000e+01
6.700000000000000000e+01 1.350906095551894559e+01 3.333333333333332860e+01 1.944444444444444642e+01 1.200000000000000000e+01
6.800000000000000000e+01 1.260296540362438300e+01 3.611111111111110716e+01 2.500000000000000000e+01 1.300000000000000000e+01
6.900000000000000000e+01 1.367380560131795697e+01 3.333333333333332860e+01 1.944444444444444642e+01 1.200000000000000000e+01
7.000000000000000000e+01 1.231466227347611309e+01 3.611111111111110716e+01 3.055555555555555358e+01 1.300000000000000000e+01
7.100000000000000000e+01 1.280889621087314723e+01 3.888888888888889284e+01 1.388888888888888928e+01 1.400000000000000000e+01
7.200000000000000000e+01 1.334431630971993421e+01 2.777777777777777857e+01 5.555555555555555358e+00 1.000000000000000000e+01
7.300000000000000000e+01 1.330313014827018137e+01 4.722222222222222854e+01 0.000000000000000000e+00 1.700000000000000000e+01
7.400000000000000000e+01 1.272652388797363976e+01 4.166666666666667140e+01 0.000000000000000000e+00 1.500000000000000000e+01
7.500000000000000000e+01 1.280889621087314723e+01 4.444444444444444287e+01 0.000000000000000000e+00 1.600000000000000000e+01
7.600000000000000000e+01 1.359143327841845306e+01 3.888888888888889284e+01 0.000000000000000000e+00 1.400000000000000000e+01
7.700000000000000000e+01 1.412685337726523827e+01 3.333333333333332860e+01 0.000000000000000000e+00 1.200000000000000000e+01
7.800000000000000000e+01 1.317957166392092283e+01 3.055555555555555358e+01 0.000000000000000000e+00 1.100000000000000000e+01
7.900000000000000000e+01 1.383855024711696835e+01 2.500000000000000000e+01 0.000000000000000000e+00 9.000000000000000000e+00
8.000000000000000000e+01 1.392092257001647582e+01 3.888888888888889284e+01 0.000000000000000000e+00 1.400000000000000000e+01
8.100000000000000000e+01 1.198517298187809033e+01 2.500000000000000000e+01 0.000000000000000000e+00 9.000000000000000000e+00
8.200000000000000000e+01 1.202635914332784139e+01 2.777777777777777857e+01 0.000000000000000000e+00 1.000000000000000000e+01
8.300000000000000000e+01 1.260296540362438300e+01 1.944444444444444642e+01 0.000000000000000000e+00 7.000000000000000000e+00
8.400000000000000000e+01 1.239703459637561878e+01 3.055555555555555358e+01 2.777777777777777679e+00 1.100000000000000000e+01
8.500000000000000000e+01 1.400329489291597973e+01 8.333333333333332149e+00 2.777777777777777679e+00 3.000000000000000000e+00
8.600000000000000000e+01 1.363261943986820413e+01 0.000000000000000000e+00 5.555555555555555358e+00 -6.000000000000000000e+03
