# step, world, group,control
0.000000000000000000e+00 2.738879736408566501e+01 1.388888888888888928e+01 3.611111111111110716e+01 5.000000000000000000e+00
1.000000000000000000e+00 2.413509060955519203e+01 1.666666666666666430e+01 2.500000000000000000e+01 6.000000000000000000e+00
2.000000000000000000e+00 2.195222405271828592e+01 2.222222222222222143e+01 1.944444444444444642e+01 8.000000000000000000e+00
3.000000000000000000e+00 2.252883031301482930e+01 1.666666666666666430e+01 1.666666666666666430e+01 6.000000000000000000e+00
4.000000000000000000e+00 1.989291598023064367e+01 1.111111111111111072e+01 1.388888888888888928e+01 4.000000000000000000e+00
5.000000000000000000e+00 1.948105436573311522e+01 1.111111111111111072e+01 1.388888888888888928e+01 4.000000000000000000e+00
6.000000000000000000e+00 1.923393739703459460e+01 1.388888888888888928e+01 1.388888888888888928e+01 5.000000000000000000e+00
7.000000000000000000e+00 1.766886326194398649e+01 8.333333333333332149e+00 1.388888888888888928e+01 3.000000000000000000e+00
8.000000000000000000e+00 1.853377265238879801e+01 1.388888888888888928e+01 1.388888888888888928e+01 5.000000000000000000e+00
9.000000000000000000e+00 1.643327841845140114e+01 1.388888888888888928e+01 1.388888888888888928e+01 5.000000000000000000e+00
1.000000000000000000e+01 1.622734761120263514e+01 1.666666666666666430e+01 1.666666666666666430e+01 6.000000000000000000e+00
1.100000000000000000e+01 1.738056013179571480e+01 8.333333333333332149e+00 1.944444444444444642e+01 3.000000000000000000e+00
1.200000000000000000e+01 1.692751235584843528e+01 1.388888888888888928e+01 1.388888888888888928e+01 5.000000000000000000e+00
1.300000000000000000e+01 1.758649093904448080e+01 8.333333333333332149e+00 1.388888888888888928e+01 3.000000000000000000e+00
1.400000000000000000e+01 1.680395387149917852e+01 2.777777777777777679e+00 1.388888888888888928e+01 1.000000000000000000e+00
1.500000000000000000e+01 1.766886326194398649e+01 0.000000000000000000e+00 1.388888888888888928e+01 -6.000000000000000000e+03
