# step, world, group,control
0.000000000000000000e+00 2.640032948929159673e+01 3.611111111111110716e+01 1.388888888888888928e+01 1.300000000000000000e+01
1.000000000000000000e+00 2.442339373970345662e+01 2.500000000000000000e+01 1.666666666666666430e+01 9.000000000000000000e+00
2.000000000000000000e+00 2.359967051070839972e+01 1.944444444444444642e+01 1.666666666666666430e+01 7.000000000000000000e+00
3.000000000000000000e+00 2.252883031301482930e+01 1.666666666666666430e+01 2.777777777777777857e+01 6.000000000000000000e+00
4.000000000000000000e+00 2.100494233937396871e+01 2.222222222222222143e+01 1.944444444444444642e+01 8.000000000000000000e+00
5.000000000000000000e+00 1.952224052718286629e+01 2.222222222222222143e+01 2.500000000000000000e+01 8.000000000000000000e+00
6.000000000000000000e+00 1.964579901153212660e+01 2.222222222222222143e+01 2.500000000000000000e+01 8.000000000000000000e+00
7.000000000000000000e+00 1.762767710049423542e+01 2.777777777777777857e+01 3.333333333333332860e+01 1.000000000000000000e+01
8.000000000000000000e+00 1.750411861614497511e+01 3.611111111111110716e+01 3.888888888888889284e+01 1.300000000000000000e+01
9.000000000000000000e+00 1.733937397034596373e+01 2.777777777777777857e+01 3.611111111111110716e+01 1.000000000000000000e+01
1.000000000000000000e+01 1.803953871499176387e+01 2.222222222222222143e+01 3.333333333333332860e+01 8.000000000000000000e+00
1.100000000000000000e+01 1.593904448105436522e+01 3.333333333333332860e+01 3.611111111111110716e+01 1.200000000000000000e+01
1.200000000000000000e+01 1.618616144975288407e+01 3.888888888888889284e+01 3.055555555555555358e+01 1.400000000000000000e+01
1.300000000000000000e+01 1.495057660626029694e+01 4.166666666666667140e+01 3.055555555555555358e+01 1.500000000000000000e+01
1.400000000000000000e+01 1.598023064250411807e+01 2.777777777777777857e+01 3.888888888888889284e+01 1.000000000000000000e+01
1.500000000000000000e+01 1.651565074135090683e+01 2.777777777777777857e+01 4.166666666666667140e+01 1.000000000000000000e+01
1.600000000000000000e+01 1.622734761120263514e+01 1.944444444444444642e+01 5.000000000000000000e+01 7.000000000000000000e+00
1.700000000000000000e+01 1.643327841845140114e+01 2.500000000000000000e+01 3.611111111111110716e+01 9.000000000000000000e+00
1.800000000000000000e+01 1.639209225700164652e+01 2.222222222222222143e+01 5.000000000000000000e+01 8.000000000000000000e+00
1.900000000000000000e+01 1.758649093904448080e+01 1.388888888888888928e+01 1.944444444444444642e+01 5.000000000000000000e+00
2.000000000000000000e+01 1.639209225700164652e+01 1.388888888888888928e+01 1.944444444444444642e+01 5.000000000000000000e+00
2.100000000000000000e+01 1.585667215815486131e+01 2.222222222222222143e+01 1.111111111111111072e+01 8.000000000000000000e+00
2.200000000000000000e+01 1.503294892915980263e+01 1.111111111111111072e+01 1.388888888888888928e+01 4.000000000000000000e+00
2.300000000000000000e+01 1.457990115321252134e+01 5.555555555555555358e+00 1.388888888888888928e+01 2.000000000000000000e+00
2.400000000000000000e+01 1.400329489291597973e+01 5.555555555555555358e+00 1.111111111111111072e+01 2.000000000000000000e+00
2.500000000000000000e+01 1.482701812191103663e+01 1.111111111111111072e+01 1.111111111111111072e+01 4.000000000000000000e+00
2.600000000000000000e+01 1.355024711696869666e+01 1.111111111111111072e+01 1.111111111111111072e+01 4.000000000000000000e+00
2.700000000000000000e+01 1.334431630971993421e+01 1.111111111111111072e+01 1.111111111111111072e+01 4.000000000000000000e+00
2.800000000000000000e+01 1.346787479406919275e+01 1.111111111111111072e+01 1.111111111111111072e+01 4.000000000000000000e+00
2.900000000000000000e+01 1.359143327841845306e+01 1.111111111111111072e+01 1.388888888888888928e+01 4.000000000000000000e+00
3.000000000000000000e+01 1.359143327841845306e+01 1.111111111111111072e+01 1.666666666666666430e+01 4.000000000000000000e+00
3.100000000000000000e+01 1.449752883031301387e+01 1.388888888888888928e+01 1.388888888888888928e+01 5.000000000000000000e+00
3.200000000000000000e+01 1.404448105436573435e+01 8.333333333333332149e+00 1.388888888888888928e+01 3.000000000000000000e+00
3.300000000000000000e+01 1.367380560131795697e+01 8.333333333333332149e+00 1.111111111111111072e+01 3.000000000000000000e+00
3.400000000000000000e+01 1.420922570016474573e+01 1.111111111111111072e+01 1.111111111111111072e+01 4.000000000000000000e+00
3.500000000000000000e+01 1.363261943986820413e+01 1.666666666666666430e+01 1.111111111111111072e+01 6.000000000000000000e+00
3.600000000000000000e+01 1.387973640856671942e+01 1.666666666666666430e+01 1.388888888888888928e+01 6.000000000000000000e+00
3.700000000000000000e+01 1.227347611202635846e+01 1.944444444444444642e+01 1.111111111111111072e+01 7.000000000000000000e+00
3.800000000000000000e+01 1.239703459637561878e+01 2.500000000000000000e+01 1.111111111111111072e+01 9.000000000000000000e+00
3.900000000000000000e+01 1.285008237232289829e+01 3.055555555555555358e+01 1.111111111111111072e+01 1.100000000000000000e+01
4.000000000000000000e+01 1.194398682042833570e+01 3.055555555555555358e+01 1.388888888888888928e+01 1.100000000000000000e+01
4.100000000000000000e+01 1.260296540362438300e+01 2.500000000000000000e+01 1.111111111111111072e+01 9.000000000000000000e+00
4.200000000000000000e+01 1.202635914332784139e+01 2.500000000000000000e+01 1.388888888888888928e+01 9.000000000000000000e+00
4.300000000000000000e+01 1.214991762767710171e+01 1.944444444444444642e+01 1.666666666666666430e+01 7.000000000000000000e+00
4.400000000000000000e+01 1.136738056013179587e+01 3.333333333333332860e+01 1.944444444444444642e+01 1.200000000000000000e+01
4.500000000000000000e+01 1.149093904448105441e+01 2.777777777777777857e+01 2.500000000000000000e+01 1.000000000000000000e+01
4.600000000000000000e+01 1.210873146622734708e+01 1.944444444444444642e+01 1.944444444444444642e+01 7.000000000000000000e+00
4.700000000000000000e+01 1.046128500823723328e+01 1.944444444444444642e+01 4.166666666666667140e+01 7.000000000000000000e+00
4.800000000000000000e+01 1.161449752883031294e+01 2.500000000000000000e+01 2.500000000000000000e+01 9.000000000000000000e+00
4.900000000000000000e+01 9.967051070840197369e+00 3.611111111111110716e+01 3.888888888888889284e+01 1.300000000000000000e+01
5.000000000000000000e+01 1.009060955518945590e+01 3.055555555555555358e+01 1.666666666666666430e+01 1.100000000000000000e+01
5.100000000000000000e+01 9.802306425041185989e+00 3.055555555555555358e+01 2.222222222222222143e+01 1.100000000000000000e+01
5.200000000000000000e+01 1.120263591433278449e+01 1.666666666666666430e+01 1.944444444444444642e+01 6.000000000000000000e+00
5.300000000000000000e+01 1.058484349258649004e+01 3.333333333333332860e+01 3.333333333333332860e+01 1.200000000000000000e+01
5.400000000000000000e+01 1.054365733113673897e+01 3.055555555555555358e+01 1.944444444444444642e+01 1.100000000000000000e+01
5.500000000000000000e+01 1.103789126853377311e+01 2.777777777777777857e+01 1.666666666666666430e+01 1.000000000000000000e+01
5.600000000000000000e+01 1.074958813838550142e+01 4.722222222222222854e+01 2.500000000000000000e+01 1.700000000000000000e+01
5.700000000000000000e+01 1.165568369028006579e+01 1.666666666666666430e+01 2.222222222222222143e+01 6.000000000000000000e+00
5.800000000000000000e+01 1.054365733113673897e+01 5.555555555555555358e+00 3.055555555555555358e+01 2.000000000000000000e+00
5.900000000000000000e+01 1.087314662273476173e+01 2.777777777777777679e+00 1.944444444444444642e+01 1.000000000000000000e+00
6.000000000000000000e+01 1.161449752883031294e+01 5.555555555555555358e+00 3.611111111111110716e+01 2.000000000000000000e+00
6.100000000000000000e+01 1.050247116968698435e+01 8.333333333333332149e+00 2.777777777777777857e+01 3.000000000000000000e+00
6.200000000000000000e+01 1.066721581548599573e+01 5.555555555555555358e+00 4.166666666666667140e+01 2.000000000000000000e+00
6.300000000000000000e+01 9.678747940691927454e+00 5.555555555555555358e+00 2.777777777777777857e+01 2.000000000000000000e+00
6.400000000000000000e+01 1.054365733113673897e+01 0.000000000000000000e+00 2.500000000000000000e+01 -6.000000000000000000e+03
