# step, world, group,control
0.000000000000000000e+00 2.623558484349258890e+01 2.222222222222222143e+01 2.222222222222222143e+01 8.000000000000000000e+00
1.000000000000000000e+00 2.248764415156507468e+01 3.333333333333332860e+01 8.333333333333332149e+00 1.200000000000000000e+01
2.000000000000000000e+00 2.289950576606260313e+01 2.222222222222222143e+01 5.555555555555555358e+00 8.000000000000000000e+00
3.000000000000000000e+00 2.158154859967051209e+01 3.333333333333332860e+01 0.000000000000000000e+00 1.200000000000000000e+01
4.000000000000000000e+00 2.285831960461285206e+01 3.333333333333332860e+01 0.000000000000000000e+00 1.200000000000000000e+01
5.000000000000000000e+00 2.100494233937396871e+01 4.722222222222222854e+01 0.000000000000000000e+00 1.700000000000000000e+01
6.000000000000000000e+00 2.018121911037891181e+01 2.777777777777777857e+01 0.000000000000000000e+00 1.000000000000000000e+01
7.000000000000000000e+00 1.968698517298187767e+01 3.055555555555555358e+01 0.000000000000000000e+00 1.100000000000000000e+01
8.000000000000000000e+00 1.911037891268533784e+01 3.611111111111110716e+01 0.000000000000000000e+00 1.300000000000000000e+01
9.000000000000000000e+00 1.841021416803953770e+01 3.611111111111110716e+01 0.000000000000000000e+00 1.300000000000000000e+01
1.000000000000000000e+01 1.771004942339374111e+01 2.777777777777777857e+01 0.000000000000000000e+00 1.000000000000000000e+01
1.100000000000000000e+01 1.812191103789126956e+01 3.888888888888889284e+01 0.000000000000000000e+00 1.400000000000000000e+01
1.200000000000000000e+01 1.548599670510708215e+01 3.611111111111110716e+01 0.000000000000000000e+00 1.300000000000000000e+01
1.300000000000000000e+01 1.470345963756177987e+01 3.888888888888889284e+01 0.000000000000000000e+00 1.400000000000000000e+01
1.400000000000000000e+01 1.396210873146622689e+01 2.500000000000000000e+01 0.000000000000000000e+00 9.000000000000000000e+00
1.500000000000000000e+01 1.457990115321252134e+01 3.333333333333332860e+01 0.000000000000000000e+00 1.200000000000000000e+01
1.600000000000000000e+01 1.400329489291597973e+01 1.388888888888888928e+01 0.000000000000000000e+00 5.000000000000000000e+00
1.700000000000000000e+01 1.396210873146622689e+01 1.111111111111111072e+01 0.000000000000000000e+00 4.000000000000000000e+00
1.800000000000000000e+01 1.453871499176276849e+01 1.111111111111111072e+01 0.000000000000000000e+00 4.000000000000000000e+00
1.900000000000000000e+01 1.445634266886326103e+01 5.555555555555555358e+00 0.000000000000000000e+00 2.000000000000000000e+00
2.000000000000000000e+01 1.400329489291597973e+01 1.111111111111111072e+01 0.000000000000000000e+00 4.000000000000000000e+00
2.100000000000000000e+01 1.416803953871499111e+01 2.500000000000000000e+01 2.777777777777777679e+00 9.000000000000000000e+00
2.200000000000000000e+01 1.425041186161449858e+01 1.388888888888888928e+01 2.777777777777777679e+00 5.000000000000000000e+00
2.300000000000000000e+01 1.445634266886326103e+01 1.388888888888888928e+01 2.777777777777777679e+00 5.000000000000000000e+00
2.400000000000000000e+01 1.511532125205930832e+01 1.388888888888888928e+01 2.777777777777777679e+00 5.000000000000000000e+00
2.500000000000000000e+01 1.511532125205930832e+01 1.388888888888888928e+01 0.000000000000000000e+00 5.000000000000000000e+00
2.600000000000000000e+01 1.470345963756177987e+01 1.111111111111111072e+01 0.000000000000000000e+00 4.000000000000000000e+00
2.700000000000000000e+01 1.392092257001647582e+01 1.666666666666666430e+01 0.000000000000000000e+00 6.000000000000000000e+00
2.800000000000000000e+01 1.515650741350905939e+01 1.944444444444444642e+01 0.000000000000000000e+00 7.000000000000000000e+00
2.900000000000000000e+01 1.309719934102141714e+01 1.666666666666666430e+01 0.000000000000000000e+00 6.000000000000000000e+00
3.000000000000000000e+01 1.280889621087314723e+01 5.555555555555555358e+00 0.000000000000000000e+00 2.000000000000000000e+00
3.100000000000000000e+01 1.165568369028006579e+01 0.000000000000000000e+00 0.000000000000000000e+00 -6.000000000000000000e+03
