# step, world, group,control
0.000000000000000000e+00 2.668863261943986842e+01 3.888888888888889284e+01 8.333333333333332149e+00 1.400000000000000000e+01
1.000000000000000000e+00 2.405271828665568279e+01 3.611111111111110716e+01 8.333333333333332149e+00 1.300000000000000000e+01
2.000000000000000000e+00 2.504118616144975107e+01 5.000000000000000000e+01 1.666666666666666430e+01 1.800000000000000000e+01
3.000000000000000000e+00 2.306425041186161451e+01 4.166666666666667140e+01 5.555555555555555358e+00 1.500000000000000000e+01
4.000000000000000000e+00 2.446457990115321479e+01 4.722222222222222854e+01 5.555555555555555358e+00 1.700000000000000000e+01
5.000000000000000000e+00 2.306425041186161451e+01 4.444444444444444287e+01 2.777777777777777679e+00 1.600000000000000000e+01
6.000000000000000000e+00 2.413509060955519203e+01 3.055555555555555358e+01 1.388888888888888928e+01 1.100000000000000000e+01
7.000000000000000000e+00 2.096375617792421764e+01 3.333333333333332860e+01 1.388888888888888928e+01 1.200000000000000000e+01
8.000000000000000000e+00 2.191103789126853485e+01 4.166666666666667140e+01 1.388888888888888928e+01 1.500000000000000000e+01
9.000000000000000000e+00 2.084019769357495733e+01 3.888888888888889284e+01 1.666666666666666430e+01 1.400000000000000000e+01
1.000000000000000000e+01 2.038714991762767781e+01 3.333333333333332860e+01 3.055555555555555358e+01 1.200000000000000000e+01
1.100000000000000000e+01 1.968698517298187767e+01 3.333333333333332860e+01 8.333333333333332149e+00 1.200000000000000000e+01
1.200000000000000000e+01 1.898682042833607753e+01 3.611111111111110716e+01 8.333333333333332149e+00 1.300000000000000000e+01
1.300000000000000000e+01 1.890444810543657184e+01 2.777777777777777857e+01 1.111111111111111072e+01 1.000000000000000000e+01
1.400000000000000000e+01 1.849258649093904339e+01 4.166666666666667140e+01 8.333333333333332149e+00 1.500000000000000000e+01
1.500000000000000000e+01 1.927512355848434922e+01 3.055555555555555358e+01 8.333333333333332149e+00 1.100000000000000000e+01
1.600000000000000000e+01 1.878088962108731508e+01 5.000000000000000000e+01 5.555555555555555358e+00 1.800000000000000000e+01
1.700000000000000000e+01 1.935749588138385491e+01 1.944444444444444642e+01 0.000000000000000000e+00 7.000000000000000000e+00
1.800000000000000000e+01 1.878088962108731508e+01 1.666666666666666430e+01 2.777777777777777679e+00 6.000000000000000000e+00
1.900000000000000000e+01 1.931630971993410384e+01 1.944444444444444642e+01 8.333333333333332149e+00 7.000000000000000000e+00
2.000000000000000000e+01 1.593904448105436522e+01 2.500000000000000000e+01 1.111111111111111072e+01 9.000000000000000000e+00
2.100000000000000000e+01 1.614497528830312945e+01 3.611111111111110716e+01 1.388888888888888928e+01 1.300000000000000000e+01
2.200000000000000000e+01 1.400329489291597973e+01 2.500000000000000000e+01 1.388888888888888928e+01 9.000000000000000000e+00
2.300000000000000000e+01 1.540362438220757824e+01 3.333333333333332860e+01 1.111111111111111072e+01 1.200000000000000000e+01
2.400000000000000000e+01 1.342668863261943990e+01 3.055555555555555358e+01 1.944444444444444642e+01 1.100000000000000000e+01
2.500000000000000000e+01 1.396210873146622689e+01 3.055555555555555358e+01 1.666666666666666430e+01 1.100000000000000000e+01
2.600000000000000000e+01 1.297364085667215861e+01 3.888888888888889284e+01 2.222222222222222143e+01 1.400000000000000000e+01
2.700000000000000000e+01 1.322075782537067390e+01 1.944444444444444642e+01 3.611111111111110716e+01 7.000000000000000000e+00
2.800000000000000000e+01 1.293245469522240576e+01 1.666666666666666430e+01 1.944444444444444642e+01 6.000000000000000000e+00
2.900000000000000000e+01 1.280889621087314723e+01 3.055555555555555358e+01 1.944444444444444642e+01 1.100000000000000000e+01
3.000000000000000000e+01 1.330313014827018137e+01 3.888888888888889284e+01 2.500000000000000000e+01 1.400000000000000000e+01
3.100000000000000000e+01 1.289126853377265114e+01 3.611111111111110716e+01 1.944444444444444642e+01 1.300000000000000000e+01
3.200000000000000000e+01 1.355024711696869666e+01 3.333333333333332860e+01 1.944444444444444642e+01 1.200000000000000000e+01
3.300000000000000000e+01 1.293245469522240576e+01 4.444444444444444287e+01 2.222222222222222143e+01 1.600000000000000000e+01
3.400000000000000000e+01 1.260296540362438300e+01 3.055555555555555358e+01 1.944444444444444642e+01 1.100000000000000000e+01
3.500000000000000000e+01 1.256177924217462838e+01 3.888888888888889284e+01 1.388888888888888928e+01 1.400000000000000000e+01
3.600000000000000000e+01 1.297364085667215861e+01 3.333333333333332860e+01 1.111111111111111072e+01 1.200000000000000000e+01
3.700000000000000000e+01 1.285008237232289829e+01 3.611111111111110716e+01 1.111111111111111072e+01 1.300000000000000000e+01
3.800000000000000000e+01 1.161449752883031294e+01 4.166666666666667140e+01 1.388888888888888928e+01 1.500000000000000000e+01
3.900000000000000000e+01 1.293245469522240576e+01 2.222222222222222143e+01 1.388888888888888928e+01 8.000000000000000000e+00
4.000000000000000000e+01 1.256177924217462838e+01 1.944444444444444642e+01 1.111111111111111072e+01 7.000000000000000000e+00
4.100000000000000000e+01 1.186161449752883001e+01 3.055555555555555358e+01 1.111111111111111072e+01 1.100000000000000000e+01
4.200000000000000000e+01 1.149093904448105441e+01 3.055555555555555358e+01 1.111111111111111072e+01 1.100000000000000000e+01
4.300000000000000000e+01 1.157331136738056010e+01 4.444444444444444287e+01 1.388888888888888928e+01 1.600000000000000000e+01
4.400000000000000000e+01 1.182042833607907717e+01 2.500000000000000000e+01 1.666666666666666430e+01 9.000000000000000000e+00
4.500000000000000000e+01 1.210873146622734708e+01 2.500000000000000000e+01 1.666666666666666430e+01 9.000000000000000000e+00
4.600000000000000000e+01 1.165568369028006579e+01 2.777777777777777857e+01 1.666666666666666430e+01 1.000000000000000000e+01
4.700000000000000000e+01 1.256177924217462838e+01 3.611111111111110716e+01 1.944444444444444642e+01 1.300000000000000000e+01
4.800000000000000000e+01 1.116144975288303165e+01 3.333333333333332860e+01 2.500000000000000000e+01 1.200000000000000000e+01
4.900000000000000000e+01 1.140856672158154872e+01 4.444444444444444287e+01 2.500000000000000000e+01 1.600000000000000000e+01
5.000000000000000000e+01 1.095551894563426742e+01 3.888888888888889284e+01 2.500000000000000000e+01 1.400000000000000000e+01
5.100000000000000000e+01 1.173805601317957148e+01 4.722222222222222854e+01 2.500000000000000000e+01 1.700000000000000000e+01
5.200000000000000000e+01 1.091433278418451280e+01 2.777777777777777857e+01 2.777777777777777857e+01 1.000000000000000000e+01
5.300000000000000000e+01 1.153212520593080725e+01 2.222222222222222143e+01 3.055555555555555358e+01 8.000000000000000000e+00
5.400000000000000000e+01 1.153212520593080725e+01 1.388888888888888928e+01 3.055555555555555358e+01 5.000000000000000000e+00
5.500000000000000000e+01 1.169686985172981863e+01 1.944444444444444642e+01 1.666666666666666430e+01 7.000000000000000000e+00
5.600000000000000000e+01 1.033772652388797297e+01 2.222222222222222143e+01 2.777777777777777857e+01 8.000000000000000000e+00
5.700000000000000000e+01 1.144975288303130156e+01 2.222222222222222143e+01 1.111111111111111072e+01 8.000000000000000000e+00
5.800000000000000000e+01 9.019769357495881934e+00 2.777777777777777857e+01 1.666666666666666430e+01 1.000000000000000000e+01
5.900000000000000000e+01 9.637561779242174609e+00 1.944444444444444642e+01 1.666666666666666430e+01 7.000000000000000000e+00
6.000000000000000000e+01 8.731466227347612019e+00 2.500000000000000000e+01 2.222222222222222143e+01 9.000000000000000000e+00
6.100000000000000000e+01 1.033772652388797297e+01 3.055555555555555358e+01 1.388888888888888928e+01 1.100000000000000000e+01
6.200000000000000000e+01 1.074958813838550142e+01 1.944444444444444642e+01 2.500000000000000000e+01 7.000000000000000000e+00
6.300000000000000000e+01 1.000823723228995021e+01 3.055555555555555358e+01 1.388888888888888928e+01 1.100000000000000000e+01
6.400000000000000000e+01 1.107907742998352418e+01 2.222222222222222143e+01 1.944444444444444642e+01 8.000000000000000000e+00
6.500000000000000000e+01 1.004942339373970306e+01 4.444444444444444287e+01 8.333333333333332149e+00 1.600000000000000000e+01
6.600000000000000000e+01 1.066721581548599573e+01 2.777777777777777857e+01 5.555555555555555358e+00 1.000000000000000000e+01
6.700000000000000000e+01 9.925864909390444524e+00 3.333333333333332860e+01 5.555555555555555358e+00 1.200000000000000000e+01
6.800000000000000000e+01 1.070840197693575035e+01 3.888888888888889284e+01 8.333333333333332149e+00 1.400000000000000000e+01
6.900000000000000000e+01 1.004942339373970306e+01 2.222222222222222143e+01 8.333333333333332149e+00 8.000000000000000000e+00
7.000000000000000000e+01 9.761120263591433144e+00 3.333333333333332860e+01 1.388888888888888928e+01 1.200000000000000000e+01
7.100000000000000000e+01 1.021416803953871444e+01 2.777777777777777857e+01 2.222222222222222143e+01 1.000000000000000000e+01
7.200000000000000000e+01 9.719934102141680299e+00 5.000000000000000000e+01 1.111111111111111072e+01 1.800000000000000000e+01
7.300000000000000000e+01 1.017298187808896159e+01 3.055555555555555358e+01 5.555555555555555358e+00 1.100000000000000000e+01
7.400000000000000000e+01 1.132619439868204303e+01 2.222222222222222143e+01 0.000000000000000000e+00 8.000000000000000000e+00
7.500000000000000000e+01 1.025535420098846728e+01 3.055555555555555358e+01 0.000000000000000000e+00 1.100000000000000000e+01
7.600000000000000000e+01 1.103789126853377311e+01 4.444444444444444287e+01 0.000000000000000000e+00 1.600000000000000000e+01
7.700000000000000000e+01 1.140856672158154872e+01 2.500000000000000000e+01 0.000000000000000000e+00 9.000000000000000000e+00
7.800000000000000000e+01 1.124382207578253734e+01 2.500000000000000000e+01 0.000000000000000000e+00 9.000000000000000000e+00
7.900000000000000000e+01 1.157331136738056010e+01 3.611111111111110716e+01 0.000000000000000000e+00 1.300000000000000000e+01
8.000000000000000000e+01 1.161449752883031294e+01 1.944444444444444642e+01 0.000000000000000000e+00 7.000000000000000000e+00
8.100000000000000000e+01 1.214991762767710171e+01 1.666666666666666430e+01 0.000000000000000000e+00 6.000000000000000000e+00
8.200000000000000000e+01 1.144975288303130156e+01 1.388888888888888928e+01 0.000000000000000000e+00 5.000000000000000000e+00
8.300000000000000000e+01 1.210873146622734708e+01 5.555555555555555358e+00 0.000000000000000000e+00 2.000000000000000000e+00
8.400000000000000000e+01 1.161449752883031294e+01 0.000000000000000000e+00 0.000000000000000000e+00 -6.000000000000000000e+03
