# step, world, group,control
0.000000000000000000e+00 2.668863261943986842e+01 1.666666666666666430e+01 2.777777777777777857e+01 6.000000000000000000e+00
1.000000000000000000e+00 2.462932454695222617e+01 2.500000000000000000e+01 3.055555555555555358e+01 9.000000000000000000e+00
2.000000000000000000e+00 2.516474464579901493e+01 1.944444444444444642e+01 3.888888888888889284e+01 7.000000000000000000e+00
3.000000000000000000e+00 2.388797364085667141e+01 2.777777777777777857e+01 3.333333333333332860e+01 1.000000000000000000e+01
4.000000000000000000e+00 2.446457990115321479e+01 1.944444444444444642e+01 3.333333333333332860e+01 7.000000000000000000e+00
5.000000000000000000e+00 2.240527182866556899e+01 4.722222222222222854e+01 3.888888888888889284e+01 1.700000000000000000e+01
6.000000000000000000e+00 2.182866556836902561e+01 1.388888888888888928e+01 4.166666666666667140e+01 5.000000000000000000e+00
7.000000000000000000e+00 2.079901153212520626e+01 1.388888888888888928e+01 3.888888888888889284e+01 5.000000000000000000e+00
8.000000000000000000e+00 2.215815485996704837e+01 1.666666666666666430e+01 5.000000000000000000e+01 6.000000000000000000e+00
9.000000000000000000e+00 2.154036243822075747e+01 1.944444444444444642e+01 2.777777777777777857e+01 7.000000000000000000e+00
1.000000000000000000e+01 2.281713344316309744e+01 2.500000000000000000e+01 3.055555555555555358e+01 9.000000000000000000e+00
1.100000000000000000e+01 2.207578253706754623e+01 2.222222222222222143e+01 2.222222222222222143e+01 8.000000000000000000e+00
1.200000000000000000e+01 1.931630971993410384e+01 3.333333333333332860e+01 4.166666666666667140e+01 1.200000000000000000e+01
1.300000000000000000e+01 1.939868204283360598e+01 2.777777777777777857e+01 3.055555555555555358e+01 1.000000000000000000e+01
1.400000000000000000e+01 1.890444810543657184e+01 3.055555555555555358e+01 5.555555555555555713e+01 1.100000000000000000e+01
1.500000000000000000e+01 1.890444810543657184e+01 2.777777777777777857e+01 3.888888888888889284e+01 1.000000000000000000e+01
1.600000000000000000e+01 1.878088962108731508e+01 1.944444444444444642e+01 3.611111111111110716e+01 7.000000000000000000e+00
1.700000000000000000e+01 1.820428336079077525e+01 3.055555555555555358e+01 3.055555555555555358e+01 1.100000000000000000e+01
1.800000000000000000e+01 1.779242174629324680e+01 2.500000000000000000e+01 3.333333333333332860e+01 9.000000000000000000e+00
1.900000000000000000e+01 1.573311367380560100e+01 3.611111111111110716e+01 3.055555555555555358e+01 1.300000000000000000e+01
2.000000000000000000e+01 1.602141680395387269e+01 3.333333333333332860e+01 3.055555555555555358e+01 1.200000000000000000e+01
2.100000000000000000e+01 1.462108731466227241e+01 3.888888888888889284e+01 3.333333333333332860e+01 1.400000000000000000e+01
2.200000000000000000e+01 1.490939044481054410e+01 2.777777777777777857e+01 1.666666666666666430e+01 1.000000000000000000e+01
2.300000000000000000e+01 1.482701812191103663e+01 3.333333333333332860e+01 1.666666666666666430e+01 1.200000000000000000e+01
2.400000000000000000e+01 1.536243822075782717e+01 2.222222222222222143e+01 1.666666666666666430e+01 8.000000000000000000e+00
2.500000000000000000e+01 1.536243822075782717e+01 3.888888888888889284e+01 2.222222222222222143e+01 1.400000000000000000e+01
2.600000000000000000e+01 1.618616144975288407e+01 2.222222222222222143e+01 1.111111111111111072e+01 8.000000000000000000e+00
2.700000000000000000e+01 1.622734761120263514e+01 3.055555555555555358e+01 1.111111111111111072e+01 1.100000000000000000e+01
2.800000000000000000e+01 1.651565074135090683e+01 2.222222222222222143e+01 1.111111111111111072e+01 8.000000000000000000e+00
2.900000000000000000e+01 1.556836902800658962e+01 2.222222222222222143e+01 1.388888888888888928e+01 8.000000000000000000e+00
3.000000000000000000e+01 1.486820428336079125e+01 2.222222222222222143e+01 2.500000000000000000e+01 8.000000000000000000e+00
3.100000000000000000e+01 1.659802306425041252e+01 3.333333333333332860e+01 1.666666666666666430e+01 1.200000000000000000e+01
3.200000000000000000e+01 1.503294892915980263e+01 3.333333333333332860e+01 1.111111111111111072e+01 1.200000000000000000e+01
3.300000000000000000e+01 1.540362438220757824e+01 4.722222222222222854e+01 1.111111111111111072e+01 1.700000000000000000e+01
3.400000000000000000e+01 1.272652388797363976e+01 2.222222222222222143e+01 1.944444444444444642e+01 8.000000000000000000e+00
3.500000000000000000e+01 1.367380560131795697e+01 1.388888888888888928e+01 1.944444444444444642e+01 5.000000000000000000e+00
3.600000000000000000e+01 1.223228995057660740e+01 1.944444444444444642e+01 2.222222222222222143e+01 7.000000000000000000e+00
3.700000000000000000e+01 1.182042833607907717e+01 2.777777777777777857e+01 3.055555555555555358e+01 1.000000000000000000e+01
3.800000000000000000e+01 1.206754530477759602e+01 2.500000000000000000e+01 2.500000000000000000e+01 9.000000000000000000e+00
3.900000000000000000e+01 1.219110378912685277e+01 2.222222222222222143e+01 2.500000000000000000e+01 8.000000000000000000e+00
4.000000000000000000e+01 1.161449752883031294e+01 3.055555555555555358e+01 2.777777777777777857e+01 1.100000000000000000e+01
4.100000000000000000e+01 1.322075782537067390e+01 2.777777777777777857e+01 1.388888888888888928e+01 1.000000000000000000e+01
4.200000000000000000e+01 1.326194398682042852e+01 4.444444444444444287e+01 2.777777777777777679e+00 1.600000000000000000e+01
4.300000000000000000e+01 1.330313014827018137e+01 3.611111111111110716e+01 0.000000000000000000e+00 1.300000000000000000e+01
4.400000000000000000e+01 1.412685337726523827e+01 3.611111111111110716e+01 0.000000000000000000e+00 1.300000000000000000e+01
4.500000000000000000e+01 1.338550247116968528e+01 2.500000000000000000e+01 0.000000000000000000e+00 9.000000000000000000e+00
4.600000000000000000e+01 1.375617792421746444e+01 3.888888888888889284e+01 0.000000000000000000e+00 1.400000000000000000e+01
4.700000000000000000e+01 1.293245469522240576e+01 5.277777777777777857e+01 0.000000000000000000e+00 1.900000000000000000e+01
4.800000000000000000e+01 1.511532125205930832e+01 3.333333333333332860e+01 2.777777777777777679e+00 1.200000000000000000e+01
4.900000000000000000e+01 1.350906095551894559e+01 2.222222222222222143e+01 2.777777777777777679e+00 8.000000000000000000e+00
5.000000000000000000e+01 1.445634266886326103e+01 4.166666666666667140e+01 0.000000000000000000e+00 1.500000000000000000e+01
5.100000000000000000e+01 1.445634266886326103e+01 2.500000000000000000e+01 2.777777777777777679e+00 9.000000000000000000e+00
5.200000000000000000e+01 1.342668863261943990e+01 3.333333333333332860e+01 2.777777777777777679e+00 1.200000000000000000e+01
5.300000000000000000e+01 1.363261943986820413e+01 2.777777777777777857e+01 5.555555555555555358e+00 1.000000000000000000e+01
5.400000000000000000e+01 1.252059308072487553e+01 3.333333333333332860e+01 2.777777777777777679e+00 1.200000000000000000e+01
5.500000000000000000e+01 1.297364085667215861e+01 3.055555555555555358e+01 2.777777777777777679e+00 1.100000000000000000e+01
5.600000000000000000e+01 1.161449752883031294e+01 3.888888888888889284e+01 2.777777777777777679e+00 1.400000000000000000e+01
5.700000000000000000e+01 1.120263591433278449e+01 3.333333333333332860e+01 0.000000000000000000e+00 1.200000000000000000e+01
5.800000000000000000e+01 1.050247116968698435e+01 5.000000000000000000e+01 0.000000000000000000e+00 1.800000000000000000e+01
5.900000000000000000e+01 1.095551894563426742e+01 1.944444444444444642e+01 0.000000000000000000e+00 7.000000000000000000e+00
6.000000000000000000e+01 1.103789126853377311e+01 1.666666666666666430e+01 0.000000000000000000e+00 6.000000000000000000e+00
6.100000000000000000e+01 1.140856672158154872e+01 2.500000000000000000e+01 0.000000000000000000e+00 9.000000000000000000e+00
6.200000000000000000e+01 1.095551894563426742e+01 3.333333333333332860e+01 0.000000000000000000e+00 1.200000000000000000e+01
6.300000000000000000e+01 1.128500823723229018e+01 1.388888888888888928e+01 0.000000000000000000e+00 5.000000000000000000e+00
6.400000000000000000e+01 1.144975288303130156e+01 1.666666666666666430e+01 0.000000000000000000e+00 6.000000000000000000e+00
6.500000000000000000e+01 1.087314662273476173e+01 1.388888888888888928e+01 0.000000000000000000e+00 5.000000000000000000e+00
6.600000000000000000e+01 1.116144975288303165e+01 1.388888888888888928e+01 0.000000000000000000e+00 5.000000000000000000e+00
6.700000000000000000e+01 1.037891268533772759e+01 1.111111111111111072e+01 0.000000000000000000e+00 4.000000000000000000e+00
6.800000000000000000e+01 9.802306425041185989e+00 1.666666666666666430e+01 0.000000000000000000e+00 6.000000000000000000e+00
6.900000000000000000e+01 9.019769357495881934e+00 1.666666666666666430e+01 0.000000000000000000e+00 6.000000000000000000e+00
7.000000000000000000e+01 9.802306425041185989e+00 1.388888888888888928e+01 0.000000000000000000e+00 5.000000000000000000e+00
7.100000000000000000e+01 9.184514003294893314e+00 1.388888888888888928e+01 0.000000000000000000e+00 5.000000000000000000e+00
7.200000000000000000e+01 9.390444810543657539e+00 1.111111111111111072e+01 0.000000000000000000e+00 4.000000000000000000e+00
7.300000000000000000e+01 9.843492586490938834e+00 1.111111111111111072e+01 0.000000000000000000e+00 4.000000000000000000e+00
7.400000000000000000e+01 9.431630971993410384e+00 1.388888888888888928e+01 0.000000000000000000e+00 5.000000000000000000e+00
7.500000000000000000e+01 8.690280065897857398e+00 1.944444444444444642e+01 0.000000000000000000e+00 7.000000000000000000e+00
7.600000000000000000e+01 9.390444810543657539e+00 1.666666666666666430e+01 0.000000000000000000e+00 6.000000000000000000e+00
7.700000000000000000e+01 8.937397034596376244e+00 1.944444444444444642e+01 0.000000000000000000e+00 7.000000000000000000e+00
7.800000000000000000e+01 9.266886326194399004e+00 2.222222222222222143e+01 0.000000000000000000e+00 8.000000000000000000e+00
7.900000000000000000e+01 8.731466227347612019e+00 1.666666666666666430e+01 0.000000000000000000e+00 6.000000000000000000e+00
8.000000000000000000e+01 9.349258649093904694e+00 1.111111111111111072e+01 0.000000000000000000e+00 4.000000000000000000e+00
8.100000000000000000e+01 9.060955518945634779e+00 1.666666666666666430e+01 0.000000000000000000e+00 6.000000000000000000e+00
8.200000000000000000e+01 9.019769357495881934e+00 1.111111111111111072e+01 0.000000000000000000e+00 4.000000000000000000e+00
8.300000000000000000e+01 9.184514003294893314e+00 1.944444444444444642e+01 0.000000000000000000e+00 7.000000000000000000e+00
8.400000000000000000e+01 9.102141680395387624e+00 1.666666666666666430e+01 0.000000000000000000e+00 6.000000000000000000e+00
8.500000000000000000e+01 9.102141680395387624e+00 2.222222222222222143e+01 0.000000000000000000e+00 8.000000000000000000e+00
8.600000000000000000e+01 9.060955518945634779e+00 2.500000000000000000e+01 0.000000000000000000e+00 9.000000000000000000e+00
8.700000000000000000e+01 9.143327841845140469e+00 2.500000000000000000e+01 0.000000000000000000e+00 9.000000000000000000e+00
8.800000000000000000e+01 9.266886326194399004e+00 1.944444444444444642e+01 0.000000000000000000e+00 7.000000000000000000e+00
8.900000000000000000e+01 9.555189456342668919e+00 3.055555555555555358e+01 0.000000000000000000e+00 1.100000000000000000e+01
9.000000000000000000e+01 9.060955518945634779e+00 1.666666666666666430e+01 0.000000000000000000e+00 6.000000000000000000e+00
9.100000000000000000e+01 9.019769357495881934e+00 3.055555555555555358e+01 0.000000000000000000e+00 1.100000000000000000e+01
9.200000000000000000e+01 8.690280065897857398e+00 1.944444444444444642e+01 0.000000000000000000e+00 7.000000000000000000e+00
9.300000000000000000e+01 8.772652388797364864e+00 2.500000000000000000e+01 0.000000000000000000e+00 9.000000000000000000e+00
9.400000000000000000e+01 8.319604612850081793e+00 1.944444444444444642e+01 0.000000000000000000e+00 7.000000000000000000e+00
9.500000000000000000e+01 9.184514003294893314e+00 2.777777777777777857e+01 0.000000000000000000e+00 1.000000000000000000e+01
9.600000000000000000e+01 7.948929159802306188e+00 3.333333333333332860e+01 0.000000000000000000e+00 1.200000000000000000e+01
9.700000000000000000e+01 8.237232289950576103e+00 3.055555555555555358e+01 0.000000000000000000e+00 1.100000000000000000e+01
9.800000000000000000e+01 8.731466227347612019e+00 2.222222222222222143e+01 0.000000000000000000e+00 8.000000000000000000e+00
9.900000000000000000e+01 8.031301482701811878e+00 2.777777777777777857e+01 0.000000000000000000e+00 1.000000000000000000e+01
1.000000000000000000e+02 9.019769357495881934e+00 3.055555555555555358e+01 0.000000000000000000e+00 1.100000000000000000e+01
1.010000000000000000e+02 9.060955518945634779e+00 3.888888888888889284e+01 0.000000000000000000e+00 1.400000000000000000e+01
1.020000000000000000e+02 9.761120263591433144e+00 1.944444444444444642e+01 0.000000000000000000e+00 7.000000000000000000e+00
1.030000000000000000e+02 9.678747940691927454e+00 1.666666666666666430e+01 0.000000000000000000e+00 6.000000000000000000e+00
1.040000000000000000e+02 9.102141680395387624e+00 3.055555555555555358e+01 0.000000000000000000e+00 1.100000000000000000e+01
1.050000000000000000e+02 9.060955518945634779e+00 3.055555555555555358e+01 0.000000000000000000e+00 1.100000000000000000e+01
1.060000000000000000e+02 9.514003294892916074e+00 1.944444444444444642e+01 0.000000000000000000e+00 7.000000000000000000e+00
1.070000000000000000e+02 9.802306425041185989e+00 1.388888888888888928e+01 0.000000000000000000e+00 5.000000000000000000e+00
1.080000000000000000e+02 9.431630971993410384e+00 2.500000000000000000e+01 0.000000000000000000e+00 9.000000000000000000e+00
1.090000000000000000e+02 9.719934102141680299e+00 2.222222222222222143e+01 0.000000000000000000e+00 8.000000000000000000e+00
1.100000000000000000e+02 9.431630971993410384e+00 2.500000000000000000e+01 2.777777777777777679e+00 9.000000000000000000e+00
1.110000000000000000e+02 9.184514003294893314e+00 1.111111111111111072e+01 0.000000000000000000e+00 4.000000000000000000e+00
1.120000000000000000e+02 8.690280065897857398e+00 1.111111111111111072e+01 0.000000000000000000e+00 4.000000000000000000e+00
1.130000000000000000e+02 8.525535420098846018e+00 5.555555555555555358e+00 0.000000000000000000e+00 2.000000000000000000e+00
1.140000000000000000e+02 8.031301482701811878e+00 0.000000000000000000e+00 0.000000000000000000e+00 -6.000000000000000000e+03
