# step, world, group,control
0.000000000000000000e+00 2.627677100494233997e+01 3.055555555555555358e+01 2.222222222222222143e+01 1.100000000000000000e+01
1.000000000000000000e+00 2.438220757825370555e+01 3.888888888888889284e+01 1.944444444444444642e+01 1.400000000000000000e+01
2.000000000000000000e+00 2.446457990115321479e+01 2.777777777777777857e+01 1.944444444444444642e+01 1.000000000000000000e+01
3.000000000000000000e+00 2.331136738056013158e+01 3.611111111111110716e+01 2.222222222222222143e+01 1.300000000000000000e+01
4.000000000000000000e+00 2.211696869851729730e+01 4.444444444444444287e+01 3.888888888888889284e+01 1.600000000000000000e+01
5.000000000000000000e+00 2.121087314662273471e+01 2.222222222222222143e+01 4.722222222222222854e+01 8.000000000000000000e+00
6.000000000000000000e+00 2.022240527182866643e+01 3.333333333333332860e+01 2.777777777777777857e+01 1.200000000000000000e+01
7.000000000000000000e+00 2.079901153212520626e+01 2.500000000000000000e+01 2.500000000000000000e+01 9.000000000000000000e+00
8.000000000000000000e+00 1.923393739703459460e+01 4.166666666666667140e+01 3.333333333333332860e+01 1.500000000000000000e+01
9.000000000000000000e+00 1.886326194398682077e+01 5.555555555555555358e+00 1.944444444444444642e+01 2.000000000000000000e+00
1.000000000000000000e+01 1.919275123558484353e+01 0.000000000000000000e+00 2.777777777777777857e+01 -6.000000000000000000e+03
