# step, world, group,control
0.000000000000000000e+00 2.582372322899506045e+01 3.888888888888889284e+01 1.944444444444444642e+01 1.400000000000000000e+01
1.000000000000000000e+00 2.549423393739703769e+01 2.222222222222222143e+01 1.111111111111111072e+01 8.000000000000000000e+00
2.000000000000000000e+00 2.372322899505766003e+01 1.388888888888888928e+01 8.333333333333332149e+00 5.000000000000000000e+00
3.000000000000000000e+00 2.421746293245469417e+01 5.555555555555555358e+00 1.111111111111111072e+01 2.000000000000000000e+00
4.000000000000000000e+00 2.166392092257001423e+01 1.111111111111111072e+01 1.388888888888888928e+01 4.000000000000000000e+00
5.000000000000000000e+00 1.981054365733113798e+01 8.333333333333332149e+00 1.666666666666666430e+01 3.000000000000000000e+00
6.000000000000000000e+00 1.878088962108731508e+01 1.666666666666666430e+01 2.222222222222222143e+01 6.000000000000000000e+00
7.000000000000000000e+00 1.849258649093904339e+01 5.555555555555555358e+00 1.666666666666666430e+01 2.000000000000000000e+00
8.000000000000000000e+00 1.845140032948929232e+01 2.777777777777777679e+00 2.777777777777777857e+01 1.000000000000000000e+00
9.000000000000000000e+00 1.849258649093904339e+01 0.000000000000000000e+00 1.944444444444444642e+01 -6.000000000000000000e+03
