# step, world, group,control
0.000000000000000000e+00 2.660626029654036273e+01 1.388888888888888928e+01 2.222222222222222143e+01 5.000000000000000000e+00
1.000000000000000000e+00 2.520593080724876600e+01 2.777777777777777857e+01 2.222222222222222143e+01 1.000000000000000000e+01
2.000000000000000000e+00 2.446457990115321479e+01 1.111111111111111072e+01 3.055555555555555358e+01 4.000000000000000000e+00
3.000000000000000000e+00 2.310543657331136558e+01 1.388888888888888928e+01 3.611111111111110716e+01 5.000000000000000000e+00
4.000000000000000000e+00 2.265238879736408606e+01 1.666666666666666430e+01 2.777777777777777857e+01 6.000000000000000000e+00
5.000000000000000000e+00 2.359967051070839972e+01 2.500000000000000000e+01 3.611111111111110716e+01 9.000000000000000000e+00
6.000000000000000000e+00 2.224052718286655761e+01 2.222222222222222143e+01 1.111111111111111072e+01 8.000000000000000000e+00
7.000000000000000000e+00 2.145799011532125178e+01 1.944444444444444642e+01 2.777777777777777679e+00 7.000000000000000000e+00
8.000000000000000000e+00 1.993410214168039474e+01 2.500000000000000000e+01 8.333333333333332149e+00 9.000000000000000000e+00
9.000000000000000000e+00 1.911037891268533784e+01 2.500000000000000000e+01 5.555555555555555358e+00 9.000000000000000000e+00
1.000000000000000000e+01 1.787479406919275249e+01 2.500000000000000000e+01 8.333333333333332149e+00 9.000000000000000000e+00
1.100000000000000000e+01 1.733937397034596373e+01 3.611111111111110716e+01 8.333333333333332149e+00 1.300000000000000000e+01
1.200000000000000000e+01 1.791598023064250356e+01 2.500000000000000000e+01 8.333333333333332149e+00 9.000000000000000000e+00
1.300000000000000000e+01 1.890444810543657184e+01 2.222222222222222143e+01 8.333333333333332149e+00 8.000000000000000000e+00
1.400000000000000000e+01 1.626853377265238976e+01 8.333333333333332149e+00 1.111111111111111072e+01 3.000000000000000000e+00
1.500000000000000000e+01 1.676276771004942390e+01 5.555555555555555358e+00 1.111111111111111072e+01 2.000000000000000000e+00
1.600000000000000000e+01 1.692751235584843528e+01 0.000000000000000000e+00 1.111111111111111072e+01 -6.000000000000000000e+03
