# step, world, group,control
0.000000000000000000e+00 2.528830313014827169e+01 2.222222222222222143e+01 1.111111111111111072e+01 8.000000000000000000e+00
1.000000000000000000e+00 2.392915980230642248e+01 2.222222222222222143e+01 1.111111111111111072e+01 8.000000000000000000e+00
2.000000000000000000e+00 2.380560131795716572e+01 3.333333333333332860e+01 1.388888888888888928e+01 1.200000000000000000e+01
3.000000000000000000e+00 2.211696869851729730e+01 1.666666666666666430e+01 1.666666666666666430e+01 6.000000000000000000e+00
4.000000000000000000e+00 2.009884678747940612e+01 1.944444444444444642e+01 1.944444444444444642e+01 7.000000000000000000e+00
5.000000000000000000e+00 1.972817133443163229e+01 3.055555555555555358e+01 2.222222222222222143e+01 1.100000000000000000e+01
6.000000000000000000e+00 1.729818780889621266e+01 2.222222222222222143e+01 2.500000000000000000e+01 8.000000000000000000e+00
7.000000000000000000e+00 1.610378912685337838e+01 3.611111111111110716e+01 3.333333333333332860e+01 1.300000000000000000e+01
8.000000000000000000e+00 1.618616144975288407e+01 2.500000000000000000e+01 3.611111111111110716e+01 9.000000000000000000e+00
9.000000000000000000e+00 1.602141680395387269e+01 3.888888888888889284e+01 1.944444444444444642e+01 1.400000000000000000e+01
1.000000000000000000e+01 1.598023064250411807e+01 8.333333333333332149e+00 3.333333333333332860e+01 3.000000000000000000e+00
1.100000000000000000e+01 1.536243822075782717e+01 5.555555555555555358e+00 3.611111111111110716e+01 2.000000000000000000e+00
1.200000000000000000e+01 1.581548599670510669e+01 5.555555555555555358e+00 3.888888888888889284e+01 2.000000000000000000e+00
1.300000000000000000e+01 1.511532125205930832e+01 1.111111111111111072e+01 5.277777777777777857e+01 4.000000000000000000e+00
1.400000000000000000e+01 1.614497528830312945e+01 2.222222222222222143e+01 2.222222222222222143e+01 8.000000000000000000e+00
1.500000000000000000e+01 1.766886326194398649e+01 1.666666666666666430e+01 1.944444444444444642e+01 6.000000000000000000e+00
1.600000000000000000e+01 1.602141680395387269e+01 8.333333333333332149e+00 2.222222222222222143e+01 3.000000000000000000e+00
1.700000000000000000e+01 1.519769357495881579e+01 1.111111111111111072e+01 3.611111111111110716e+01 4.000000000000000000e+00
1.800000000000000000e+01 1.437397034596375711e+01 1.111111111111111072e+01 1.388888888888888928e+01 4.000000000000000000e+00
1.900000000000000000e+01 1.482701812191103663e+01 1.388888888888888928e+01 1.666666666666666430e+01 5.000000000000000000e+00
2.000000000000000000e+01 1.276771004942339438e+01 1.388888888888888928e+01 2.222222222222222143e+01 5.000000000000000000e+00
2.100000000000000000e+01 1.412685337726523827e+01 1.388888888888888928e+01 1.666666666666666430e+01 5.000000000000000000e+00
2.200000000000000000e+01 1.334431630971993421e+01 1.111111111111111072e+01 1.944444444444444642e+01 4.000000000000000000e+00
2.300000000000000000e+01 1.260296540362438300e+01 1.111111111111111072e+01 8.333333333333332149e+00 4.000000000000000000e+00
2.400000000000000000e+01 1.313838550247116999e+01 1.666666666666666430e+01 1.388888888888888928e+01 6.000000000000000000e+00
2.500000000000000000e+01 1.235584843492586415e+01 1.944444444444444642e+01 1.388888888888888928e+01 7.000000000000000000e+00
2.600000000000000000e+01 1.268533772652388691e+01 2.500000000000000000e+01 8.333333333333332149e+00 9.000000000000000000e+00
2.700000000000000000e+01 1.355024711696869666e+01 1.666666666666666430e+01 5.555555555555555358e+00 6.000000000000000000e+00
2.800000000000000000e+01 1.404448105436573435e+01 2.222222222222222143e+01 1.111111111111111072e+01 8.000000000000000000e+00
2.900000000000000000e+01 1.359143327841845306e+01 2.222222222222222143e+01 1.111111111111111072e+01 8.000000000000000000e+00
3.000000000000000000e+01 1.490939044481054410e+01 2.777777777777777857e+01 2.222222222222222143e+01 1.000000000000000000e+01
3.100000000000000000e+01 1.482701812191103663e+01 1.111111111111111072e+01 1.111111111111111072e+01 4.000000000000000000e+00
3.200000000000000000e+01 1.573311367380560100e+01 5.555555555555555358e+00 1.111111111111111072e+01 2.000000000000000000e+00
3.300000000000000000e+01 1.593904448105436522e+01 2.777777777777777679e+00 8.333333333333332149e+00 1.000000000000000000e+00
3.400000000000000000e+01 1.672158154859966928e+01 8.333333333333332149e+00 1.111111111111111072e+01 3.000000000000000000e+00
3.500000000000000000e+01 1.700988467874794097e+01 1.388888888888888928e+01 1.666666666666666430e+01 5.000000000000000000e+00
3.600000000000000000e+01 1.696869851729818990e+01 5.555555555555555358e+00 2.500000000000000000e+01 2.000000000000000000e+00
3.700000000000000000e+01 1.808072487644151494e+01 8.333333333333332149e+00 3.611111111111110716e+01 3.000000000000000000e+00
3.800000000000000000e+01 1.676276771004942390e+01 8.333333333333332149e+00 1.388888888888888928e+01 3.000000000000000000e+00
3.900000000000000000e+01 1.758649093904448080e+01 1.111111111111111072e+01 3.055555555555555358e+01 4.000000000000000000e+00
4.000000000000000000e+01 1.593904448105436522e+01 8.333333333333332149e+00 8.333333333333332149e+00 3.000000000000000000e+00
4.100000000000000000e+01 1.598023064250411807e+01 1.111111111111111072e+01 0.000000000000000000e+00 4.000000000000000000e+00
4.200000000000000000e+01 1.412685337726523827e+01 1.388888888888888928e+01 0.000000000000000000e+00 5.000000000000000000e+00
4.300000000000000000e+01 1.268533772652388691e+01 1.388888888888888928e+01 0.000000000000000000e+00 5.000000000000000000e+00
4.400000000000000000e+01 1.227347611202635846e+01 1.388888888888888928e+01 0.000000000000000000e+00 5.000000000000000000e+00
4.500000000000000000e+01 1.165568369028006579e+01 1.388888888888888928e+01 5.555555555555555358e+00 5.000000000000000000e+00
4.600000000000000000e+01 1.087314662273476173e+01 1.666666666666666430e+01 8.333333333333332149e+00 6.000000000000000000e+00
4.700000000000000000e+01 1.074958813838550142e+01 1.388888888888888928e+01 1.388888888888888928e+01 5.000000000000000000e+00
4.800000000000000000e+01 1.070840197693575035e+01 1.388888888888888928e+01 1.388888888888888928e+01 5.000000000000000000e+00
4.900000000000000000e+01 1.029654036243822013e+01 1.666666666666666430e+01 1.666666666666666430e+01 6.000000000000000000e+00
5.000000000000000000e+01 1.149093904448105441e+01 1.944444444444444642e+01 1.388888888888888928e+01 7.000000000000000000e+00
5.100000000000000000e+01 1.013179571663920875e+01 1.944444444444444642e+01 2.500000000000000000e+01 7.000000000000000000e+00
5.200000000000000000e+01 1.177924217462932432e+01 2.500000000000000000e+01 2.222222222222222143e+01 9.000000000000000000e+00
5.300000000000000000e+01 1.042009884678747866e+01 3.055555555555555358e+01 1.666666666666666430e+01 1.100000000000000000e+01
5.400000000000000000e+01 1.210873146622734708e+01 2.500000000000000000e+01 1.666666666666666430e+01 9.000000000000000000e+00
5.500000000000000000e+01 1.157331136738056010e+01 3.888888888888889284e+01 2.500000000000000000e+01 1.400000000000000000e+01
5.600000000000000000e+01 1.198517298187809033e+01 3.055555555555555358e+01 2.222222222222222143e+01 1.100000000000000000e+01
5.700000000000000000e+01 1.235584843492586415e+01 3.611111111111110716e+01 2.500000000000000000e+01 1.300000000000000000e+01
5.800000000000000000e+01 1.252059308072487553e+01 2.222222222222222143e+01 1.944444444444444642e+01 8.000000000000000000e+00
5.900000000000000000e+01 1.297364085667215861e+01 1.944444444444444642e+01 1.388888888888888928e+01 7.000000000000000000e+00
6.000000000000000000e+01 1.219110378912685277e+01 3.055555555555555358e+01 1.111111111111111072e+01 1.100000000000000000e+01
6.100000000000000000e+01 1.256177924217462838e+01 3.055555555555555358e+01 1.944444444444444642e+01 1.100000000000000000e+01
6.200000000000000000e+01 1.173805601317957148e+01 4.166666666666667140e+01 1.388888888888888928e+01 1.500000000000000000e+01
6.300000000000000000e+01 1.231466227347611309e+01 2.500000000000000000e+01 2.222222222222222143e+01 9.000000000000000000e+00
6.400000000000000000e+01 1.169686985172981863e+01 2.222222222222222143e+01 8.333333333333332149e+00 8.000000000000000000e+00
6.500000000000000000e+01 1.128500823723229018e+01 1.944444444444444642e+01 5.555555555555555358e+00 7.000000000000000000e+00
6.600000000000000000e+01 1.194398682042833570e+01 3.333333333333332860e+01 5.555555555555555358e+00 1.200000000000000000e+01
6.700000000000000000e+01 1.231466227347611309e+01 1.666666666666666430e+01 5.555555555555555358e+00 6.000000000000000000e+00
6.800000000000000000e+01 1.280889621087314723e+01 2.500000000000000000e+01 2.777777777777777679e+00 9.000000000000000000e+00
6.900000000000000000e+01 1.449752883031301387e+01 1.111111111111111072e+01 2.777777777777777679e+00 4.000000000000000000e+00
7.000000000000000000e+01 1.400329489291597973e+01 1.944444444444444642e+01 0.000000000000000000e+00 7.000000000000000000e+00
7.100000000000000000e+01 1.412685337726523827e+01 2.222222222222222143e+01 0.000000000000000000e+00 8.000000000000000000e+00
7.200000000000000000e+01 1.313838550247116999e+01 1.666666666666666430e+01 0.000000000000000000e+00 6.000000000000000000e+00
7.300000000000000000e+01 1.416803953871499111e+01 1.666666666666666430e+01 0.000000000000000000e+00 6.000000000000000000e+00
7.400000000000000000e+01 1.206754530477759602e+01 1.944444444444444642e+01 0.000000000000000000e+00 7.000000000000000000e+00
7.500000000000000000e+01 1.301482701812190967e+01 1.666666666666666430e+01 0.000000000000000000e+00 6.000000000000000000e+00
7.600000000000000000e+01 1.342668863261943990e+01 1.388888888888888928e+01 0.000000000000000000e+00 5.000000000000000000e+00
7.700000000000000000e+01 1.268533772652388691e+01 1.666666666666666430e+01 8.333333333333332149e+00 6.000000000000000000e+00
7.800000000000000000e+01 1.194398682042833570e+01 1.944444444444444642e+01 5.555555555555555358e+00 7.000000000000000000e+00
7.900000000000000000e+01 1.177924217462932432e+01 2.222222222222222143e+01 0.000000000000000000e+00 8.000000000000000000e+00
8.000000000000000000e+01 1.194398682042833570e+01 1.111111111111111072e+01 0.000000000000000000e+00 4.000000000000000000e+00
8.100000000000000000e+01 1.116144975288303165e+01 1.944444444444444642e+01 0.000000000000000000e+00 7.000000000000000000e+00
8.200000000000000000e+01 1.054365733113673897e+01 1.666666666666666430e+01 2.777777777777777679e+00 6.000000000000000000e+00
8.300000000000000000e+01 1.120263591433278449e+01 1.388888888888888928e+01 2.777777777777777679e+00 5.000000000000000000e+00
8.400000000000000000e+01 1.087314662273476173e+01 2.222222222222222143e+01 2.777777777777777679e+00 8.000000000000000000e+00
8.500000000000000000e+01 1.198517298187809033e+01 1.944444444444444642e+01 0.000000000000000000e+00 7.000000000000000000e+00
8.600000000000000000e+01 1.095551894563426742e+01 2.500000000000000000e+01 0.000000000000000000e+00 9.000000000000000000e+00
8.700000000000000000e+01 1.095551894563426742e+01 3.611111111111110716e+01 0.000000000000000000e+00 1.300000000000000000e+01
8.800000000000000000e+01 1.140856672158154872e+01 1.388888888888888928e+01 0.000000000000000000e+00 5.000000000000000000e+00
8.900000000000000000e+01 1.194398682042833570e+01 1.666666666666666430e+01 2.777777777777777679e+00 6.000000000000000000e+00
9.000000000000000000e+01 1.182042833607907717e+01 8.333333333333332149e+00 8.333333333333332149e+00 3.000000000000000000e+00
9.100000000000000000e+01 1.247940691927512447e+01 8.333333333333332149e+00 8.333333333333332149e+00 3.000000000000000000e+00
9.200000000000000000e+01 1.198517298187809033e+01 1.388888888888888928e+01 8.333333333333332149e+00 5.000000000000000000e+00
9.300000000000000000e+01 1.177924217462932432e+01 1.388888888888888928e+01 1.388888888888888928e+01 5.000000000000000000e+00
9.400000000000000000e+01 1.062602965403624466e+01 8.333333333333332149e+00 8.333333333333332149e+00 3.000000000000000000e+00
9.500000000000000000e+01 1.074958813838550142e+01 5.555555555555555358e+00 8.333333333333332149e+00 2.000000000000000000e+00
9.600000000000000000e+01 1.087314662273476173e+01 0.000000000000000000e+00 8.333333333333332149e+00 -6.000000000000000000e+03
