# step, world, group,control
0.000000000000000000e+00 2.425864909390444524e+01 3.888888888888889284e+01 2.777777777777777857e+01 1.400000000000000000e+01
1.000000000000000000e+00 2.368204283360790896e+01 2.222222222222222143e+01 2.777777777777777857e+01 8.000000000000000000e+00
2.000000000000000000e+00 2.421746293245469417e+01 1.944444444444444642e+01 3.055555555555555358e+01 7.000000000000000000e+00
3.000000000000000000e+00 2.405271828665568279e+01 2.777777777777777857e+01 3.333333333333332860e+01 1.000000000000000000e+01
4.000000000000000000e+00 2.327018121911037696e+01 2.777777777777777857e+01 2.222222222222222143e+01 1.000000000000000000e+01
5.000000000000000000e+00 2.257001647446458037e+01 2.222222222222222143e+01 2.777777777777777857e+01 8.000000000000000000e+00
6.000000000000000000e+00 2.294069192751235420e+01 1.944444444444444642e+01 1.666666666666666430e+01 7.000000000000000000e+00
7.000000000000000000e+00 2.240527182866556899e+01 5.555555555555555358e+00 1.666666666666666430e+01 2.000000000000000000e+00
8.000000000000000000e+00 2.121087314662273471e+01 1.388888888888888928e+01 2.222222222222222143e+01 5.000000000000000000e+00
9.000000000000000000e+00 1.960461285008237198e+01 1.666666666666666430e+01 1.666666666666666430e+01 6.000000000000000000e+00
1.000000000000000000e+01 1.931630971993410384e+01 2.500000000000000000e+01 1.111111111111111072e+01 9.000000000000000000e+00
1.100000000000000000e+01 1.812191103789126956e+01 2.500000000000000000e+01 1.388888888888888928e+01 9.000000000000000000e+00
1.200000000000000000e+01 1.577429983525535384e+01 3.055555555555555358e+01 1.111111111111111072e+01 1.100000000000000000e+01
1.300000000000000000e+01 1.618616144975288407e+01 3.333333333333332860e+01 8.333333333333332149e+00 1.200000000000000000e+01
1.400000000000000000e+01 1.585667215815486131e+01 2.500000000000000000e+01 8.333333333333332149e+00 9.000000000000000000e+00
1.500000000000000000e+01 1.861614497528830370e+01 3.055555555555555358e+01 8.333333333333332149e+00 1.100000000000000000e+01
1.600000000000000000e+01 1.610378912685337838e+01 2.222222222222222143e+01 1.111111111111111072e+01 8.000000000000000000e+00
1.700000000000000000e+01 1.733937397034596373e+01 3.055555555555555358e+01 1.944444444444444642e+01 1.100000000000000000e+01
1.800000000000000000e+01 1.705107084019769204e+01 1.666666666666666430e+01 2.222222222222222143e+01 6.000000000000000000e+00
1.900000000000000000e+01 1.602141680395387269e+01 1.388888888888888928e+01 2.222222222222222143e+01 5.000000000000000000e+00
2.000000000000000000e+01 1.696869851729818990e+01 2.777777777777777857e+01 1.944444444444444642e+01 1.000000000000000000e+01
2.100000000000000000e+01 1.528006589785831970e+01 1.666666666666666430e+01 2.500000000000000000e+01 6.000000000000000000e+00
2.200000000000000000e+01 1.614497528830312945e+01 2.777777777777777857e+01 4.166666666666667140e+01 1.000000000000000000e+01
2.300000000000000000e+01 1.408566721581548720e+01 2.222222222222222143e+01 2.777777777777777857e+01 8.000000000000000000e+00
2.400000000000000000e+01 1.408566721581548720e+01 3.611111111111110716e+01 3.611111111111110716e+01 1.300000000000000000e+01
2.500000000000000000e+01 1.293245469522240576e+01 3.333333333333332860e+01 3.333333333333332860e+01 1.200000000000000000e+01
2.600000000000000000e+01 1.330313014827018137e+01 2.222222222222222143e+01 3.055555555555555358e+01 8.000000000000000000e+00
2.700000000000000000e+01 1.445634266886326103e+01 2.777777777777777857e+01 1.666666666666666430e+01 1.000000000000000000e+01
2.800000000000000000e+01 1.363261943986820413e+01 2.500000000000000000e+01 2.222222222222222143e+01 9.000000000000000000e+00
2.900000000000000000e+01 1.330313014827018137e+01 2.777777777777777857e+01 1.944444444444444642e+01 1.000000000000000000e+01
3.000000000000000000e+01 1.247940691927512447e+01 1.944444444444444642e+01 1.388888888888888928e+01 7.000000000000000000e+00
3.100000000000000000e+01 1.128500823723229018e+01 2.500000000000000000e+01 3.055555555555555358e+01 9.000000000000000000e+00
3.200000000000000000e+01 1.046128500823723328e+01 1.111111111111111072e+01 2.500000000000000000e+01 4.000000000000000000e+00
3.300000000000000000e+01 8.937397034596376244e+00 1.944444444444444642e+01 3.055555555555555358e+01 7.000000000000000000e+00
3.400000000000000000e+01 9.678747940691927454e+00 1.944444444444444642e+01 3.333333333333332860e+01 7.000000000000000000e+00
3.500000000000000000e+01 9.019769357495881934e+00 2.222222222222222143e+01 5.000000000000000000e+01 8.000000000000000000e+00
3.600000000000000000e+01 9.019769357495881934e+00 1.388888888888888928e+01 2.500000000000000000e+01 5.000000000000000000e+00
3.700000000000000000e+01 1.017298187808896159e+01 1.944444444444444642e+01 3.055555555555555358e+01 7.000000000000000000e+00
3.800000000000000000e+01 1.004942339373970306e+01 2.222222222222222143e+01 1.944444444444444642e+01 8.000000000000000000e+00
3.900000000000000000e+01 1.103789126853377311e+01 1.666666666666666430e+01 1.666666666666666430e+01 6.000000000000000000e+00
4.000000000000000000e+01 8.937397034596376244e+00 2.500000000000000000e+01 2.500000000000000000e+01 9.000000000000000000e+00
4.100000000000000000e+01 9.431630971993410384e+00 1.666666666666666430e+01 1.666666666666666430e+01 6.000000000000000000e+00
4.200000000000000000e+01 9.472817133443163229e+00 2.222222222222222143e+01 1.388888888888888928e+01 8.000000000000000000e+00
4.300000000000000000e+01 9.596375617792421764e+00 2.222222222222222143e+01 2.222222222222222143e+01 8.000000000000000000e+00
4.400000000000000000e+01 9.308072487644151849e+00 1.388888888888888928e+01 1.944444444444444642e+01 5.000000000000000000e+00
4.500000000000000000e+01 9.143327841845140469e+00 1.944444444444444642e+01 3.055555555555555358e+01 7.000000000000000000e+00
4.600000000000000000e+01 8.443163097199340328e+00 2.777777777777777857e+01 1.944444444444444642e+01 1.000000000000000000e+01
4.700000000000000000e+01 8.566721581548600639e+00 2.777777777777777857e+01 3.888888888888889284e+01 1.000000000000000000e+01
4.800000000000000000e+01 8.360790774299834638e+00 3.888888888888889284e+01 2.222222222222222143e+01 1.400000000000000000e+01
4.900000000000000000e+01 8.237232289950576103e+00 3.611111111111110716e+01 3.333333333333332860e+01 1.300000000000000000e+01
5.000000000000000000e+01 8.607907742998351708e+00 5.277777777777777857e+01 2.500000000000000000e+01 1.900000000000000000e+01
5.100000000000000000e+01 9.514003294892916074e+00 3.888888888888889284e+01 2.500000000000000000e+01 1.400000000000000000e+01
5.200000000000000000e+01 9.719934102141680299e+00 3.055555555555555358e+01 2.222222222222222143e+01 1.100000000000000000e+01
5.300000000000000000e+01 1.037891268533772759e+01 3.888888888888889284e+01 2.777777777777777857e+01 1.400000000000000000e+01
5.400000000000000000e+01 9.843492586490938834e+00 2.777777777777777857e+01 2.500000000000000000e+01 1.000000000000000000e+01
5.500000000000000000e+01 9.184514003294893314e+00 3.055555555555555358e+01 2.222222222222222143e+01 1.100000000000000000e+01
5.600000000000000000e+01 9.884678747940691679e+00 2.777777777777777857e+01 1.944444444444444642e+01 1.000000000000000000e+01
5.700000000000000000e+01 8.566721581548600639e+00 2.777777777777777857e+01 3.611111111111110716e+01 1.000000000000000000e+01
5.800000000000000000e+01 9.184514003294893314e+00 3.055555555555555358e+01 2.222222222222222143e+01 1.100000000000000000e+01
5.900000000000000000e+01 8.443163097199340328e+00 2.777777777777777857e+01 3.611111111111110716e+01 1.000000000000000000e+01
6.000000000000000000e+01 9.019769357495881934e+00 3.888888888888889284e+01 2.500000000000000000e+01 1.400000000000000000e+01
6.100000000000000000e+01 9.060955518945634779e+00 3.055555555555555358e+01 2.500000000000000000e+01 1.100000000000000000e+01
6.200000000000000000e+01 9.555189456342668919e+00 3.333333333333332860e+01 3.611111111111110716e+01 1.200000000000000000e+01
6.300000000000000000e+01 1.021416803953871444e+01 3.055555555555555358e+01 2.222222222222222143e+01 1.100000000000000000e+01
6.400000000000000000e+01 1.083196046128500711e+01 2.500000000000000000e+01 1.944444444444444642e+01 9.000000000000000000e+00
6.500000000000000000e+01 1.095551894563426742e+01 2.222222222222222143e+01 2.500000000000000000e+01 8.000000000000000000e+00
6.600000000000000000e+01 9.843492586490938834e+00 2.777777777777777857e+01 2.222222222222222143e+01 1.000000000000000000e+01
6.700000000000000000e+01 1.029654036243822013e+01 3.055555555555555358e+01 2.777777777777777857e+01 1.100000000000000000e+01
6.800000000000000000e+01 1.112026359143327880e+01 3.611111111111110716e+01 2.777777777777777857e+01 1.300000000000000000e+01
6.900000000000000000e+01 1.062602965403624466e+01 3.611111111111110716e+01 2.500000000000000000e+01 1.300000000000000000e+01
7.000000000000000000e+01 1.128500823723229018e+01 2.500000000000000000e+01 3.055555555555555358e+01 9.000000000000000000e+00
7.100000000000000000e+01 1.136738056013179587e+01 2.222222222222222143e+01 2.777777777777777857e+01 8.000000000000000000e+00
7.200000000000000000e+01 1.214991762767710171e+01 3.055555555555555358e+01 4.444444444444444287e+01 1.100000000000000000e+01
7.300000000000000000e+01 1.112026359143327880e+01 4.444444444444444287e+01 2.777777777777777857e+01 1.600000000000000000e+01
7.400000000000000000e+01 1.190280065897858286e+01 3.333333333333332860e+01 3.055555555555555358e+01 1.200000000000000000e+01
7.500000000000000000e+01 1.169686985172981863e+01 1.944444444444444642e+01 3.611111111111110716e+01 7.000000000000000000e+00
7.600000000000000000e+01 1.214991762767710171e+01 1.944444444444444642e+01 4.166666666666667140e+01 7.000000000000000000e+00
7.700000000000000000e+01 1.194398682042833570e+01 1.944444444444444642e+01 2.222222222222222143e+01 7.000000000000000000e+00
7.800000000000000000e+01 1.355024711696869666e+01 2.222222222222222143e+01 3.055555555555555358e+01 8.000000000000000000e+00
7.900000000000000000e+01 1.161449752883031294e+01 2.500000000000000000e+01 2.500000000000000000e+01 9.000000000000000000e+00
8.000000000000000000e+01 1.264415156507413585e+01 3.611111111111110716e+01 2.500000000000000000e+01 1.300000000000000000e+01
8.100000000000000000e+01 1.210873146622734708e+01 2.500000000000000000e+01 1.388888888888888928e+01 9.000000000000000000e+00
8.200000000000000000e+01 1.190280065897858286e+01 3.888888888888889284e+01 1.666666666666666430e+01 1.400000000000000000e+01
8.300000000000000000e+01 1.293245469522240576e+01 3.055555555555555358e+01 8.333333333333332149e+00 1.100000000000000000e+01
8.400000000000000000e+01 1.387973640856671942e+01 3.055555555555555358e+01 8.333333333333332149e+00 1.100000000000000000e+01
8.500000000000000000e+01 1.289126853377265114e+01 3.333333333333332860e+01 8.333333333333332149e+00 1.200000000000000000e+01
8.600000000000000000e+01 1.326194398682042852e+01 3.055555555555555358e+01 1.111111111111111072e+01 1.100000000000000000e+01
8.700000000000000000e+01 1.231466227347611309e+01 3.333333333333332860e+01 1.111111111111111072e+01 1.200000000000000000e+01
8.800000000000000000e+01 1.305601317957166252e+01 3.611111111111110716e+01 1.111111111111111072e+01 1.300000000000000000e+01
8.900000000000000000e+01 1.264415156507413585e+01 4.166666666666667140e+01 1.666666666666666430e+01 1.500000000000000000e+01
9.000000000000000000e+01 1.235584843492586415e+01 2.777777777777777857e+01 1.388888888888888928e+01 1.000000000000000000e+01
9.100000000000000000e+01 1.198517298187809033e+01 2.777777777777777857e+01 1.111111111111111072e+01 1.000000000000000000e+01
9.200000000000000000e+01 1.198517298187809033e+01 2.500000000000000000e+01 1.388888888888888928e+01 9.000000000000000000e+00
9.300000000000000000e+01 1.214991762767710171e+01 4.166666666666667140e+01 1.111111111111111072e+01 1.500000000000000000e+01
9.400000000000000000e+01 1.243822075782536984e+01 2.500000000000000000e+01 1.388888888888888928e+01 9.000000000000000000e+00
9.500000000000000000e+01 1.182042833607907717e+01 3.333333333333332860e+01 2.500000000000000000e+01 1.200000000000000000e+01
9.600000000000000000e+01 1.272652388797363976e+01 3.055555555555555358e+01 1.388888888888888928e+01 1.100000000000000000e+01
9.700000000000000000e+01 1.256177924217462838e+01 2.500000000000000000e+01 1.111111111111111072e+01 9.000000000000000000e+00
9.800000000000000000e+01 1.247940691927512447e+01 2.500000000000000000e+01 1.666666666666666430e+01 9.000000000000000000e+00
9.900000000000000000e+01 1.161449752883031294e+01 2.777777777777777857e+01 2.777777777777777857e+01 1.000000000000000000e+01
1.000000000000000000e+02 1.066721581548599573e+01 1.944444444444444642e+01 2.500000000000000000e+01 7.000000000000000000e+00
1.010000000000000000e+02 1.120263591433278449e+01 2.222222222222222143e+01 3.333333333333332860e+01 8.000000000000000000e+00
1.020000000000000000e+02 9.925864909390444524e+00 2.222222222222222143e+01 2.222222222222222143e+01 8.000000000000000000e+00
1.030000000000000000e+02 1.000823723228995021e+01 1.666666666666666430e+01 2.500000000000000000e+01 6.000000000000000000e+00
1.040000000000000000e+02 1.046128500823723328e+01 1.666666666666666430e+01 1.944444444444444642e+01 6.000000000000000000e+00
1.050000000000000000e+02 9.678747940691927454e+00 1.944444444444444642e+01 1.388888888888888928e+01 7.000000000000000000e+00
1.060000000000000000e+02 8.896210873146623399e+00 1.944444444444444642e+01 1.388888888888888928e+01 7.000000000000000000e+00
1.070000000000000000e+02 8.937397034596376244e+00 2.222222222222222143e+01 1.388888888888888928e+01 8.000000000000000000e+00
1.080000000000000000e+02 8.154859967051070413e+00 3.333333333333332860e+01 1.944444444444444642e+01 1.200000000000000000e+01
1.090000000000000000e+02 8.443163097199340328e+00 2.500000000000000000e+01 1.666666666666666430e+01 9.000000000000000000e+00
1.100000000000000000e+02 7.907742998352553343e+00 3.055555555555555358e+01 1.111111111111111072e+01 1.100000000000000000e+01
1.110000000000000000e+02 7.537067545304777738e+00 3.888888888888889284e+01 1.388888888888888928e+01 1.400000000000000000e+01
1.120000000000000000e+02 7.042833607907743598e+00 3.888888888888889284e+01 2.500000000000000000e+01 1.400000000000000000e+01
1.130000000000000000e+02 6.466227347611202880e+00 4.166666666666667140e+01 1.944444444444444642e+01 1.500000000000000000e+01
1.140000000000000000e+02 7.084019769357495555e+00 2.777777777777777857e+01 3.055555555555555358e+01 1.000000000000000000e+01
1.150000000000000000e+02 6.754530477759472795e+00 3.888888888888889284e+01 1.388888888888888928e+01 1.400000000000000000e+01
1.160000000000000000e+02 7.537067545304777738e+00 2.777777777777777857e+01 1.388888888888888928e+01 1.000000000000000000e+01
1.170000000000000000e+02 7.578253706754529695e+00 1.944444444444444642e+01 1.666666666666666430e+01 7.000000000000000000e+00
1.180000000000000000e+02 7.495881383855024005e+00 1.944444444444444642e+01 1.111111111111111072e+01 7.000000000000000000e+00
1.190000000000000000e+02 6.383855024711697190e+00 2.500000000000000000e+01 1.111111111111111072e+01 9.000000000000000000e+00
1.200000000000000000e+02 6.878088962108732218e+00 1.944444444444444642e+01 1.666666666666666430e+01 7.000000000000000000e+00
1.210000000000000000e+02 6.548599670510708570e+00 2.500000000000000000e+01 1.944444444444444642e+01 9.000000000000000000e+00
1.220000000000000000e+02 6.795716639209226528e+00 3.055555555555555358e+01 1.666666666666666430e+01 1.100000000000000000e+01
1.230000000000000000e+02 7.084019769357495555e+00 1.666666666666666430e+01 2.777777777777777857e+01 6.000000000000000000e+00
1.240000000000000000e+02 7.454695222405272048e+00 5.555555555555555358e+00 1.666666666666666430e+01 2.000000000000000000e+00
1.250000000000000000e+02 7.413509060955518315e+00 0.000000000000000000e+00 2.777777777777777857e+01 -6.000000000000000000e+03
