# step, world, group,control
0.000000000000000000e+00 2.837726523887973329e+01 2.777777777777777857e+01 3.888888888888889284e+01 1.000000000000000000e+01
1.000000000000000000e+00 2.644151565074134780e+01 3.333333333333332860e+01 2.777777777777777857e+01 1.200000000000000000e+01
2.000000000000000000e+00 2.627677100494233997e+01 4.166666666666667140e+01 3.333333333333332860e+01 1.500000000000000000e+01
3.000000000000000000e+00 2.487644151565073969e+01 4.444444444444444287e+01 4.722222222222222854e+01 1.600000000000000000e+01
4.000000000000000000e+00 2.500000000000000000e+01 3.888888888888889284e+01 2.777777777777777857e+01 1.400000000000000000e+01
5.000000000000000000e+00 2.458813838550247155e+01 4.166666666666667140e+01 3.333333333333332860e+01 1.500000000000000000e+01
6.000000000000000000e+00 2.364085667215815434e+01 3.055555555555555358e+01 2.777777777777777857e+01 1.100000000000000000e+01
7.000000000000000000e+00 2.302306425041186344e+01 5.555555555555555713e+01 3.333333333333332860e+01 2.000000000000000000e+01
8.000000000000000000e+00 2.335255354200988620e+01 4.444444444444444287e+01 3.055555555555555358e+01 1.600000000000000000e+01
9.000000000000000000e+00 2.224052718286655761e+01 1.944444444444444642e+01 3.333333333333332860e+01 7.000000000000000000e+00
1.000000000000000000e+01 2.182866556836902561e+01 1.666666666666666430e+01 3.888888888888889284e+01 6.000000000000000000e+00
1.100000000000000000e+01 2.162273476112026316e+01 1.944444444444444642e+01 1.944444444444444642e+01 7.000000000000000000e+00
1.200000000000000000e+01 2.112850082372322902e+01 2.222222222222222143e+01 2.222222222222222143e+01 8.000000000000000000e+00
1.300000000000000000e+01 1.865733113673805477e+01 2.500000000000000000e+01 1.666666666666666430e+01 9.000000000000000000e+00
1.400000000000000000e+01 1.849258649093904339e+01 1.944444444444444642e+01 2.777777777777777857e+01 7.000000000000000000e+00
1.500000000000000000e+01 1.795716639209225818e+01 1.111111111111111072e+01 2.222222222222222143e+01 4.000000000000000000e+00
1.600000000000000000e+01 1.812191103789126956e+01 1.388888888888888928e+01 1.944444444444444642e+01 5.000000000000000000e+00
1.700000000000000000e+01 1.556836902800658962e+01 1.388888888888888928e+01 1.666666666666666430e+01 5.000000000000000000e+00
1.800000000000000000e+01 1.733937397034596373e+01 1.388888888888888928e+01 1.388888888888888928e+01 5.000000000000000000e+00
1.900000000000000000e+01 1.552718286655683855e+01 1.944444444444444642e+01 1.666666666666666430e+01 7.000000000000000000e+00
2.000000000000000000e+01 1.577429983525535384e+01 1.944444444444444642e+01 2.222222222222222143e+01 7.000000000000000000e+00
2.100000000000000000e+01 1.581548599670510669e+01 1.388888888888888928e+01 1.388888888888888928e+01 5.000000000000000000e+00
2.200000000000000000e+01 1.515650741350905939e+01 1.388888888888888928e+01 1.944444444444444642e+01 5.000000000000000000e+00
2.300000000000000000e+01 1.486820428336079125e+01 1.111111111111111072e+01 1.388888888888888928e+01 4.000000000000000000e+00
2.400000000000000000e+01 1.515650741350905939e+01 1.388888888888888928e+01 1.111111111111111072e+01 5.000000000000000000e+00
2.500000000000000000e+01 1.490939044481054410e+01 5.555555555555555358e+00 1.111111111111111072e+01 2.000000000000000000e+00
2.600000000000000000e+01 1.375617792421746444e+01 0.000000000000000000e+00 1.388888888888888928e+01 -6.000000000000000000e+03
