# step, world, group,control
0.000000000000000000e+00 2.635914332784184566e+01 2.222222222222222143e+01 2.777777777777777857e+01 8.000000000000000000e+00
1.000000000000000000e+00 2.335255354200988620e+01 1.666666666666666430e+01 3.055555555555555358e+01 6.000000000000000000e+00
2.000000000000000000e+00 2.298187808896210882e+01 2.222222222222222143e+01 1.944444444444444642e+01 8.000000000000000000e+00
3.000000000000000000e+00 2.355848434925864865e+01 3.055555555555555358e+01 1.666666666666666430e+01 1.100000000000000000e+01
4.000000000000000000e+00 2.137561779242174609e+01 2.777777777777777857e+01 1.944444444444444642e+01 1.000000000000000000e+01
5.000000000000000000e+00 2.034596375617792319e+01 3.333333333333332860e+01 2.500000000000000000e+01 1.200000000000000000e+01
6.000000000000000000e+00 1.824546952224052632e+01 3.611111111111110716e+01 2.222222222222222143e+01 1.300000000000000000e+01
7.000000000000000000e+00 1.824546952224052632e+01 4.722222222222222854e+01 2.500000000000000000e+01 1.700000000000000000e+01
8.000000000000000000e+00 1.787479406919275249e+01 2.222222222222222143e+01 2.222222222222222143e+01 8.000000000000000000e+00
9.000000000000000000e+00 1.849258649093904339e+01 3.611111111111110716e+01 2.777777777777777857e+01 1.300000000000000000e+01
1.000000000000000000e+01 1.598023064250411807e+01 2.222222222222222143e+01 1.666666666666666430e+01 8.000000000000000000e+00
1.100000000000000000e+01 1.771004942339374111e+01 1.944444444444444642e+01 2.777777777777777857e+01 7.000000000000000000e+00
1.200000000000000000e+01 1.560955518945634246e+01 1.944444444444444642e+01 1.666666666666666430e+01 7.000000000000000000e+00
1.300000000000000000e+01 1.519769357495881579e+01 3.055555555555555358e+01 1.388888888888888928e+01 1.100000000000000000e+01
1.400000000000000000e+01 1.437397034596375711e+01 3.055555555555555358e+01 1.388888888888888928e+01 1.100000000000000000e+01
1.500000000000000000e+01 1.425041186161449858e+01 2.500000000000000000e+01 2.222222222222222143e+01 9.000000000000000000e+00
1.600000000000000000e+01 1.511532125205930832e+01 5.555555555555555358e+00 1.944444444444444642e+01 2.000000000000000000e+00
1.700000000000000000e+01 1.515650741350905939e+01 8.333333333333332149e+00 2.222222222222222143e+01 3.000000000000000000e+00
1.800000000000000000e+01 1.544481054365733108e+01 1.388888888888888928e+01 2.500000000000000000e+01 5.000000000000000000e+00
1.900000000000000000e+01 1.515650741350905939e+01 1.666666666666666430e+01 3.333333333333332860e+01 6.000000000000000000e+00
2.000000000000000000e+01 1.589785831960461238e+01 1.666666666666666430e+01 3.055555555555555358e+01 6.000000000000000000e+00
2.100000000000000000e+01 1.453871499176276849e+01 1.944444444444444642e+01 4.166666666666667140e+01 7.000000000000000000e+00
2.200000000000000000e+01 1.499176276771004801e+01 8.333333333333332149e+00 2.777777777777777857e+01 3.000000000000000000e+00
2.300000000000000000e+01 1.420922570016474573e+01 5.555555555555555358e+00 3.333333333333332860e+01 2.000000000000000000e+00
2.400000000000000000e+01 1.565074135090609531e+01 0.000000000000000000e+00 1.944444444444444642e+01 -6.000000000000000000e+03
