# step, world, group,control
0.000000000000000000e+00 2.668863261943986842e+01 3.611111111111110716e+01 4.444444444444444287e+01 1.300000000000000000e+01
1.000000000000000000e+00 2.298187808896210882e+01 5.833333333333333570e+01 2.777777777777777857e+01 2.100000000000000000e+01
2.000000000000000000e+00 2.232289950576606330e+01 3.055555555555555358e+01 3.055555555555555358e+01 1.100000000000000000e+01
3.000000000000000000e+00 2.084019769357495733e+01 3.055555555555555358e+01 3.888888888888889284e+01 1.100000000000000000e+01
4.000000000000000000e+00 2.195222405271828592e+01 3.333333333333332860e+01 3.888888888888889284e+01 1.200000000000000000e+01
5.000000000000000000e+00 2.224052718286655761e+01 2.500000000000000000e+01 4.166666666666667140e+01 9.000000000000000000e+00
6.000000000000000000e+00 2.248764415156507468e+01 3.611111111111110716e+01 4.444444444444444287e+01 1.300000000000000000e+01
7.000000000000000000e+00 2.104612850082372333e+01 4.722222222222222854e+01 4.444444444444444287e+01 1.700000000000000000e+01
8.000000000000000000e+00 2.129324546952224040e+01 2.222222222222222143e+01 3.611111111111110716e+01 8.000000000000000000e+00
9.000000000000000000e+00 1.919275123558484353e+01 1.944444444444444642e+01 3.611111111111110716e+01 7.000000000000000000e+00
1.000000000000000000e+01 2.009884678747940612e+01 1.944444444444444642e+01 2.500000000000000000e+01 7.000000000000000000e+00
1.100000000000000000e+01 1.911037891268533784e+01 2.500000000000000000e+01 2.500000000000000000e+01 9.000000000000000000e+00
1.200000000000000000e+01 1.742174629324546942e+01 2.222222222222222143e+01 3.333333333333332860e+01 8.000000000000000000e+00
1.300000000000000000e+01 1.828665568369028094e+01 2.222222222222222143e+01 2.500000000000000000e+01 8.000000000000000000e+00
1.400000000000000000e+01 1.861614497528830370e+01 2.777777777777777857e+01 3.055555555555555358e+01 1.000000000000000000e+01
1.500000000000000000e+01 1.853377265238879801e+01 3.333333333333332860e+01 2.500000000000000000e+01 1.200000000000000000e+01
1.600000000000000000e+01 1.853377265238879801e+01 2.777777777777777857e+01 3.888888888888889284e+01 1.000000000000000000e+01
1.700000000000000000e+01 1.705107084019769204e+01 3.055555555555555358e+01 1.388888888888888928e+01 1.100000000000000000e+01
1.800000000000000000e+01 1.544481054365733108e+01 3.888888888888889284e+01 1.944444444444444642e+01 1.400000000000000000e+01
1.900000000000000000e+01 1.511532125205930832e+01 3.888888888888889284e+01 1.666666666666666430e+01 1.400000000000000000e+01
2.000000000000000000e+01 1.499176276771004801e+01 3.611111111111110716e+01 1.666666666666666430e+01 1.300000000000000000e+01
2.100000000000000000e+01 1.610378912685337838e+01 4.444444444444444287e+01 1.666666666666666430e+01 1.600000000000000000e+01
2.200000000000000000e+01 1.420922570016474573e+01 3.611111111111110716e+01 1.944444444444444642e+01 1.300000000000000000e+01
2.300000000000000000e+01 1.507413509060955548e+01 3.333333333333332860e+01 3.333333333333332860e+01 1.200000000000000000e+01
2.400000000000000000e+01 1.334431630971993421e+01 3.333333333333332860e+01 3.333333333333332860e+01 1.200000000000000000e+01
2.500000000000000000e+01 1.445634266886326103e+01 2.777777777777777857e+01 3.333333333333332860e+01 1.000000000000000000e+01
2.600000000000000000e+01 1.462108731466227241e+01 1.111111111111111072e+01 2.222222222222222143e+01 4.000000000000000000e+00
2.700000000000000000e+01 1.400329489291597973e+01 2.777777777777777679e+00 2.500000000000000000e+01 1.000000000000000000e+00
2.800000000000000000e+01 1.338550247116968528e+01 0.000000000000000000e+00 2.222222222222222143e+01 -6.000000000000000000e+03
