# step, world, group,control
0.000000000000000000e+00 2.722405271828665718e+01 1.388888888888888928e+01 5.277777777777777857e+01 5.000000000000000000e+00
1.000000000000000000e+00 2.368204283360790896e+01 2.777777777777777857e+01 3.055555555555555358e+01 1.000000000000000000e+01
2.000000000000000000e+00 2.376441515650741110e+01 2.500000000000000000e+01 3.888888888888889284e+01 9.000000000000000000e+00
3.000000000000000000e+00 1.935749588138385491e+01 3.055555555555555358e+01 4.166666666666667140e+01 1.100000000000000000e+01
4.000000000000000000e+00 2.001647446457990043e+01 3.055555555555555358e+01 2.500000000000000000e+01 1.100000000000000000e+01
5.000000000000000000e+00 1.733937397034596373e+01 4.166666666666667140e+01 1.388888888888888928e+01 1.500000000000000000e+01
6.000000000000000000e+00 1.832784184514003201e+01 2.777777777777777857e+01 1.388888888888888928e+01 1.000000000000000000e+01
7.000000000000000000e+00 1.721581548599670342e+01 3.333333333333332860e+01 1.944444444444444642e+01 1.200000000000000000e+01
8.000000000000000000e+00 1.606260296540362376e+01 3.055555555555555358e+01 1.944444444444444642e+01 1.100000000000000000e+01
9.000000000000000000e+00 1.544481054365733108e+01 4.166666666666667140e+01 2.222222222222222143e+01 1.500000000000000000e+01
1.000000000000000000e+01 1.560955518945634246e+01 2.222222222222222143e+01 2.500000000000000000e+01 8.000000000000000000e+00
1.100000000000000000e+01 1.569192751235584993e+01 1.666666666666666430e+01 2.777777777777777857e+01 6.000000000000000000e+00
1.200000000000000000e+01 1.462108731466227241e+01 2.500000000000000000e+01 2.500000000000000000e+01 9.000000000000000000e+00
1.300000000000000000e+01 1.478583196046128556e+01 3.888888888888889284e+01 2.777777777777777857e+01 1.400000000000000000e+01
1.400000000000000000e+01 1.470345963756177987e+01 5.000000000000000000e+01 2.500000000000000000e+01 1.800000000000000000e+01
1.500000000000000000e+01 1.552718286655683855e+01 2.500000000000000000e+01 3.611111111111110716e+01 9.000000000000000000e+00
1.600000000000000000e+01 1.449752883031301387e+01 3.611111111111110716e+01 2.500000000000000000e+01 1.300000000000000000e+01
1.700000000000000000e+01 1.495057660626029694e+01 8.333333333333332149e+00 4.444444444444444287e+01 3.000000000000000000e+00
1.800000000000000000e+01 1.478583196046128556e+01 1.111111111111111072e+01 2.222222222222222143e+01 4.000000000000000000e+00
1.900000000000000000e+01 1.457990115321252134e+01 1.944444444444444642e+01 2.222222222222222143e+01 7.000000000000000000e+00
2.000000000000000000e+01 1.499176276771004801e+01 2.222222222222222143e+01 2.222222222222222143e+01 8.000000000000000000e+00
2.100000000000000000e+01 1.519769357495881579e+01 2.222222222222222143e+01 1.944444444444444642e+01 8.000000000000000000e+00
2.200000000000000000e+01 1.400329489291597973e+01 3.888888888888889284e+01 2.777777777777777857e+01 1.400000000000000000e+01
2.300000000000000000e+01 1.495057660626029694e+01 1.666666666666666430e+01 1.666666666666666430e+01 6.000000000000000000e+00
2.400000000000000000e+01 1.519769357495881579e+01 3.333333333333332860e+01 1.666666666666666430e+01 1.200000000000000000e+01
2.500000000000000000e+01 1.412685337726523827e+01 4.166666666666667140e+01 1.666666666666666430e+01 1.500000000000000000e+01
2.600000000000000000e+01 1.383855024711696835e+01 3.055555555555555358e+01 1.666666666666666430e+01 1.100000000000000000e+01
2.700000000000000000e+01 1.297364085667215861e+01 4.166666666666667140e+01 2.222222222222222143e+01 1.500000000000000000e+01
2.800000000000000000e+01 1.359143327841845306e+01 3.611111111111110716e+01 1.666666666666666430e+01 1.300000000000000000e+01
2.900000000000000000e+01 1.408566721581548720e+01 3.333333333333332860e+01 1.944444444444444642e+01 1.200000000000000000e+01
3.000000000000000000e+01 1.322075782537067390e+01 3.055555555555555358e+01 1.666666666666666430e+01 1.100000000000000000e+01
3.100000000000000000e+01 1.173805601317957148e+01 2.777777777777777857e+01 2.222222222222222143e+01 1.000000000000000000e+01
3.200000000000000000e+01 1.177924217462932432e+01 3.888888888888889284e+01 2.500000000000000000e+01 1.400000000000000000e+01
3.300000000000000000e+01 1.107907742998352418e+01 2.222222222222222143e+01 2.500000000000000000e+01 8.000000000000000000e+00
3.400000000000000000e+01 1.182042833607907717e+01 1.944444444444444642e+01 3.055555555555555358e+01 7.000000000000000000e+00
3.500000000000000000e+01 1.070840197693575035e+01 3.055555555555555358e+01 2.777777777777777857e+01 1.100000000000000000e+01
3.600000000000000000e+01 1.112026359143327880e+01 2.500000000000000000e+01 4.166666666666667140e+01 9.000000000000000000e+00
3.700000000000000000e+01 1.050247116968698435e+01 3.888888888888889284e+01 2.222222222222222143e+01 1.400000000000000000e+01
3.800000000000000000e+01 1.091433278418451280e+01 1.944444444444444642e+01 4.166666666666667140e+01 7.000000000000000000e+00
3.900000000000000000e+01 1.161449752883031294e+01 8.333333333333332149e+00 3.333333333333332860e+01 3.000000000000000000e+00
4.000000000000000000e+01 1.227347611202635846e+01 5.555555555555555358e+00 3.888888888888889284e+01 2.000000000000000000e+00
4.100000000000000000e+01 1.190280065897858286e+01 8.333333333333332149e+00 3.611111111111110716e+01 3.000000000000000000e+00
4.200000000000000000e+01 1.256177924217462838e+01 1.111111111111111072e+01 5.555555555555555713e+01 4.000000000000000000e+00
4.300000000000000000e+01 1.330313014827018137e+01 1.388888888888888928e+01 3.333333333333332860e+01 5.000000000000000000e+00
4.400000000000000000e+01 1.293245469522240576e+01 1.666666666666666430e+01 3.888888888888889284e+01 6.000000000000000000e+00
4.500000000000000000e+01 1.280889621087314723e+01 2.500000000000000000e+01 3.333333333333332860e+01 9.000000000000000000e+00
4.600000000000000000e+01 1.260296540362438300e+01 3.055555555555555358e+01 4.166666666666667140e+01 1.100000000000000000e+01
4.700000000000000000e+01 1.326194398682042852e+01 2.222222222222222143e+01 2.222222222222222143e+01 8.000000000000000000e+00
4.800000000000000000e+01 1.392092257001647582e+01 2.222222222222222143e+01 3.611111111111110716e+01 8.000000000000000000e+00
4.900000000000000000e+01 1.334431630971993421e+01 2.777777777777777857e+01 1.111111111111111072e+01 1.000000000000000000e+01
5.000000000000000000e+01 1.420922570016474573e+01 3.055555555555555358e+01 1.666666666666666430e+01 1.100000000000000000e+01
5.100000000000000000e+01 1.161449752883031294e+01 3.333333333333332860e+01 2.500000000000000000e+01 1.200000000000000000e+01
5.200000000000000000e+01 1.313838550247116999e+01 1.944444444444444642e+01 1.111111111111111072e+01 7.000000000000000000e+00
5.300000000000000000e+01 1.338550247116968528e+01 2.222222222222222143e+01 1.388888888888888928e+01 8.000000000000000000e+00
5.400000000000000000e+01 1.317957166392092283e+01 2.777777777777777857e+01 1.111111111111111072e+01 1.000000000000000000e+01
5.500000000000000000e+01 1.268533772652388691e+01 4.444444444444444287e+01 1.111111111111111072e+01 1.600000000000000000e+01
5.600000000000000000e+01 1.243822075782536984e+01 2.777777777777777857e+01 8.333333333333332149e+00 1.000000000000000000e+01
5.700000000000000000e+01 1.371499176276770804e+01 2.777777777777777857e+01 8.333333333333332149e+00 1.000000000000000000e+01
5.800000000000000000e+01 1.293245469522240576e+01 3.333333333333332860e+01 8.333333333333332149e+00 1.200000000000000000e+01
5.900000000000000000e+01 1.326194398682042852e+01 4.166666666666667140e+01 8.333333333333332149e+00 1.500000000000000000e+01
6.000000000000000000e+01 1.223228995057660740e+01 3.055555555555555358e+01 8.333333333333332149e+00 1.100000000000000000e+01
6.100000000000000000e+01 1.371499176276770804e+01 3.333333333333332860e+01 8.333333333333332149e+00 1.200000000000000000e+01
6.200000000000000000e+01 1.182042833607907717e+01 2.500000000000000000e+01 8.333333333333332149e+00 9.000000000000000000e+00
6.300000000000000000e+01 1.149093904448105441e+01 3.611111111111110716e+01 8.333333333333332149e+00 1.300000000000000000e+01
6.400000000000000000e+01 1.173805601317957148e+01 2.777777777777777857e+01 8.333333333333332149e+00 1.000000000000000000e+01
6.500000000000000000e+01 1.120263591433278449e+01 3.611111111111110716e+01 8.333333333333332149e+00 1.300000000000000000e+01
6.600000000000000000e+01 1.219110378912685277e+01 3.333333333333332860e+01 8.333333333333332149e+00 1.200000000000000000e+01
6.700000000000000000e+01 1.161449752883031294e+01 4.444444444444444287e+01 8.333333333333332149e+00 1.600000000000000000e+01
6.800000000000000000e+01 1.256177924217462838e+01 4.166666666666667140e+01 8.333333333333332149e+00 1.500000000000000000e+01
6.900000000000000000e+01 1.239703459637561878e+01 3.611111111111110716e+01 8.333333333333332149e+00 1.300000000000000000e+01
7.000000000000000000e+01 1.256177924217462838e+01 3.888888888888889284e+01 8.333333333333332149e+00 1.400000000000000000e+01
7.100000000000000000e+01 1.157331136738056010e+01 3.611111111111110716e+01 8.333333333333332149e+00 1.300000000000000000e+01
7.200000000000000000e+01 1.182042833607907717e+01 3.055555555555555358e+01 8.333333333333332149e+00 1.100000000000000000e+01
7.300000000000000000e+01 1.165568369028006579e+01 5.277777777777777857e+01 8.333333333333332149e+00 1.900000000000000000e+01
7.400000000000000000e+01 1.214991762767710171e+01 2.777777777777777857e+01 8.333333333333332149e+00 1.000000000000000000e+01
7.500000000000000000e+01 1.161449752883031294e+01 3.333333333333332860e+01 8.333333333333332149e+00 1.200000000000000000e+01
7.600000000000000000e+01 1.243822075782536984e+01 3.611111111111110716e+01 8.333333333333332149e+00 1.300000000000000000e+01
7.700000000000000000e+01 1.264415156507413585e+01 3.888888888888889284e+01 8.333333333333332149e+00 1.400000000000000000e+01
7.800000000000000000e+01 1.285008237232289829e+01 3.333333333333332860e+01 8.333333333333332149e+00 1.200000000000000000e+01
7.900000000000000000e+01 1.272652388797363976e+01 2.777777777777777857e+01 8.333333333333332149e+00 1.000000000000000000e+01
8.000000000000000000e+01 1.297364085667215861e+01 3.611111111111110716e+01 8.333333333333332149e+00 1.300000000000000000e+01
8.100000000000000000e+01 1.272652388797363976e+01 2.222222222222222143e+01 8.333333333333332149e+00 8.000000000000000000e+00
8.200000000000000000e+01 1.301482701812190967e+01 1.944444444444444642e+01 8.333333333333332149e+00 7.000000000000000000e+00
8.300000000000000000e+01 1.260296540362438300e+01 2.222222222222222143e+01 8.333333333333332149e+00 8.000000000000000000e+00
8.400000000000000000e+01 1.301482701812190967e+01 2.500000000000000000e+01 8.333333333333332149e+00 9.000000000000000000e+00
8.500000000000000000e+01 1.309719934102141714e+01 3.611111111111110716e+01 8.333333333333332149e+00 1.300000000000000000e+01
8.600000000000000000e+01 1.317957166392092283e+01 4.166666666666667140e+01 8.333333333333332149e+00 1.500000000000000000e+01
8.700000000000000000e+01 1.252059308072487553e+01 3.611111111111110716e+01 8.333333333333332149e+00 1.300000000000000000e+01
8.800000000000000000e+01 1.268533772652388691e+01 3.611111111111110716e+01 8.333333333333332149e+00 1.300000000000000000e+01
8.900000000000000000e+01 1.285008237232289829e+01 1.944444444444444642e+01 8.333333333333332149e+00 7.000000000000000000e+00
9.000000000000000000e+01 1.231466227347611309e+01 1.944444444444444642e+01 8.333333333333332149e+00 7.000000000000000000e+00
9.100000000000000000e+01 1.293245469522240576e+01 2.500000000000000000e+01 8.333333333333332149e+00 9.000000000000000000e+00
9.200000000000000000e+01 1.194398682042833570e+01 2.222222222222222143e+01 8.333333333333332149e+00 8.000000000000000000e+00
9.300000000000000000e+01 1.116144975288303165e+01 4.444444444444444287e+01 8.333333333333332149e+00 1.600000000000000000e+01
9.400000000000000000e+01 1.042009884678747866e+01 3.055555555555555358e+01 8.333333333333332149e+00 1.100000000000000000e+01
9.500000000000000000e+01 1.079077429983525604e+01 2.777777777777777857e+01 8.333333333333332149e+00 1.000000000000000000e+01
9.600000000000000000e+01 1.009060955518945590e+01 3.333333333333332860e+01 8.333333333333332149e+00 1.200000000000000000e+01
9.700000000000000000e+01 1.013179571663920875e+01 3.055555555555555358e+01 8.333333333333332149e+00 1.100000000000000000e+01
9.800000000000000000e+01 1.000823723228995021e+01 3.888888888888889284e+01 8.333333333333332149e+00 1.400000000000000000e+01
9.900000000000000000e+01 1.017298187808896159e+01 1.944444444444444642e+01 8.333333333333332149e+00 7.000000000000000000e+00
1.000000000000000000e+02 9.802306425041185989e+00 1.944444444444444642e+01 8.333333333333332149e+00 7.000000000000000000e+00
1.010000000000000000e+02 1.021416803953871444e+01 1.944444444444444642e+01 8.333333333333332149e+00 7.000000000000000000e+00
1.020000000000000000e+02 9.678747940691927454e+00 3.055555555555555358e+01 8.333333333333332149e+00 1.100000000000000000e+01
1.030000000000000000e+02 9.184514003294893314e+00 3.055555555555555358e+01 8.333333333333332149e+00 1.100000000000000000e+01
1.040000000000000000e+02 9.802306425041185989e+00 6.388888888888889284e+01 8.333333333333332149e+00 2.300000000000000000e+01
1.050000000000000000e+02 9.884678747940691679e+00 1.388888888888888928e+01 8.333333333333332149e+00 5.000000000000000000e+00
1.060000000000000000e+02 1.070840197693575035e+01 1.111111111111111072e+01 8.333333333333332149e+00 4.000000000000000000e+00
1.070000000000000000e+02 1.079077429983525604e+01 1.111111111111111072e+01 8.333333333333332149e+00 4.000000000000000000e+00
1.080000000000000000e+02 1.083196046128500711e+01 2.222222222222222143e+01 8.333333333333332149e+00 8.000000000000000000e+00
1.090000000000000000e+02 1.037891268533772759e+01 2.222222222222222143e+01 8.333333333333332149e+00 8.000000000000000000e+00
1.100000000000000000e+02 1.013179571663920875e+01 3.333333333333332860e+01 8.333333333333332149e+00 1.200000000000000000e+01
1.110000000000000000e+02 9.802306425041185989e+00 4.166666666666667140e+01 8.333333333333332149e+00 1.500000000000000000e+01
1.120000000000000000e+02 9.719934102141680299e+00 3.055555555555555358e+01 8.333333333333332149e+00 1.100000000000000000e+01
1.130000000000000000e+02 9.143327841845140469e+00 4.444444444444444287e+01 8.333333333333332149e+00 1.600000000000000000e+01
1.140000000000000000e+02 9.060955518945634779e+00 2.222222222222222143e+01 8.333333333333332149e+00 8.000000000000000000e+00
1.150000000000000000e+02 9.060955518945634779e+00 2.222222222222222143e+01 8.333333333333332149e+00 8.000000000000000000e+00
1.160000000000000000e+02 9.184514003294893314e+00 1.944444444444444642e+01 8.333333333333332149e+00 7.000000000000000000e+00
1.170000000000000000e+02 8.937397034596376244e+00 2.222222222222222143e+01 8.333333333333332149e+00 8.000000000000000000e+00
1.180000000000000000e+02 9.143327841845140469e+00 3.888888888888889284e+01 8.333333333333332149e+00 1.400000000000000000e+01
1.190000000000000000e+02 9.184514003294893314e+00 2.222222222222222143e+01 8.333333333333332149e+00 8.000000000000000000e+00
1.200000000000000000e+02 9.225700164744646159e+00 3.611111111111110716e+01 8.333333333333332149e+00 1.300000000000000000e+01
1.210000000000000000e+02 9.884678747940691679e+00 3.333333333333332860e+01 8.333333333333332149e+00 1.200000000000000000e+01
1.220000000000000000e+02 9.225700164744646159e+00 3.055555555555555358e+01 8.333333333333332149e+00 1.100000000000000000e+01
1.230000000000000000e+02 1.042009884678747866e+01 2.500000000000000000e+01 8.333333333333332149e+00 9.000000000000000000e+00
1.240000000000000000e+02 9.431630971993410384e+00 2.500000000000000000e+01 8.333333333333332149e+00 9.000000000000000000e+00
1.250000000000000000e+02 9.472817133443163229e+00 3.888888888888889284e+01 8.333333333333332149e+00 1.400000000000000000e+01
1.260000000000000000e+02 1.013179571663920875e+01 3.888888888888889284e+01 8.333333333333332149e+00 1.400000000000000000e+01
1.270000000000000000e+02 8.443163097199340328e+00 2.777777777777777857e+01 1.111111111111111072e+01 1.000000000000000000e+01
1.280000000000000000e+02 9.225700164744646159e+00 3.888888888888889284e+01 8.333333333333332149e+00 1.400000000000000000e+01
1.290000000000000000e+02 8.360790774299834638e+00 1.388888888888888928e+01 8.333333333333332149e+00 5.000000000000000000e+00
1.300000000000000000e+02 8.813838550247117709e+00 5.555555555555555358e+00 8.333333333333332149e+00 2.000000000000000000e+00
1.310000000000000000e+02 9.184514003294893314e+00 8.333333333333332149e+00 8.333333333333332149e+00 3.000000000000000000e+00
1.320000000000000000e+02 9.843492586490938834e+00 1.388888888888888928e+01 8.333333333333332149e+00 5.000000000000000000e+00
1.330000000000000000e+02 9.514003294892916074e+00 1.666666666666666430e+01 8.333333333333332149e+00 6.000000000000000000e+00
1.340000000000000000e+02 1.058484349258649004e+01 1.944444444444444642e+01 8.333333333333332149e+00 7.000000000000000000e+00
1.350000000000000000e+02 9.225700164744646159e+00 1.666666666666666430e+01 8.333333333333332149e+00 6.000000000000000000e+00
1.360000000000000000e+02 1.009060955518945590e+01 1.388888888888888928e+01 8.333333333333332149e+00 5.000000000000000000e+00
1.370000000000000000e+02 9.925864909390444524e+00 8.333333333333332149e+00 8.333333333333332149e+00 3.000000000000000000e+00
1.380000000000000000e+02 1.042009884678747866e+01 1.111111111111111072e+01 8.333333333333332149e+00 4.000000000000000000e+00
1.390000000000000000e+02 9.884678747940691679e+00 2.500000000000000000e+01 8.333333333333332149e+00 9.000000000000000000e+00
1.400000000000000000e+02 1.000823723228995021e+01 1.944444444444444642e+01 8.333333333333332149e+00 7.000000000000000000e+00
1.410000000000000000e+02 9.637561779242174609e+00 3.333333333333332860e+01 8.333333333333332149e+00 1.200000000000000000e+01
1.420000000000000000e+02 9.102141680395387624e+00 1.944444444444444642e+01 8.333333333333332149e+00 7.000000000000000000e+00
1.430000000000000000e+02 1.029654036243822013e+01 3.333333333333332860e+01 8.333333333333332149e+00 1.200000000000000000e+01
1.440000000000000000e+02 9.678747940691927454e+00 1.944444444444444642e+01 8.333333333333332149e+00 7.000000000000000000e+00
1.450000000000000000e+02 9.884678747940691679e+00 5.555555555555555358e+00 8.333333333333332149e+00 2.000000000000000000e+00
1.460000000000000000e+02 9.102141680395387624e+00 0.000000000000000000e+00 8.333333333333332149e+00 -6.000000000000000000e+03
