# step, world, group,control
0.000000000000000000e+00 2.747116968698517425e+01 2.500000000000000000e+01 2.777777777777777857e+01 9.000000000000000000e+00
1.000000000000000000e+00 2.631795716639209104e+01 3.055555555555555358e+01 2.777777777777777857e+01 1.100000000000000000e+01
2.000000000000000000e+00 2.747116968698517425e+01 3.333333333333332860e+01 3.333333333333332860e+01 1.200000000000000000e+01
3.000000000000000000e+00 2.504118616144975107e+01 3.055555555555555358e+01 3.055555555555555358e+01 1.100000000000000000e+01
4.000000000000000000e+00 2.421746293245469417e+01 3.333333333333332860e+01 2.500000000000000000e+01 1.200000000000000000e+01
5.000000000000000000e+00 2.545304777594727952e+01 3.611111111111110716e+01 2.500000000000000000e+01 1.300000000000000000e+01
6.000000000000000000e+00 2.219934102141680299e+01 4.722222222222222854e+01 1.944444444444444642e+01 1.700000000000000000e+01
7.000000000000000000e+00 2.215815485996704837e+01 4.722222222222222854e+01 2.222222222222222143e+01 1.700000000000000000e+01
8.000000000000000000e+00 2.219934102141680299e+01 3.333333333333332860e+01 1.388888888888888928e+01 1.200000000000000000e+01
9.000000000000000000e+00 2.038714991762767781e+01 3.611111111111110716e+01 1.666666666666666430e+01 1.300000000000000000e+01
1.000000000000000000e+01 2.149917627677100285e+01 3.055555555555555358e+01 1.666666666666666430e+01 1.100000000000000000e+01
1.100000000000000000e+01 2.145799011532125178e+01 3.055555555555555358e+01 1.944444444444444642e+01 1.100000000000000000e+01
1.200000000000000000e+01 2.084019769357495733e+01 2.777777777777777857e+01 1.944444444444444642e+01 1.000000000000000000e+01
1.300000000000000000e+01 2.001647446457990043e+01 3.055555555555555358e+01 2.222222222222222143e+01 1.100000000000000000e+01
1.400000000000000000e+01 1.791598023064250356e+01 5.000000000000000000e+01 2.222222222222222143e+01 1.800000000000000000e+01
1.500000000000000000e+01 1.861614497528830370e+01 2.777777777777777857e+01 2.500000000000000000e+01 1.000000000000000000e+01
1.600000000000000000e+01 1.890444810543657184e+01 3.055555555555555358e+01 3.611111111111110716e+01 1.100000000000000000e+01
1.700000000000000000e+01 1.927512355848434922e+01 3.611111111111110716e+01 2.500000000000000000e+01 1.300000000000000000e+01
1.800000000000000000e+01 1.791598023064250356e+01 2.777777777777777857e+01 3.333333333333332860e+01 1.000000000000000000e+01
1.900000000000000000e+01 2.018121911037891181e+01 2.500000000000000000e+01 1.111111111111111072e+01 9.000000000000000000e+00
2.000000000000000000e+01 1.853377265238879801e+01 2.500000000000000000e+01 1.111111111111111072e+01 9.000000000000000000e+00
2.100000000000000000e+01 1.919275123558484353e+01 1.944444444444444642e+01 1.388888888888888928e+01 7.000000000000000000e+00
2.200000000000000000e+01 1.750411861614497511e+01 1.388888888888888928e+01 1.388888888888888928e+01 5.000000000000000000e+00
2.300000000000000000e+01 1.828665568369028094e+01 1.666666666666666430e+01 1.388888888888888928e+01 6.000000000000000000e+00
2.400000000000000000e+01 1.696869851729818990e+01 1.388888888888888928e+01 2.222222222222222143e+01 5.000000000000000000e+00
2.500000000000000000e+01 1.626853377265238976e+01 2.500000000000000000e+01 1.944444444444444642e+01 9.000000000000000000e+00
2.600000000000000000e+01 1.614497528830312945e+01 1.111111111111111072e+01 2.777777777777777857e+01 4.000000000000000000e+00
2.700000000000000000e+01 1.552718286655683855e+01 8.333333333333332149e+00 1.388888888888888928e+01 3.000000000000000000e+00
2.800000000000000000e+01 1.560955518945634246e+01 1.111111111111111072e+01 1.111111111111111072e+01 4.000000000000000000e+00
2.900000000000000000e+01 1.449752883031301387e+01 5.555555555555555358e+00 1.666666666666666430e+01 2.000000000000000000e+00
3.000000000000000000e+01 1.499176276771004801e+01 8.333333333333332149e+00 1.111111111111111072e+01 3.000000000000000000e+00
3.100000000000000000e+01 1.581548599670510669e+01 1.111111111111111072e+01 1.111111111111111072e+01 4.000000000000000000e+00
3.200000000000000000e+01 1.560955518945634246e+01 2.777777777777777679e+00 1.388888888888888928e+01 1.000000000000000000e+00
3.300000000000000000e+01 1.408566721581548720e+01 5.555555555555555358e+00 1.388888888888888928e+01 2.000000000000000000e+00
3.400000000000000000e+01 1.412685337726523827e+01 5.555555555555555358e+00 1.111111111111111072e+01 2.000000000000000000e+00
3.500000000000000000e+01 1.495057660626029694e+01 8.333333333333332149e+00 1.111111111111111072e+01 3.000000000000000000e+00
3.600000000000000000e+01 1.359143327841845306e+01 5.555555555555555358e+00 1.388888888888888928e+01 2.000000000000000000e+00
3.700000000000000000e+01 1.330313014827018137e+01 1.666666666666666430e+01 1.388888888888888928e+01 6.000000000000000000e+00
3.800000000000000000e+01 1.280889621087314723e+01 1.666666666666666430e+01 1.666666666666666430e+01 6.000000000000000000e+00
3.900000000000000000e+01 1.478583196046128556e+01 2.222222222222222143e+01 1.111111111111111072e+01 8.000000000000000000e+00
4.000000000000000000e+01 1.457990115321252134e+01 1.666666666666666430e+01 5.555555555555555358e+00 6.000000000000000000e+00
4.100000000000000000e+01 1.585667215815486131e+01 1.666666666666666430e+01 5.555555555555555358e+00 6.000000000000000000e+00
4.200000000000000000e+01 1.367380560131795697e+01 2.777777777777777857e+01 0.000000000000000000e+00 1.000000000000000000e+01
4.300000000000000000e+01 1.322075782537067390e+01 2.500000000000000000e+01 0.000000000000000000e+00 9.000000000000000000e+00
4.400000000000000000e+01 1.260296540362438300e+01 3.611111111111110716e+01 0.000000000000000000e+00 1.300000000000000000e+01
4.500000000000000000e+01 1.293245469522240576e+01 3.611111111111110716e+01 0.000000000000000000e+00 1.300000000000000000e+01
4.600000000000000000e+01 1.239703459637561878e+01 2.222222222222222143e+01 0.000000000000000000e+00 8.000000000000000000e+00
4.700000000000000000e+01 1.289126853377265114e+01 3.055555555555555358e+01 0.000000000000000000e+00 1.100000000000000000e+01
4.800000000000000000e+01 1.367380560131795697e+01 4.166666666666667140e+01 0.000000000000000000e+00 1.500000000000000000e+01
4.900000000000000000e+01 1.528006589785831970e+01 1.666666666666666430e+01 0.000000000000000000e+00 6.000000000000000000e+00
5.000000000000000000e+01 1.420922570016474573e+01 1.111111111111111072e+01 0.000000000000000000e+00 4.000000000000000000e+00
5.100000000000000000e+01 1.528006589785831970e+01 1.111111111111111072e+01 0.000000000000000000e+00 4.000000000000000000e+00
5.200000000000000000e+01 1.449752883031301387e+01 5.555555555555555358e+00 0.000000000000000000e+00 2.000000000000000000e+00
5.300000000000000000e+01 1.305601317957166252e+01 2.777777777777777679e+00 0.000000000000000000e+00 1.000000000000000000e+00
5.400000000000000000e+01 1.280889621087314723e+01 2.777777777777777679e+00 0.000000000000000000e+00 1.000000000000000000e+00
5.500000000000000000e+01 1.177924217462932432e+01 0.000000000000000000e+00 0.000000000000000000e+00 -6.000000000000000000e+03
