# step, world, group,control
0.000000000000000000e+00 2.594728171334431721e+01 2.500000000000000000e+01 3.611111111111110716e+01 9.000000000000000000e+00
1.000000000000000000e+00 2.537067545304777383e+01 3.611111111111110716e+01 2.777777777777777857e+01 1.300000000000000000e+01
2.000000000000000000e+00 2.401153212520593172e+01 3.611111111111110716e+01 3.888888888888889284e+01 1.300000000000000000e+01
3.000000000000000000e+00 2.306425041186161451e+01 3.055555555555555358e+01 5.277777777777777857e+01 1.100000000000000000e+01
4.000000000000000000e+00 2.359967051070839972e+01 5.277777777777777857e+01 2.500000000000000000e+01 1.900000000000000000e+01
5.000000000000000000e+00 2.524711696869851707e+01 1.944444444444444642e+01 2.222222222222222143e+01 7.000000000000000000e+00
6.000000000000000000e+00 2.281713344316309744e+01 2.777777777777777857e+01 2.777777777777777857e+01 1.000000000000000000e+01
7.000000000000000000e+00 2.302306425041186344e+01 2.777777777777777857e+01 2.222222222222222143e+01 1.000000000000000000e+01
8.000000000000000000e+00 2.191103789126853485e+01 2.500000000000000000e+01 2.777777777777777857e+01 9.000000000000000000e+00
9.000000000000000000e+00 2.149917627677100285e+01 2.500000000000000000e+01 4.166666666666667140e+01 9.000000000000000000e+00
1.000000000000000000e+01 2.145799011532125178e+01 2.222222222222222143e+01 3.055555555555555358e+01 8.000000000000000000e+00
1.100000000000000000e+01 1.948105436573311522e+01 3.055555555555555358e+01 3.055555555555555358e+01 1.100000000000000000e+01
1.200000000000000000e+01 2.084019769357495733e+01 3.611111111111110716e+01 3.333333333333332860e+01 1.300000000000000000e+01
1.300000000000000000e+01 1.898682042833607753e+01 4.444444444444444287e+01 4.166666666666667140e+01 1.600000000000000000e+01
1.400000000000000000e+01 2.001647446457990043e+01 4.166666666666667140e+01 3.611111111111110716e+01 1.500000000000000000e+01
1.500000000000000000e+01 1.923393739703459460e+01 5.833333333333333570e+01 4.722222222222222854e+01 2.100000000000000000e+01
1.600000000000000000e+01 1.841021416803953770e+01 1.666666666666666430e+01 3.611111111111110716e+01 6.000000000000000000e+00
1.700000000000000000e+01 1.754530477759472973e+01 3.055555555555555358e+01 4.444444444444444287e+01 1.100000000000000000e+01
1.800000000000000000e+01 1.651565074135090683e+01 2.222222222222222143e+01 3.888888888888889284e+01 8.000000000000000000e+00
1.900000000000000000e+01 1.598023064250411807e+01 3.333333333333332860e+01 4.166666666666667140e+01 1.200000000000000000e+01
2.000000000000000000e+01 1.457990115321252134e+01 1.944444444444444642e+01 4.722222222222222854e+01 7.000000000000000000e+00
2.100000000000000000e+01 1.700988467874794097e+01 1.666666666666666430e+01 4.166666666666667140e+01 6.000000000000000000e+00
2.200000000000000000e+01 1.622734761120263514e+01 1.666666666666666430e+01 2.777777777777777857e+01 6.000000000000000000e+00
2.300000000000000000e+01 1.668039538714991821e+01 1.944444444444444642e+01 3.611111111111110716e+01 7.000000000000000000e+00
2.400000000000000000e+01 1.721581548599670342e+01 1.944444444444444642e+01 3.055555555555555358e+01 7.000000000000000000e+00
2.500000000000000000e+01 1.445634266886326103e+01 3.055555555555555358e+01 2.222222222222222143e+01 1.100000000000000000e+01
2.600000000000000000e+01 1.478583196046128556e+01 3.055555555555555358e+01 3.055555555555555358e+01 1.100000000000000000e+01
2.700000000000000000e+01 1.515650741350905939e+01 3.611111111111110716e+01 1.666666666666666430e+01 1.300000000000000000e+01
2.800000000000000000e+01 1.511532125205930832e+01 3.888888888888889284e+01 1.666666666666666430e+01 1.400000000000000000e+01
2.900000000000000000e+01 1.585667215815486131e+01 3.888888888888889284e+01 1.666666666666666430e+01 1.400000000000000000e+01
3.000000000000000000e+01 1.437397034596375711e+01 2.500000000000000000e+01 1.944444444444444642e+01 9.000000000000000000e+00
3.100000000000000000e+01 1.400329489291597973e+01 3.333333333333332860e+01 2.222222222222222143e+01 1.200000000000000000e+01
3.200000000000000000e+01 1.474464579901153272e+01 3.333333333333332860e+01 1.944444444444444642e+01 1.200000000000000000e+01
3.300000000000000000e+01 1.462108731466227241e+01 1.944444444444444642e+01 1.944444444444444642e+01 7.000000000000000000e+00
3.400000000000000000e+01 1.449752883031301387e+01 5.555555555555555358e+00 8.333333333333332149e+00 2.000000000000000000e+00
3.500000000000000000e+01 1.379736408566721551e+01 8.333333333333332149e+00 8.333333333333332149e+00 3.000000000000000000e+00
3.600000000000000000e+01 1.355024711696869666e+01 5.555555555555555358e+00 8.333333333333332149e+00 2.000000000000000000e+00
3.700000000000000000e+01 1.412685337726523827e+01 2.777777777777777679e+00 8.333333333333332149e+00 1.000000000000000000e+00
3.800000000000000000e+01 1.511532125205930832e+01 0.000000000000000000e+00 1.111111111111111072e+01 -6.000000000000000000e+03
