# step, world, group,control
0.000000000000000000e+00 3.023064250411861664e+01 3.611111111111110716e+01 2.222222222222222143e+01 1.300000000000000000e+01
1.000000000000000000e+00 2.685337726523887980e+01 5.000000000000000000e+01 3.333333333333332860e+01 1.800000000000000000e+01
2.000000000000000000e+00 2.693574958813838549e+01 2.222222222222222143e+01 2.500000000000000000e+01 8.000000000000000000e+00
3.000000000000000000e+00 2.767710049423393670e+01 2.222222222222222143e+01 3.888888888888889284e+01 8.000000000000000000e+00
4.000000000000000000e+00 2.388797364085667141e+01 2.222222222222222143e+01 2.500000000000000000e+01 8.000000000000000000e+00
5.000000000000000000e+00 2.409390444810543386e+01 2.222222222222222143e+01 3.888888888888889284e+01 8.000000000000000000e+00
6.000000000000000000e+00 2.454695222405271693e+01 3.333333333333332860e+01 3.333333333333332860e+01 1.200000000000000000e+01
7.000000000000000000e+00 2.397034596375618065e+01 1.111111111111111072e+01 3.333333333333332860e+01 4.000000000000000000e+00
8.000000000000000000e+00 2.442339373970345662e+01 2.500000000000000000e+01 2.222222222222222143e+01 9.000000000000000000e+00
9.000000000000000000e+00 2.088138385502471195e+01 1.111111111111111072e+01 3.611111111111110716e+01 4.000000000000000000e+00
1.000000000000000000e+01 2.030477759472817212e+01 1.388888888888888928e+01 4.444444444444444287e+01 5.000000000000000000e+00
1.100000000000000000e+01 1.956342668863262091e+01 1.111111111111111072e+01 4.166666666666667140e+01 4.000000000000000000e+00
1.200000000000000000e+01 2.071663920922570057e+01 1.111111111111111072e+01 2.777777777777777857e+01 4.000000000000000000e+00
1.300000000000000000e+01 1.853377265238879801e+01 1.388888888888888928e+01 3.055555555555555358e+01 5.000000000000000000e+00
1.400000000000000000e+01 1.824546952224052632e+01 1.388888888888888928e+01 3.888888888888889284e+01 5.000000000000000000e+00
1.500000000000000000e+01 1.841021416803953770e+01 1.111111111111111072e+01 3.888888888888889284e+01 4.000000000000000000e+00
1.600000000000000000e+01 1.618616144975288407e+01 1.666666666666666430e+01 3.055555555555555358e+01 6.000000000000000000e+00
1.700000000000000000e+01 1.622734761120263514e+01 2.500000000000000000e+01 3.333333333333332860e+01 9.000000000000000000e+00
1.800000000000000000e+01 1.515650741350905939e+01 2.500000000000000000e+01 4.722222222222222854e+01 9.000000000000000000e+00
1.900000000000000000e+01 1.466227347611202525e+01 3.333333333333332860e+01 1.944444444444444642e+01 1.200000000000000000e+01
2.000000000000000000e+01 1.569192751235584993e+01 2.777777777777777857e+01 1.666666666666666430e+01 1.000000000000000000e+01
2.100000000000000000e+01 1.519769357495881579e+01 3.888888888888889284e+01 1.388888888888888928e+01 1.400000000000000000e+01
2.200000000000000000e+01 1.408566721581548720e+01 3.055555555555555358e+01 1.388888888888888928e+01 1.100000000000000000e+01
2.300000000000000000e+01 1.457990115321252134e+01 3.333333333333332860e+01 1.666666666666666430e+01 1.200000000000000000e+01
2.400000000000000000e+01 1.396210873146622689e+01 1.388888888888888928e+01 1.944444444444444642e+01 5.000000000000000000e+00
2.500000000000000000e+01 1.408566721581548720e+01 8.333333333333332149e+00 3.055555555555555358e+01 3.000000000000000000e+00
2.600000000000000000e+01 1.301482701812190967e+01 8.333333333333332149e+00 2.222222222222222143e+01 3.000000000000000000e+00
2.700000000000000000e+01 1.272652388797363976e+01 8.333333333333332149e+00 2.500000000000000000e+01 3.000000000000000000e+00
2.800000000000000000e+01 1.289126853377265114e+01 8.333333333333332149e+00 2.777777777777777857e+01 3.000000000000000000e+00
2.900000000000000000e+01 1.363261943986820413e+01 1.111111111111111072e+01 1.666666666666666430e+01 4.000000000000000000e+00
3.000000000000000000e+01 1.280889621087314723e+01 1.111111111111111072e+01 1.666666666666666430e+01 4.000000000000000000e+00
3.100000000000000000e+01 1.285008237232289829e+01 1.111111111111111072e+01 1.944444444444444642e+01 4.000000000000000000e+00
3.200000000000000000e+01 1.219110378912685277e+01 1.388888888888888928e+01 1.666666666666666430e+01 5.000000000000000000e+00
3.300000000000000000e+01 1.182042833607907717e+01 8.333333333333332149e+00 2.777777777777777857e+01 3.000000000000000000e+00
3.400000000000000000e+01 1.140856672158154872e+01 5.555555555555555358e+00 1.944444444444444642e+01 2.000000000000000000e+00
3.500000000000000000e+01 1.116144975288303165e+01 8.333333333333332149e+00 2.777777777777777857e+01 3.000000000000000000e+00
3.600000000000000000e+01 1.120263591433278449e+01 8.333333333333332149e+00 1.944444444444444642e+01 3.000000000000000000e+00
3.700000000000000000e+01 1.169686985172981863e+01 8.333333333333332149e+00 2.777777777777777857e+01 3.000000000000000000e+00
3.800000000000000000e+01 1.252059308072487553e+01 8.333333333333332149e+00 2.222222222222222143e+01 3.000000000000000000e+00
3.900000000000000000e+01 1.268533772652388691e+01 8.333333333333332149e+00 2.500000000000000000e+01 3.000000000000000000e+00
4.000000000000000000e+01 1.198517298187809033e+01 1.111111111111111072e+01 1.944444444444444642e+01 4.000000000000000000e+00
4.100000000000000000e+01 1.260296540362438300e+01 1.388888888888888928e+01 1.944444444444444642e+01 5.000000000000000000e+00
4.200000000000000000e+01 1.165568369028006579e+01 1.388888888888888928e+01 1.388888888888888928e+01 5.000000000000000000e+00
4.300000000000000000e+01 1.219110378912685277e+01 1.111111111111111072e+01 1.944444444444444642e+01 4.000000000000000000e+00
4.400000000000000000e+01 1.173805601317957148e+01 1.944444444444444642e+01 2.777777777777777857e+01 7.000000000000000000e+00
4.500000000000000000e+01 1.153212520593080725e+01 1.388888888888888928e+01 8.333333333333332149e+00 5.000000000000000000e+00
4.600000000000000000e+01 1.066721581548599573e+01 5.555555555555555358e+00 1.111111111111111072e+01 2.000000000000000000e+00
4.700000000000000000e+01 1.157331136738056010e+01 5.555555555555555358e+00 1.666666666666666430e+01 2.000000000000000000e+00
4.800000000000000000e+01 1.132619439868204303e+01 0.000000000000000000e+00 1.111111111111111072e+01 -6.000000000000000000e+03
