# step, world, group,control
0.000000000000000000e+00 2.565897858319604552e+01 2.222222222222222143e+01 3.333333333333332860e+01 8.000000000000000000e+00
1.000000000000000000e+00 2.442339373970345662e+01 2.222222222222222143e+01 2.777777777777777857e+01 8.000000000000000000e+00
2.000000000000000000e+00 2.055189456342668919e+01 1.666666666666666430e+01 4.444444444444444287e+01 6.000000000000000000e+00
3.000000000000000000e+00 2.022240527182866643e+01 2.222222222222222143e+01 3.888888888888889284e+01 8.000000000000000000e+00
4.000000000000000000e+00 1.923393739703459460e+01 2.500000000000000000e+01 3.055555555555555358e+01 9.000000000000000000e+00
5.000000000000000000e+00 1.783360790774299787e+01 3.611111111111110716e+01 3.333333333333332860e+01 1.300000000000000000e+01
6.000000000000000000e+00 1.659802306425041252e+01 2.777777777777777857e+01 2.777777777777777857e+01 1.000000000000000000e+01
7.000000000000000000e+00 1.659802306425041252e+01 3.333333333333332860e+01 2.777777777777777857e+01 1.200000000000000000e+01
8.000000000000000000e+00 1.635090609555189545e+01 3.611111111111110716e+01 3.055555555555555358e+01 1.300000000000000000e+01
9.000000000000000000e+00 1.581548599670510669e+01 3.055555555555555358e+01 2.777777777777777857e+01 1.100000000000000000e+01
1.000000000000000000e+01 1.515650741350905939e+01 5.000000000000000000e+01 1.666666666666666430e+01 1.800000000000000000e+01
1.100000000000000000e+01 1.441515650741350996e+01 2.222222222222222143e+01 1.944444444444444642e+01 8.000000000000000000e+00
1.200000000000000000e+01 1.433278418451400249e+01 2.500000000000000000e+01 1.944444444444444642e+01 9.000000000000000000e+00
1.300000000000000000e+01 1.346787479406919275e+01 3.888888888888889284e+01 2.222222222222222143e+01 1.400000000000000000e+01
1.400000000000000000e+01 1.359143327841845306e+01 3.055555555555555358e+01 1.666666666666666430e+01 1.100000000000000000e+01
1.500000000000000000e+01 1.243822075782536984e+01 6.666666666666665719e+01 1.666666666666666430e+01 2.400000000000000000e+01
1.600000000000000000e+01 1.272652388797363976e+01 8.333333333333332149e+00 1.666666666666666430e+01 3.000000000000000000e+00
1.700000000000000000e+01 1.223228995057660740e+01 1.111111111111111072e+01 1.666666666666666430e+01 4.000000000000000000e+00
1.800000000000000000e+01 1.223228995057660740e+01 8.333333333333332149e+00 1.666666666666666430e+01 3.000000000000000000e+00
1.900000000000000000e+01 1.334431630971993421e+01 1.111111111111111072e+01 1.666666666666666430e+01 4.000000000000000000e+00
2.000000000000000000e+01 1.231466227347611309e+01 1.388888888888888928e+01 1.666666666666666430e+01 5.000000000000000000e+00
2.100000000000000000e+01 1.338550247116968528e+01 1.666666666666666430e+01 1.666666666666666430e+01 6.000000000000000000e+00
2.200000000000000000e+01 1.350906095551894559e+01 1.666666666666666430e+01 1.666666666666666430e+01 6.000000000000000000e+00
2.300000000000000000e+01 1.330313014827018137e+01 2.777777777777777857e+01 1.666666666666666430e+01 1.000000000000000000e+01
2.400000000000000000e+01 1.396210873146622689e+01 2.500000000000000000e+01 1.666666666666666430e+01 9.000000000000000000e+00
2.500000000000000000e+01 1.309719934102141714e+01 3.055555555555555358e+01 1.666666666666666430e+01 1.100000000000000000e+01
2.600000000000000000e+01 1.511532125205930832e+01 8.333333333333332149e+00 1.666666666666666430e+01 3.000000000000000000e+00
2.700000000000000000e+01 1.429159802306424965e+01 8.333333333333332149e+00 1.666666666666666430e+01 3.000000000000000000e+00
2.800000000000000000e+01 1.433278418451400249e+01 1.388888888888888928e+01 1.666666666666666430e+01 5.000000000000000000e+00
2.900000000000000000e+01 1.264415156507413585e+01 1.944444444444444642e+01 1.666666666666666430e+01 7.000000000000000000e+00
3.000000000000000000e+01 1.309719934102141714e+01 1.944444444444444642e+01 1.666666666666666430e+01 7.000000000000000000e+00
3.100000000000000000e+01 1.214991762767710171e+01 3.055555555555555358e+01 1.666666666666666430e+01 1.100000000000000000e+01
3.200000000000000000e+01 1.210873146622734708e+01 1.944444444444444642e+01 1.666666666666666430e+01 7.000000000000000000e+00
3.300000000000000000e+01 1.235584843492586415e+01 3.055555555555555358e+01 1.666666666666666430e+01 1.100000000000000000e+01
3.400000000000000000e+01 1.099670510708401849e+01 3.055555555555555358e+01 1.666666666666666430e+01 1.100000000000000000e+01
3.500000000000000000e+01 9.266886326194399004e+00 5.555555555555555713e+01 1.666666666666666430e+01 2.000000000000000000e+01
3.600000000000000000e+01 9.349258649093904694e+00 1.388888888888888928e+01 1.666666666666666430e+01 5.000000000000000000e+00
3.700000000000000000e+01 9.802306425041185989e+00 8.333333333333332149e+00 1.666666666666666430e+01 3.000000000000000000e+00
3.800000000000000000e+01 9.678747940691927454e+00 5.555555555555555358e+00 1.666666666666666430e+01 2.000000000000000000e+00
3.900000000000000000e+01 9.925864909390444524e+00 5.555555555555555358e+00 1.666666666666666430e+01 2.000000000000000000e+00
4.000000000000000000e+01 9.102141680395387624e+00 5.555555555555555358e+00 1.666666666666666430e+01 2.000000000000000000e+00
4.100000000000000000e+01 9.143327841845140469e+00 5.555555555555555358e+00 1.666666666666666430e+01 2.000000000000000000e+00
4.200000000000000000e+01 8.607907742998351708e+00 2.777777777777777679e+00 1.666666666666666430e+01 1.000000000000000000e+00
4.300000000000000000e+01 9.102141680395387624e+00 2.777777777777777679e+00 1.666666666666666430e+01 1.000000000000000000e+00
4.400000000000000000e+01 8.937397034596376244e+00 2.777777777777777679e+00 1.666666666666666430e+01 1.000000000000000000e+00
4.500000000000000000e+01 8.813838550247117709e+00 2.777777777777777679e+00 1.666666666666666430e+01 1.000000000000000000e+00
4.600000000000000000e+01 9.019769357495881934e+00 2.777777777777777679e+00 1.666666666666666430e+01 1.000000000000000000e+00
4.700000000000000000e+01 9.019769357495881934e+00 0.000000000000000000e+00 1.666666666666666430e+01 -6.000000000000000000e+03
