# step, world, group,control
0.000000000000000000e+00 2.541186161449752845e+01 1.388888888888888928e+01 1.111111111111111072e+01 5.000000000000000000e+00
1.000000000000000000e+00 2.409390444810543386e+01 8.333333333333332149e+00 1.111111111111111072e+01 3.000000000000000000e+00
2.000000000000000000e+00 2.421746293245469417e+01 1.111111111111111072e+01 1.111111111111111072e+01 4.000000000000000000e+00
3.000000000000000000e+00 2.133443163097199147e+01 1.666666666666666430e+01 1.111111111111111072e+01 6.000000000000000000e+00
4.000000000000000000e+00 1.972817133443163229e+01 1.666666666666666430e+01 1.388888888888888928e+01 6.000000000000000000e+00
5.000000000000000000e+00 1.886326194398682077e+01 1.666666666666666430e+01 1.666666666666666430e+01 6.000000000000000000e+00
6.000000000000000000e+00 1.775123558484349218e+01 1.944444444444444642e+01 1.388888888888888928e+01 7.000000000000000000e+00
7.000000000000000000e+00 1.750411861614497511e+01 3.611111111111110716e+01 2.500000000000000000e+01 1.300000000000000000e+01
8.000000000000000000e+00 1.659802306425041252e+01 1.944444444444444642e+01 1.388888888888888928e+01 7.000000000000000000e+00
9.000000000000000000e+00 1.556836902800658962e+01 2.777777777777777857e+01 5.555555555555555358e+00 1.000000000000000000e+01
1.000000000000000000e+01 1.569192751235584993e+01 3.611111111111110716e+01 5.555555555555555358e+00 1.300000000000000000e+01
1.100000000000000000e+01 1.519769357495881579e+01 2.500000000000000000e+01 5.555555555555555358e+00 9.000000000000000000e+00
1.200000000000000000e+01 1.565074135090609531e+01 2.500000000000000000e+01 5.555555555555555358e+00 9.000000000000000000e+00
1.300000000000000000e+01 1.746293245469522404e+01 2.222222222222222143e+01 5.555555555555555358e+00 8.000000000000000000e+00
1.400000000000000000e+01 1.758649093904448080e+01 4.444444444444444287e+01 5.555555555555555358e+00 1.600000000000000000e+01
1.500000000000000000e+01 1.639209225700164652e+01 1.944444444444444642e+01 8.333333333333332149e+00 7.000000000000000000e+00
1.600000000000000000e+01 1.659802306425041252e+01 1.111111111111111072e+01 8.333333333333332149e+00 4.000000000000000000e+00
1.700000000000000000e+01 1.499176276771004801e+01 5.555555555555555358e+00 1.111111111111111072e+01 2.000000000000000000e+00
1.800000000000000000e+01 1.610378912685337838e+01 1.388888888888888928e+01 1.388888888888888928e+01 5.000000000000000000e+00
1.900000000000000000e+01 1.433278418451400249e+01 2.222222222222222143e+01 1.388888888888888928e+01 8.000000000000000000e+00
2.000000000000000000e+01 1.523887973640856686e+01 8.333333333333332149e+00 1.388888888888888928e+01 3.000000000000000000e+00
2.100000000000000000e+01 1.441515650741350996e+01 5.555555555555555358e+00 1.944444444444444642e+01 2.000000000000000000e+00
2.200000000000000000e+01 1.359143327841845306e+01 5.555555555555555358e+00 1.944444444444444642e+01 2.000000000000000000e+00
2.300000000000000000e+01 1.482701812191103663e+01 5.555555555555555358e+00 2.222222222222222143e+01 2.000000000000000000e+00
2.400000000000000000e+01 1.375617792421746444e+01 2.777777777777777679e+00 1.944444444444444642e+01 1.000000000000000000e+00
2.500000000000000000e+01 1.223228995057660740e+01 1.111111111111111072e+01 1.666666666666666430e+01 4.000000000000000000e+00
2.600000000000000000e+01 1.165568369028006579e+01 1.111111111111111072e+01 2.222222222222222143e+01 4.000000000000000000e+00
2.700000000000000000e+01 1.322075782537067390e+01 1.388888888888888928e+01 1.388888888888888928e+01 5.000000000000000000e+00
2.800000000000000000e+01 1.264415156507413585e+01 5.555555555555555358e+00 2.500000000000000000e+01 2.000000000000000000e+00
2.900000000000000000e+01 1.116144975288303165e+01 0.000000000000000000e+00 1.111111111111111072e+01 -6.000000000000000000e+03
