# step, world, group,control
0.000000000000000000e+00 2.528830313014827169e+01 2.222222222222222143e+01 2.222222222222222143e+01 8.000000000000000000e+00
1.000000000000000000e+00 2.318780889621087482e+01 2.777777777777777857e+01 1.944444444444444642e+01 1.000000000000000000e+01
2.000000000000000000e+00 2.417627677100494310e+01 3.611111111111110716e+01 2.222222222222222143e+01 1.300000000000000000e+01
3.000000000000000000e+00 2.269357495881384068e+01 2.777777777777777857e+01 2.500000000000000000e+01 1.000000000000000000e+01
4.000000000000000000e+00 2.281713344316309744e+01 2.777777777777777857e+01 4.166666666666667140e+01 1.000000000000000000e+01
5.000000000000000000e+00 2.298187808896210882e+01 3.611111111111110716e+01 3.333333333333332860e+01 1.300000000000000000e+01
6.000000000000000000e+00 2.005766062602965505e+01 2.222222222222222143e+01 3.055555555555555358e+01 8.000000000000000000e+00
7.000000000000000000e+00 1.997528830313014936e+01 4.166666666666667140e+01 4.722222222222222854e+01 1.500000000000000000e+01
8.000000000000000000e+00 1.972817133443163229e+01 2.222222222222222143e+01 1.666666666666666430e+01 8.000000000000000000e+00
9.000000000000000000e+00 1.791598023064250356e+01 4.166666666666667140e+01 1.111111111111111072e+01 1.500000000000000000e+01
1.000000000000000000e+01 1.816309719934102063e+01 3.611111111111110716e+01 1.111111111111111072e+01 1.300000000000000000e+01
1.100000000000000000e+01 1.832784184514003201e+01 3.055555555555555358e+01 1.666666666666666430e+01 1.100000000000000000e+01
1.200000000000000000e+01 1.857495881383854908e+01 2.222222222222222143e+01 1.944444444444444642e+01 8.000000000000000000e+00
1.300000000000000000e+01 1.849258649093904339e+01 3.055555555555555358e+01 1.666666666666666430e+01 1.100000000000000000e+01
1.400000000000000000e+01 1.775123558484349218e+01 2.777777777777777857e+01 1.388888888888888928e+01 1.000000000000000000e+01
1.500000000000000000e+01 1.519769357495881579e+01 4.722222222222222854e+01 1.111111111111111072e+01 1.700000000000000000e+01
1.600000000000000000e+01 1.635090609555189545e+01 5.555555555555555713e+01 5.555555555555555358e+00 2.000000000000000000e+01
1.700000000000000000e+01 1.470345963756177987e+01 5.277777777777777857e+01 0.000000000000000000e+00 1.900000000000000000e+01
1.800000000000000000e+01 1.482701812191103663e+01 3.611111111111110716e+01 0.000000000000000000e+00 1.300000000000000000e+01
1.900000000000000000e+01 1.367380560131795697e+01 3.333333333333332860e+01 0.000000000000000000e+00 1.200000000000000000e+01
2.000000000000000000e+01 1.466227347611202525e+01 3.611111111111110716e+01 0.000000000000000000e+00 1.300000000000000000e+01
2.100000000000000000e+01 1.449752883031301387e+01 1.944444444444444642e+01 0.000000000000000000e+00 7.000000000000000000e+00
2.200000000000000000e+01 1.453871499176276849e+01 8.333333333333332149e+00 0.000000000000000000e+00 3.000000000000000000e+00
2.300000000000000000e+01 1.342668863261943990e+01 5.555555555555555358e+00 0.000000000000000000e+00 2.000000000000000000e+00
2.400000000000000000e+01 1.379736408566721551e+01 5.555555555555555358e+00 0.000000000000000000e+00 2.000000000000000000e+00
2.500000000000000000e+01 1.293245469522240576e+01 1.111111111111111072e+01 0.000000000000000000e+00 4.000000000000000000e+00
2.600000000000000000e+01 1.359143327841845306e+01 1.388888888888888928e+01 0.000000000000000000e+00 5.000000000000000000e+00
2.700000000000000000e+01 1.338550247116968528e+01 5.555555555555555358e+00 0.000000000000000000e+00 2.000000000000000000e+00
2.800000000000000000e+01 1.425041186161449858e+01 0.000000000000000000e+00 0.000000000000000000e+00 -6.000000000000000000e+03
