# step, world, group,control
0.000000000000000000e+00 2.796540362438220839e+01 4.722222222222222854e+01 3.333333333333332860e+01 1.700000000000000000e+01
1.000000000000000000e+00 2.660626029654036273e+01 2.222222222222222143e+01 2.777777777777777857e+01 8.000000000000000000e+00
2.000000000000000000e+00 2.611202635914332504e+01 2.777777777777777857e+01 4.444444444444444287e+01 1.000000000000000000e+01
3.000000000000000000e+00 2.429983525535420341e+01 3.333333333333332860e+01 2.777777777777777857e+01 1.200000000000000000e+01
4.000000000000000000e+00 2.281713344316309744e+01 4.166666666666667140e+01 4.722222222222222854e+01 1.500000000000000000e+01
5.000000000000000000e+00 2.446457990115321479e+01 3.333333333333332860e+01 2.222222222222222143e+01 1.200000000000000000e+01
6.000000000000000000e+00 2.306425041186161451e+01 2.222222222222222143e+01 1.388888888888888928e+01 8.000000000000000000e+00
7.000000000000000000e+00 2.281713344316309744e+01 1.944444444444444642e+01 1.944444444444444642e+01 7.000000000000000000e+00
8.000000000000000000e+00 2.108731466227347795e+01 3.055555555555555358e+01 1.666666666666666430e+01 1.100000000000000000e+01
9.000000000000000000e+00 2.125205930807248933e+01 2.777777777777777857e+01 1.111111111111111072e+01 1.000000000000000000e+01
1.000000000000000000e+01 2.096375617792421764e+01 1.666666666666666430e+01 5.555555555555555358e+00 6.000000000000000000e+00
1.100000000000000000e+01 2.055189456342668919e+01 3.055555555555555358e+01 5.555555555555555358e+00 1.100000000000000000e+01
1.200000000000000000e+01 1.841021416803953770e+01 4.166666666666667140e+01 5.555555555555555358e+00 1.500000000000000000e+01
1.300000000000000000e+01 1.725700164744645804e+01 3.611111111111110716e+01 5.555555555555555358e+00 1.300000000000000000e+01
1.400000000000000000e+01 1.766886326194398649e+01 3.611111111111110716e+01 5.555555555555555358e+00 1.300000000000000000e+01
1.500000000000000000e+01 1.713344316309720128e+01 3.333333333333332860e+01 5.555555555555555358e+00 1.200000000000000000e+01
1.600000000000000000e+01 1.808072487644151494e+01 4.444444444444444287e+01 5.555555555555555358e+00 1.600000000000000000e+01
1.700000000000000000e+01 1.705107084019769204e+01 2.500000000000000000e+01 5.555555555555555358e+00 9.000000000000000000e+00
1.800000000000000000e+01 1.647446457990115221e+01 3.055555555555555358e+01 8.333333333333332149e+00 1.100000000000000000e+01
1.900000000000000000e+01 1.433278418451400249e+01 2.222222222222222143e+01 8.333333333333332149e+00 8.000000000000000000e+00
2.000000000000000000e+01 1.532125205930807077e+01 2.500000000000000000e+01 5.555555555555555358e+00 9.000000000000000000e+00
2.100000000000000000e+01 1.346787479406919275e+01 3.333333333333332860e+01 2.777777777777777679e+00 1.200000000000000000e+01
2.200000000000000000e+01 1.449752883031301387e+01 3.888888888888889284e+01 2.777777777777777679e+00 1.400000000000000000e+01
2.300000000000000000e+01 1.260296540362438300e+01 2.777777777777777857e+01 0.000000000000000000e+00 1.000000000000000000e+01
2.400000000000000000e+01 1.346787479406919275e+01 1.944444444444444642e+01 0.000000000000000000e+00 7.000000000000000000e+00
2.500000000000000000e+01 1.293245469522240576e+01 1.666666666666666430e+01 0.000000000000000000e+00 6.000000000000000000e+00
2.600000000000000000e+01 1.433278418451400249e+01 2.222222222222222143e+01 0.000000000000000000e+00 8.000000000000000000e+00
2.700000000000000000e+01 1.252059308072487553e+01 4.722222222222222854e+01 0.000000000000000000e+00 1.700000000000000000e+01
2.800000000000000000e+01 1.317957166392092283e+01 2.222222222222222143e+01 0.000000000000000000e+00 8.000000000000000000e+00
2.900000000000000000e+01 1.219110378912685277e+01 1.944444444444444642e+01 0.000000000000000000e+00 7.000000000000000000e+00
3.000000000000000000e+01 1.256177924217462838e+01 2.222222222222222143e+01 0.000000000000000000e+00 8.000000000000000000e+00
3.100000000000000000e+01 1.194398682042833570e+01 2.222222222222222143e+01 2.777777777777777679e+00 8.000000000000000000e+00
3.200000000000000000e+01 1.280889621087314723e+01 1.944444444444444642e+01 2.777777777777777679e+00 7.000000000000000000e+00
3.300000000000000000e+01 1.260296540362438300e+01 1.944444444444444642e+01 0.000000000000000000e+00 7.000000000000000000e+00
3.400000000000000000e+01 1.272652388797363976e+01 1.388888888888888928e+01 0.000000000000000000e+00 5.000000000000000000e+00
3.500000000000000000e+01 1.243822075782536984e+01 1.111111111111111072e+01 0.000000000000000000e+00 4.000000000000000000e+00
3.600000000000000000e+01 1.243822075782536984e+01 8.333333333333332149e+00 0.000000000000000000e+00 3.000000000000000000e+00
3.700000000000000000e+01 1.231466227347611309e+01 8.333333333333332149e+00 2.777777777777777679e+00 3.000000000000000000e+00
3.800000000000000000e+01 1.177924217462932432e+01 1.388888888888888928e+01 5.555555555555555358e+00 5.000000000000000000e+00
3.900000000000000000e+01 1.103789126853377311e+01 1.666666666666666430e+01 2.777777777777777679e+00 6.000000000000000000e+00
4.000000000000000000e+01 1.177924217462932432e+01 1.111111111111111072e+01 0.000000000000000000e+00 4.000000000000000000e+00
4.100000000000000000e+01 1.029654036243822013e+01 1.944444444444444642e+01 0.000000000000000000e+00 7.000000000000000000e+00
4.200000000000000000e+01 1.004942339373970306e+01 1.388888888888888928e+01 0.000000000000000000e+00 5.000000000000000000e+00
4.300000000000000000e+01 1.029654036243822013e+01 1.111111111111111072e+01 0.000000000000000000e+00 4.000000000000000000e+00
4.400000000000000000e+01 9.761120263591433144e+00 8.333333333333332149e+00 0.000000000000000000e+00 3.000000000000000000e+00
4.500000000000000000e+01 1.025535420098846728e+01 8.333333333333332149e+00 0.000000000000000000e+00 3.000000000000000000e+00
4.600000000000000000e+01 1.037891268533772759e+01 8.333333333333332149e+00 0.000000000000000000e+00 3.000000000000000000e+00
4.700000000000000000e+01 9.843492586490938834e+00 1.388888888888888928e+01 0.000000000000000000e+00 5.000000000000000000e+00
4.800000000000000000e+01 9.719934102141680299e+00 1.388888888888888928e+01 0.000000000000000000e+00 5.000000000000000000e+00
4.900000000000000000e+01 9.431630971993410384e+00 1.388888888888888928e+01 0.000000000000000000e+00 5.000000000000000000e+00
5.000000000000000000e+01 8.649093904448106329e+00 8.333333333333332149e+00 0.000000000000000000e+00 3.000000000000000000e+00
5.100000000000000000e+01 9.266886326194399004e+00 1.388888888888888928e+01 0.000000000000000000e+00 5.000000000000000000e+00
5.200000000000000000e+01 9.184514003294893314e+00 1.111111111111111072e+01 0.000000000000000000e+00 4.000000000000000000e+00
5.300000000000000000e+01 8.319604612850081793e+00 1.111111111111111072e+01 0.000000000000000000e+00 4.000000000000000000e+00
5.400000000000000000e+01 7.866556836902800498e+00 1.944444444444444642e+01 0.000000000000000000e+00 7.000000000000000000e+00
5.500000000000000000e+01 8.113673805601317568e+00 1.666666666666666430e+01 0.000000000000000000e+00 6.000000000000000000e+00
5.600000000000000000e+01 7.578253706754529695e+00 2.777777777777777857e+01 0.000000000000000000e+00 1.000000000000000000e+01
5.700000000000000000e+01 7.495881383855024005e+00 2.500000000000000000e+01 0.000000000000000000e+00 9.000000000000000000e+00
5.800000000000000000e+01 7.289950576606260668e+00 1.944444444444444642e+01 0.000000000000000000e+00 7.000000000000000000e+00
5.900000000000000000e+01 7.413509060955518315e+00 2.500000000000000000e+01 0.000000000000000000e+00 9.000000000000000000e+00
6.000000000000000000e+01 7.331136738056012625e+00 2.777777777777777857e+01 0.000000000000000000e+00 1.000000000000000000e+01
6.100000000000000000e+01 7.413509060955518315e+00 2.222222222222222143e+01 0.000000000000000000e+00 8.000000000000000000e+00
6.200000000000000000e+01 7.578253706754529695e+00 2.777777777777777857e+01 0.000000000000000000e+00 1.000000000000000000e+01
6.300000000000000000e+01 8.690280065897857398e+00 1.388888888888888928e+01 0.000000000000000000e+00 5.000000000000000000e+00
6.400000000000000000e+01 8.113673805601317568e+00 1.388888888888888928e+01 0.000000000000000000e+00 5.000000000000000000e+00
6.500000000000000000e+01 8.978583196046129089e+00 5.555555555555555358e+00 0.000000000000000000e+00 2.000000000000000000e+00
6.600000000000000000e+01 8.031301482701811878e+00 0.000000000000000000e+00 0.000000000000000000e+00 -6.000000000000000000e+03
