# step, world, group,control
0.000000000000000000e+00 2.878912685337726884e+01 2.777777777777777857e+01 2.500000000000000000e+01 1.000000000000000000e+01
1.000000000000000000e+00 2.475288303130148293e+01 1.666666666666666430e+01 3.055555555555555358e+01 6.000000000000000000e+00
2.000000000000000000e+00 2.570016474464579659e+01 1.111111111111111072e+01 2.500000000000000000e+01 4.000000000000000000e+00
3.000000000000000000e+00 2.186985172981878023e+01 2.222222222222222143e+01 4.166666666666667140e+01 8.000000000000000000e+00
4.000000000000000000e+00 2.277594728171334282e+01 1.388888888888888928e+01 3.333333333333332860e+01 5.000000000000000000e+00
5.000000000000000000e+00 2.203459637561779161e+01 1.388888888888888928e+01 3.055555555555555358e+01 5.000000000000000000e+00
6.000000000000000000e+00 2.331136738056013158e+01 1.388888888888888928e+01 1.666666666666666430e+01 5.000000000000000000e+00
7.000000000000000000e+00 2.022240527182866643e+01 1.666666666666666430e+01 1.666666666666666430e+01 6.000000000000000000e+00
8.000000000000000000e+00 1.985172981878088905e+01 2.222222222222222143e+01 2.500000000000000000e+01 8.000000000000000000e+00
9.000000000000000000e+00 1.931630971993410384e+01 2.500000000000000000e+01 2.222222222222222143e+01 9.000000000000000000e+00
1.000000000000000000e+01 2.026359143327841750e+01 1.388888888888888928e+01 2.500000000000000000e+01 5.000000000000000000e+00
1.100000000000000000e+01 1.754530477759472973e+01 3.055555555555555358e+01 3.333333333333332860e+01 1.100000000000000000e+01
1.200000000000000000e+01 1.857495881383854908e+01 1.388888888888888928e+01 3.333333333333332860e+01 5.000000000000000000e+00
1.300000000000000000e+01 1.713344316309720128e+01 0.000000000000000000e+00 3.055555555555555358e+01 -6.000000000000000000e+03
