# step, world, group,control
0.000000000000000000e+00 2.660626029654036273e+01 2.777777777777777857e+01 1.111111111111111072e+01 1.000000000000000000e+01
1.000000000000000000e+00 2.372322899505766003e+01 3.611111111111110716e+01 2.777777777777777679e+00 1.300000000000000000e+01
2.000000000000000000e+00 2.306425041186161451e+01 4.166666666666667140e+01 0.000000000000000000e+00 1.500000000000000000e+01
3.000000000000000000e+00 2.182866556836902561e+01 1.944444444444444642e+01 0.000000000000000000e+00 7.000000000000000000e+00
4.000000000000000000e+00 2.228171334431630868e+01 1.944444444444444642e+01 2.777777777777777679e+00 7.000000000000000000e+00
5.000000000000000000e+00 2.005766062602965505e+01 2.500000000000000000e+01 8.333333333333332149e+00 9.000000000000000000e+00
6.000000000000000000e+00 1.935749588138385491e+01 3.333333333333332860e+01 1.111111111111111072e+01 1.200000000000000000e+01
7.000000000000000000e+00 1.886326194398682077e+01 3.055555555555555358e+01 1.666666666666666430e+01 1.100000000000000000e+01
8.000000000000000000e+00 1.931630971993410384e+01 2.222222222222222143e+01 1.111111111111111072e+01 8.000000000000000000e+00
9.000000000000000000e+00 1.853377265238879801e+01 1.666666666666666430e+01 1.388888888888888928e+01 6.000000000000000000e+00
1.000000000000000000e+01 1.799835255354200925e+01 1.944444444444444642e+01 1.388888888888888928e+01 7.000000000000000000e+00
1.100000000000000000e+01 1.841021416803953770e+01 1.388888888888888928e+01 1.944444444444444642e+01 5.000000000000000000e+00
1.200000000000000000e+01 1.799835255354200925e+01 1.666666666666666430e+01 2.222222222222222143e+01 6.000000000000000000e+00
1.300000000000000000e+01 1.791598023064250356e+01 1.944444444444444642e+01 2.500000000000000000e+01 7.000000000000000000e+00
1.400000000000000000e+01 1.791598023064250356e+01 2.500000000000000000e+01 3.055555555555555358e+01 9.000000000000000000e+00
1.500000000000000000e+01 1.878088962108731508e+01 2.500000000000000000e+01 3.888888888888889284e+01 9.000000000000000000e+00
1.600000000000000000e+01 1.787479406919275249e+01 1.944444444444444642e+01 2.777777777777777857e+01 7.000000000000000000e+00
1.700000000000000000e+01 1.659802306425041252e+01 2.222222222222222143e+01 2.500000000000000000e+01 8.000000000000000000e+00
1.800000000000000000e+01 1.614497528830312945e+01 1.111111111111111072e+01 1.388888888888888928e+01 4.000000000000000000e+00
1.900000000000000000e+01 1.486820428336079125e+01 8.333333333333332149e+00 1.944444444444444642e+01 3.000000000000000000e+00
2.000000000000000000e+01 1.581548599670510669e+01 1.111111111111111072e+01 1.111111111111111072e+01 4.000000000000000000e+00
2.100000000000000000e+01 1.486820428336079125e+01 1.388888888888888928e+01 1.388888888888888928e+01 5.000000000000000000e+00
2.200000000000000000e+01 1.552718286655683855e+01 2.500000000000000000e+01 2.777777777777777679e+00 9.000000000000000000e+00
2.300000000000000000e+01 1.560955518945634246e+01 1.111111111111111072e+01 0.000000000000000000e+00 4.000000000000000000e+00
2.400000000000000000e+01 1.503294892915980263e+01 0.000000000000000000e+00 0.000000000000000000e+00 -6.000000000000000000e+03
