# step, world, group,control
0.000000000000000000e+00 2.590609555189456614e+01 2.777777777777777857e+01 2.500000000000000000e+01 1.000000000000000000e+01
1.000000000000000000e+00 2.417627677100494310e+01 2.222222222222222143e+01 3.055555555555555358e+01 8.000000000000000000e+00
2.000000000000000000e+00 2.409390444810543386e+01 2.777777777777777857e+01 2.777777777777777857e+01 1.000000000000000000e+01
3.000000000000000000e+00 2.343492586490938834e+01 3.333333333333332860e+01 2.222222222222222143e+01 1.200000000000000000e+01
4.000000000000000000e+00 2.281713344316309744e+01 2.222222222222222143e+01 4.444444444444444287e+01 8.000000000000000000e+00
5.000000000000000000e+00 2.166392092257001423e+01 2.500000000000000000e+01 2.500000000000000000e+01 9.000000000000000000e+00
6.000000000000000000e+00 2.129324546952224040e+01 3.333333333333332860e+01 4.166666666666667140e+01 1.200000000000000000e+01
7.000000000000000000e+00 2.257001647446458037e+01 3.611111111111110716e+01 1.388888888888888928e+01 1.300000000000000000e+01
8.000000000000000000e+00 2.129324546952224040e+01 2.222222222222222143e+01 1.666666666666666430e+01 8.000000000000000000e+00
9.000000000000000000e+00 1.816309719934102063e+01 3.333333333333332860e+01 2.222222222222222143e+01 1.200000000000000000e+01
1.000000000000000000e+01 1.696869851729818990e+01 3.888888888888889284e+01 8.333333333333332149e+00 1.400000000000000000e+01
1.100000000000000000e+01 1.849258649093904339e+01 3.333333333333332860e+01 5.555555555555555358e+00 1.200000000000000000e+01
1.200000000000000000e+01 1.643327841845140114e+01 4.444444444444444287e+01 0.000000000000000000e+00 1.600000000000000000e+01
1.300000000000000000e+01 1.544481054365733108e+01 3.055555555555555358e+01 0.000000000000000000e+00 1.100000000000000000e+01
1.400000000000000000e+01 1.659802306425041252e+01 3.888888888888889284e+01 0.000000000000000000e+00 1.400000000000000000e+01
1.500000000000000000e+01 1.585667215815486131e+01 3.055555555555555358e+01 0.000000000000000000e+00 1.100000000000000000e+01
1.600000000000000000e+01 1.639209225700164652e+01 2.222222222222222143e+01 0.000000000000000000e+00 8.000000000000000000e+00
1.700000000000000000e+01 1.725700164744645804e+01 1.944444444444444642e+01 0.000000000000000000e+00 7.000000000000000000e+00
1.800000000000000000e+01 1.680395387149917852e+01 2.500000000000000000e+01 0.000000000000000000e+00 9.000000000000000000e+00
1.900000000000000000e+01 1.507413509060955548e+01 1.666666666666666430e+01 2.777777777777777679e+00 6.000000000000000000e+00
2.000000000000000000e+01 1.672158154859966928e+01 2.222222222222222143e+01 0.000000000000000000e+00 8.000000000000000000e+00
2.100000000000000000e+01 1.536243822075782717e+01 2.222222222222222143e+01 0.000000000000000000e+00 8.000000000000000000e+00
2.200000000000000000e+01 1.672158154859966928e+01 2.222222222222222143e+01 0.000000000000000000e+00 8.000000000000000000e+00
2.300000000000000000e+01 1.598023064250411807e+01 2.500000000000000000e+01 0.000000000000000000e+00 9.000000000000000000e+00
2.400000000000000000e+01 1.474464579901153272e+01 2.777777777777777857e+01 0.000000000000000000e+00 1.000000000000000000e+01
2.500000000000000000e+01 1.445634266886326103e+01 3.333333333333332860e+01 0.000000000000000000e+00 1.200000000000000000e+01
2.600000000000000000e+01 1.556836902800658962e+01 3.333333333333332860e+01 0.000000000000000000e+00 1.200000000000000000e+01
2.700000000000000000e+01 1.593904448105436522e+01 1.944444444444444642e+01 5.555555555555555358e+00 7.000000000000000000e+00
2.800000000000000000e+01 1.569192751235584993e+01 1.666666666666666430e+01 2.777777777777777679e+00 6.000000000000000000e+00
2.900000000000000000e+01 1.507413509060955548e+01 1.388888888888888928e+01 0.000000000000000000e+00 5.000000000000000000e+00
3.000000000000000000e+01 1.499176276771004801e+01 1.944444444444444642e+01 0.000000000000000000e+00 7.000000000000000000e+00
3.100000000000000000e+01 1.359143327841845306e+01 1.666666666666666430e+01 0.000000000000000000e+00 6.000000000000000000e+00
3.200000000000000000e+01 1.408566721581548720e+01 2.500000000000000000e+01 0.000000000000000000e+00 9.000000000000000000e+00
3.300000000000000000e+01 1.408566721581548720e+01 4.444444444444444287e+01 0.000000000000000000e+00 1.600000000000000000e+01
3.400000000000000000e+01 1.338550247116968528e+01 1.944444444444444642e+01 0.000000000000000000e+00 7.000000000000000000e+00
3.500000000000000000e+01 1.396210873146622689e+01 4.722222222222222854e+01 0.000000000000000000e+00 1.700000000000000000e+01
3.600000000000000000e+01 1.379736408566721551e+01 2.222222222222222143e+01 0.000000000000000000e+00 8.000000000000000000e+00
3.700000000000000000e+01 1.429159802306424965e+01 2.222222222222222143e+01 0.000000000000000000e+00 8.000000000000000000e+00
3.800000000000000000e+01 1.301482701812190967e+01 2.222222222222222143e+01 2.777777777777777679e+00 8.000000000000000000e+00
3.900000000000000000e+01 1.268533772652388691e+01 2.500000000000000000e+01 0.000000000000000000e+00 9.000000000000000000e+00
4.000000000000000000e+01 1.322075782537067390e+01 1.944444444444444642e+01 0.000000000000000000e+00 7.000000000000000000e+00
4.100000000000000000e+01 1.301482701812190967e+01 1.944444444444444642e+01 0.000000000000000000e+00 7.000000000000000000e+00
4.200000000000000000e+01 1.239703459637561878e+01 1.666666666666666430e+01 0.000000000000000000e+00 6.000000000000000000e+00
4.300000000000000000e+01 1.293245469522240576e+01 1.388888888888888928e+01 0.000000000000000000e+00 5.000000000000000000e+00
4.400000000000000000e+01 1.165568369028006579e+01 2.222222222222222143e+01 0.000000000000000000e+00 8.000000000000000000e+00
4.500000000000000000e+01 1.132619439868204303e+01 3.055555555555555358e+01 0.000000000000000000e+00 1.100000000000000000e+01
4.600000000000000000e+01 1.112026359143327880e+01 2.777777777777777857e+01 0.000000000000000000e+00 1.000000000000000000e+01
4.700000000000000000e+01 1.128500823723229018e+01 2.222222222222222143e+01 0.000000000000000000e+00 8.000000000000000000e+00
4.800000000000000000e+01 1.103789126853377311e+01 2.777777777777777857e+01 0.000000000000000000e+00 1.000000000000000000e+01
4.900000000000000000e+01 1.099670510708401849e+01 2.777777777777777857e+01 0.000000000000000000e+00 1.000000000000000000e+01
5.000000000000000000e+01 1.004942339373970306e+01 2.222222222222222143e+01 0.000000000000000000e+00 8.000000000000000000e+00
5.100000000000000000e+01 8.855024711696870554e+00 2.222222222222222143e+01 0.000000000000000000e+00 8.000000000000000000e+00
5.200000000000000000e+01 9.678747940691927454e+00 2.777777777777777857e+01 0.000000000000000000e+00 1.000000000000000000e+01
5.300000000000000000e+01 9.102141680395387624e+00 2.777777777777777857e+01 0.000000000000000000e+00 1.000000000000000000e+01
5.400000000000000000e+01 8.649093904448106329e+00 2.777777777777777857e+01 0.000000000000000000e+00 1.000000000000000000e+01
5.500000000000000000e+01 8.690280065897857398e+00 3.055555555555555358e+01 0.000000000000000000e+00 1.100000000000000000e+01
5.600000000000000000e+01 8.607907742998351708e+00 2.777777777777777857e+01 0.000000000000000000e+00 1.000000000000000000e+01
5.700000000000000000e+01 8.731466227347612019e+00 1.666666666666666430e+01 0.000000000000000000e+00 6.000000000000000000e+00
5.800000000000000000e+01 8.031301482701811878e+00 2.777777777777777857e+01 0.000000000000000000e+00 1.000000000000000000e+01
5.900000000000000000e+01 8.278418451400328948e+00 2.777777777777777857e+01 0.000000000000000000e+00 1.000000000000000000e+01
6.000000000000000000e+01 8.072487644151564723e+00 2.777777777777777857e+01 0.000000000000000000e+00 1.000000000000000000e+01
6.100000000000000000e+01 9.060955518945634779e+00 2.500000000000000000e+01 0.000000000000000000e+00 9.000000000000000000e+00
6.200000000000000000e+01 7.742998352553541075e+00 2.500000000000000000e+01 0.000000000000000000e+00 9.000000000000000000e+00
6.300000000000000000e+01 8.319604612850081793e+00 2.777777777777777857e+01 0.000000000000000000e+00 1.000000000000000000e+01
6.400000000000000000e+01 8.731466227347612019e+00 3.611111111111110716e+01 0.000000000000000000e+00 1.300000000000000000e+01
6.500000000000000000e+01 8.401976935749589259e+00 8.333333333333332149e+00 0.000000000000000000e+00 3.000000000000000000e+00
6.600000000000000000e+01 8.937397034596376244e+00 1.388888888888888928e+01 0.000000000000000000e+00 5.000000000000000000e+00
6.700000000000000000e+01 8.525535420098846018e+00 1.111111111111111072e+01 0.000000000000000000e+00 4.000000000000000000e+00
6.800000000000000000e+01 8.896210873146623399e+00 1.666666666666666430e+01 0.000000000000000000e+00 6.000000000000000000e+00
6.900000000000000000e+01 8.566721581548600639e+00 2.222222222222222143e+01 0.000000000000000000e+00 8.000000000000000000e+00
7.000000000000000000e+01 8.525535420098846018e+00 1.111111111111111072e+01 0.000000000000000000e+00 4.000000000000000000e+00
7.100000000000000000e+01 8.278418451400328948e+00 1.388888888888888928e+01 0.000000000000000000e+00 5.000000000000000000e+00
7.200000000000000000e+01 8.319604612850081793e+00 1.388888888888888928e+01 0.000000000000000000e+00 5.000000000000000000e+00
7.300000000000000000e+01 8.443163097199340328e+00 1.111111111111111072e+01 0.000000000000000000e+00 4.000000000000000000e+00
7.400000000000000000e+01 8.154859967051070413e+00 1.388888888888888928e+01 0.000000000000000000e+00 5.000000000000000000e+00
7.500000000000000000e+01 8.607907742998351708e+00 8.333333333333332149e+00 0.000000000000000000e+00 3.000000000000000000e+00
7.600000000000000000e+01 8.649093904448106329e+00 8.333333333333332149e+00 0.000000000000000000e+00 3.000000000000000000e+00
7.700000000000000000e+01 8.484349258649094949e+00 5.555555555555555358e+00 0.000000000000000000e+00 2.000000000000000000e+00
7.800000000000000000e+01 9.596375617792421764e+00 8.333333333333332149e+00 0.000000000000000000e+00 3.000000000000000000e+00
7.900000000000000000e+01 7.742998352553541075e+00 8.333333333333332149e+00 0.000000000000000000e+00 3.000000000000000000e+00
8.000000000000000000e+01 8.401976935749589259e+00 1.111111111111111072e+01 0.000000000000000000e+00 4.000000000000000000e+00
8.100000000000000000e+01 7.825370675453047653e+00 1.111111111111111072e+01 0.000000000000000000e+00 4.000000000000000000e+00
8.200000000000000000e+01 8.113673805601317568e+00 8.333333333333332149e+00 0.000000000000000000e+00 3.000000000000000000e+00
8.300000000000000000e+01 7.495881383855024005e+00 8.333333333333332149e+00 0.000000000000000000e+00 3.000000000000000000e+00
8.400000000000000000e+01 8.154859967051070413e+00 8.333333333333332149e+00 0.000000000000000000e+00 3.000000000000000000e+00
8.500000000000000000e+01 7.866556836902800498e+00 8.333333333333332149e+00 0.000000000000000000e+00 3.000000000000000000e+00
8.600000000000000000e+01 7.372322899505766358e+00 5.555555555555555358e+00 0.000000000000000000e+00 2.000000000000000000e+00
8.700000000000000000e+01 7.125205930807249288e+00 8.333333333333332149e+00 0.000000000000000000e+00 3.000000000000000000e+00
8.800000000000000000e+01 7.289950576606260668e+00 1.111111111111111072e+01 0.000000000000000000e+00 4.000000000000000000e+00
8.900000000000000000e+01 6.630971993410214260e+00 1.666666666666666430e+01 0.000000000000000000e+00 6.000000000000000000e+00
9.000000000000000000e+01 6.919275123558484175e+00 2.222222222222222143e+01 0.000000000000000000e+00 8.000000000000000000e+00
9.100000000000000000e+01 6.836902800658978485e+00 2.500000000000000000e+01 0.000000000000000000e+00 9.000000000000000000e+00
9.200000000000000000e+01 7.331136738056012625e+00 1.388888888888888928e+01 0.000000000000000000e+00 5.000000000000000000e+00
9.300000000000000000e+01 7.742998352553541075e+00 1.666666666666666430e+01 0.000000000000000000e+00 6.000000000000000000e+00
9.400000000000000000e+01 7.413509060955518315e+00 2.777777777777777857e+01 0.000000000000000000e+00 1.000000000000000000e+01
9.500000000000000000e+01 8.443163097199340328e+00 1.666666666666666430e+01 0.000000000000000000e+00 6.000000000000000000e+00
9.600000000000000000e+01 8.196046128500823258e+00 5.555555555555555358e+00 0.000000000000000000e+00 2.000000000000000000e+00
9.700000000000000000e+01 7.660626029654035385e+00 0.000000000000000000e+00 0.000000000000000000e+00 -6.000000000000000000e+03
