# step, world, group,control
0.000000000000000000e+00 2.425864909390444524e+01 1.666666666666666430e+01 2.500000000000000000e+01 6.000000000000000000e+00
1.000000000000000000e+00 2.425864909390444524e+01 1.388888888888888928e+01 3.333333333333332860e+01 5.000000000000000000e+00
2.000000000000000000e+00 2.368204283360790896e+01 2.222222222222222143e+01 2.777777777777777857e+01 8.000000000000000000e+00
3.000000000000000000e+00 2.450576606260296586e+01 1.944444444444444642e+01 2.222222222222222143e+01 7.000000000000000000e+00
4.000000000000000000e+00 2.186985172981878023e+01 2.777777777777777857e+01 1.388888888888888928e+01 1.000000000000000000e+01
5.000000000000000000e+00 2.079901153212520626e+01 2.500000000000000000e+01 1.111111111111111072e+01 9.000000000000000000e+00
6.000000000000000000e+00 2.211696869851729730e+01 2.500000000000000000e+01 8.333333333333332149e+00 9.000000000000000000e+00
7.000000000000000000e+00 2.154036243822075747e+01 3.333333333333332860e+01 1.111111111111111072e+01 1.200000000000000000e+01
8.000000000000000000e+00 2.158154859967051209e+01 1.666666666666666430e+01 8.333333333333332149e+00 6.000000000000000000e+00
9.000000000000000000e+00 2.112850082372322902e+01 1.944444444444444642e+01 1.388888888888888928e+01 7.000000000000000000e+00
1.000000000000000000e+01 2.005766062602965505e+01 2.777777777777777857e+01 8.333333333333332149e+00 1.000000000000000000e+01
1.100000000000000000e+01 2.018121911037891181e+01 2.500000000000000000e+01 0.000000000000000000e+00 9.000000000000000000e+00
1.200000000000000000e+01 1.915156507413509246e+01 2.777777777777777857e+01 0.000000000000000000e+00 1.000000000000000000e+01
1.300000000000000000e+01 1.927512355848434922e+01 2.500000000000000000e+01 0.000000000000000000e+00 9.000000000000000000e+00
1.400000000000000000e+01 1.742174629324546942e+01 1.944444444444444642e+01 0.000000000000000000e+00 7.000000000000000000e+00
1.500000000000000000e+01 1.721581548599670342e+01 3.333333333333332860e+01 0.000000000000000000e+00 1.200000000000000000e+01
1.600000000000000000e+01 1.663920922570016359e+01 3.333333333333332860e+01 0.000000000000000000e+00 1.200000000000000000e+01
1.700000000000000000e+01 1.507413509060955548e+01 3.333333333333332860e+01 0.000000000000000000e+00 1.200000000000000000e+01
1.800000000000000000e+01 1.585667215815486131e+01 4.444444444444444287e+01 0.000000000000000000e+00 1.600000000000000000e+01
1.900000000000000000e+01 1.499176276771004801e+01 2.500000000000000000e+01 0.000000000000000000e+00 9.000000000000000000e+00
2.000000000000000000e+01 1.659802306425041252e+01 2.222222222222222143e+01 0.000000000000000000e+00 8.000000000000000000e+00
2.100000000000000000e+01 1.668039538714991821e+01 3.055555555555555358e+01 0.000000000000000000e+00 1.100000000000000000e+01
2.200000000000000000e+01 1.639209225700164652e+01 3.333333333333332860e+01 0.000000000000000000e+00 1.200000000000000000e+01
2.300000000000000000e+01 1.528006589785831970e+01 2.222222222222222143e+01 0.000000000000000000e+00 8.000000000000000000e+00
2.400000000000000000e+01 1.408566721581548720e+01 4.166666666666667140e+01 0.000000000000000000e+00 1.500000000000000000e+01
2.500000000000000000e+01 1.268533772652388691e+01 2.222222222222222143e+01 0.000000000000000000e+00 8.000000000000000000e+00
2.600000000000000000e+01 1.309719934102141714e+01 4.444444444444444287e+01 0.000000000000000000e+00 1.600000000000000000e+01
2.700000000000000000e+01 1.252059308072487553e+01 1.944444444444444642e+01 0.000000000000000000e+00 7.000000000000000000e+00
2.800000000000000000e+01 1.313838550247116999e+01 1.666666666666666430e+01 0.000000000000000000e+00 6.000000000000000000e+00
2.900000000000000000e+01 1.268533772652388691e+01 1.388888888888888928e+01 0.000000000000000000e+00 5.000000000000000000e+00
3.000000000000000000e+01 1.264415156507413585e+01 2.222222222222222143e+01 0.000000000000000000e+00 8.000000000000000000e+00
3.100000000000000000e+01 1.243822075782536984e+01 2.222222222222222143e+01 0.000000000000000000e+00 8.000000000000000000e+00
3.200000000000000000e+01 1.256177924217462838e+01 2.222222222222222143e+01 0.000000000000000000e+00 8.000000000000000000e+00
3.300000000000000000e+01 1.268533772652388691e+01 2.777777777777777857e+01 0.000000000000000000e+00 1.000000000000000000e+01
3.400000000000000000e+01 1.264415156507413585e+01 3.055555555555555358e+01 0.000000000000000000e+00 1.100000000000000000e+01
3.500000000000000000e+01 1.103789126853377311e+01 2.222222222222222143e+01 0.000000000000000000e+00 8.000000000000000000e+00
3.600000000000000000e+01 1.103789126853377311e+01 1.666666666666666430e+01 0.000000000000000000e+00 6.000000000000000000e+00
3.700000000000000000e+01 1.013179571663920875e+01 2.222222222222222143e+01 0.000000000000000000e+00 8.000000000000000000e+00
3.800000000000000000e+01 1.136738056013179587e+01 1.111111111111111072e+01 0.000000000000000000e+00 4.000000000000000000e+00
3.900000000000000000e+01 1.070840197693575035e+01 8.333333333333332149e+00 0.000000000000000000e+00 3.000000000000000000e+00
4.000000000000000000e+01 1.099670510708401849e+01 5.555555555555555358e+00 0.000000000000000000e+00 2.000000000000000000e+00
4.100000000000000000e+01 1.058484349258649004e+01 5.555555555555555358e+00 0.000000000000000000e+00 2.000000000000000000e+00
4.200000000000000000e+01 1.157331136738056010e+01 2.777777777777777679e+00 0.000000000000000000e+00 1.000000000000000000e+00
4.300000000000000000e+01 1.140856672158154872e+01 2.777777777777777679e+00 0.000000000000000000e+00 1.000000000000000000e+00
4.400000000000000000e+01 1.256177924217462838e+01 0.000000000000000000e+00 0.000000000000000000e+00 -6.000000000000000000e+03
