# step, world, group,control
0.000000000000000000e+00 2.788303130148270270e+01 5.833333333333333570e+01 2.777777777777777857e+01 2.100000000000000000e+01
1.000000000000000000e+00 2.574135090609555121e+01 2.222222222222222143e+01 3.888888888888889284e+01 8.000000000000000000e+00
2.000000000000000000e+00 2.705930807248764225e+01 3.611111111111110716e+01 3.055555555555555358e+01 1.300000000000000000e+01
3.000000000000000000e+00 2.557660626029654338e+01 8.333333333333332149e+00 4.444444444444444287e+01 3.000000000000000000e+00
4.000000000000000000e+00 2.421746293245469417e+01 8.333333333333332149e+00 3.055555555555555358e+01 3.000000000000000000e+00
5.000000000000000000e+00 2.368204283360790896e+01 1.111111111111111072e+01 1.944444444444444642e+01 4.000000000000000000e+00
6.000000000000000000e+00 2.182866556836902561e+01 1.944444444444444642e+01 1.111111111111111072e+01 7.000000000000000000e+00
7.000000000000000000e+00 2.240527182866556899e+01 2.500000000000000000e+01 1.388888888888888928e+01 9.000000000000000000e+00
8.000000000000000000e+00 2.236408566721581792e+01 1.666666666666666430e+01 1.666666666666666430e+01 6.000000000000000000e+00
9.000000000000000000e+00 2.112850082372322902e+01 2.222222222222222143e+01 1.666666666666666430e+01 8.000000000000000000e+00
1.000000000000000000e+01 1.915156507413509246e+01 1.666666666666666430e+01 1.111111111111111072e+01 6.000000000000000000e+00
1.100000000000000000e+01 1.886326194398682077e+01 3.888888888888889284e+01 8.333333333333332149e+00 1.400000000000000000e+01
1.200000000000000000e+01 1.824546952224052632e+01 8.333333333333332149e+00 1.111111111111111072e+01 3.000000000000000000e+00
1.300000000000000000e+01 1.742174629324546942e+01 8.333333333333332149e+00 1.388888888888888928e+01 3.000000000000000000e+00
1.400000000000000000e+01 1.643327841845140114e+01 1.944444444444444642e+01 5.555555555555555358e+00 7.000000000000000000e+00
1.500000000000000000e+01 1.725700164744645804e+01 1.388888888888888928e+01 0.000000000000000000e+00 5.000000000000000000e+00
1.600000000000000000e+01 1.709225700164744666e+01 1.388888888888888928e+01 0.000000000000000000e+00 5.000000000000000000e+00
1.700000000000000000e+01 1.717462932454695235e+01 8.333333333333332149e+00 0.000000000000000000e+00 3.000000000000000000e+00
1.800000000000000000e+01 1.589785831960461238e+01 1.388888888888888928e+01 0.000000000000000000e+00 5.000000000000000000e+00
1.900000000000000000e+01 1.598023064250411807e+01 1.388888888888888928e+01 0.000000000000000000e+00 5.000000000000000000e+00
2.000000000000000000e+01 1.602141680395387269e+01 1.388888888888888928e+01 0.000000000000000000e+00 5.000000000000000000e+00
2.100000000000000000e+01 1.626853377265238976e+01 1.388888888888888928e+01 0.000000000000000000e+00 5.000000000000000000e+00
2.200000000000000000e+01 1.536243822075782717e+01 1.388888888888888928e+01 0.000000000000000000e+00 5.000000000000000000e+00
2.300000000000000000e+01 1.606260296540362376e+01 1.388888888888888928e+01 0.000000000000000000e+00 5.000000000000000000e+00
2.400000000000000000e+01 1.499176276771004801e+01 2.222222222222222143e+01 0.000000000000000000e+00 8.000000000000000000e+00
2.500000000000000000e+01 1.552718286655683855e+01 1.666666666666666430e+01 0.000000000000000000e+00 6.000000000000000000e+00
2.600000000000000000e+01 1.453871499176276849e+01 2.222222222222222143e+01 0.000000000000000000e+00 8.000000000000000000e+00
2.700000000000000000e+01 1.540362438220757824e+01 3.055555555555555358e+01 0.000000000000000000e+00 1.100000000000000000e+01
2.800000000000000000e+01 1.478583196046128556e+01 1.944444444444444642e+01 0.000000000000000000e+00 7.000000000000000000e+00
2.900000000000000000e+01 1.626853377265238976e+01 1.944444444444444642e+01 0.000000000000000000e+00 7.000000000000000000e+00
3.000000000000000000e+01 1.552718286655683855e+01 2.500000000000000000e+01 0.000000000000000000e+00 9.000000000000000000e+00
3.100000000000000000e+01 1.688632619439868066e+01 1.388888888888888928e+01 0.000000000000000000e+00 5.000000000000000000e+00
3.200000000000000000e+01 1.573311367380560100e+01 1.944444444444444642e+01 0.000000000000000000e+00 7.000000000000000000e+00
3.300000000000000000e+01 1.593904448105436522e+01 1.388888888888888928e+01 0.000000000000000000e+00 5.000000000000000000e+00
3.400000000000000000e+01 1.672158154859966928e+01 2.222222222222222143e+01 0.000000000000000000e+00 8.000000000000000000e+00
3.500000000000000000e+01 1.585667215815486131e+01 1.944444444444444642e+01 0.000000000000000000e+00 7.000000000000000000e+00
3.600000000000000000e+01 1.569192751235584993e+01 1.388888888888888928e+01 0.000000000000000000e+00 5.000000000000000000e+00
3.700000000000000000e+01 1.771004942339374111e+01 8.333333333333332149e+00 0.000000000000000000e+00 3.000000000000000000e+00
3.800000000000000000e+01 1.511532125205930832e+01 5.555555555555555358e+00 0.000000000000000000e+00 2.000000000000000000e+00
3.900000000000000000e+01 1.565074135090609531e+01 2.777777777777777679e+00 2.777777777777777679e+00 1.000000000000000000e+00
4.000000000000000000e+01 1.577429983525535384e+01 8.333333333333332149e+00 0.000000000000000000e+00 3.000000000000000000e+00
4.100000000000000000e+01 1.635090609555189545e+01 1.388888888888888928e+01 0.000000000000000000e+00 5.000000000000000000e+00
4.200000000000000000e+01 1.639209225700164652e+01 2.222222222222222143e+01 2.777777777777777679e+00 8.000000000000000000e+00
4.300000000000000000e+01 1.713344316309720128e+01 3.055555555555555358e+01 2.777777777777777679e+00 1.100000000000000000e+01
4.400000000000000000e+01 1.668039538714991821e+01 1.944444444444444642e+01 2.777777777777777679e+00 7.000000000000000000e+00
4.500000000000000000e+01 1.742174629324546942e+01 1.388888888888888928e+01 5.555555555555555358e+00 5.000000000000000000e+00
4.600000000000000000e+01 1.676276771004942390e+01 1.666666666666666430e+01 8.333333333333332149e+00 6.000000000000000000e+00
4.700000000000000000e+01 1.845140032948929232e+01 5.555555555555555358e+00 8.333333333333332149e+00 2.000000000000000000e+00
4.800000000000000000e+01 1.812191103789126956e+01 5.555555555555555358e+00 5.555555555555555358e+00 2.000000000000000000e+00
4.900000000000000000e+01 1.799835255354200925e+01 5.555555555555555358e+00 5.555555555555555358e+00 2.000000000000000000e+00
5.000000000000000000e+01 1.865733113673805477e+01 8.333333333333332149e+00 5.555555555555555358e+00 3.000000000000000000e+00
5.100000000000000000e+01 1.659802306425041252e+01 5.555555555555555358e+00 5.555555555555555358e+00 2.000000000000000000e+00
5.200000000000000000e+01 1.659802306425041252e+01 0.000000000000000000e+00 5.555555555555555358e+00 -6.000000000000000000e+03
