# step, world, group,control
0.000000000000000000e+00 2.817133443163097439e+01 3.611111111111110716e+01 3.611111111111110716e+01 1.300000000000000000e+01
1.000000000000000000e+00 2.710049423393739332e+01 3.055555555555555358e+01 3.611111111111110716e+01 1.100000000000000000e+01
2.000000000000000000e+00 2.582372322899506045e+01 2.777777777777777857e+01 2.500000000000000000e+01 1.000000000000000000e+01
3.000000000000000000e+00 2.537067545304777383e+01 3.611111111111110716e+01 3.333333333333332860e+01 1.300000000000000000e+01
4.000000000000000000e+00 2.598846787479406828e+01 3.055555555555555358e+01 3.333333333333332860e+01 1.100000000000000000e+01
5.000000000000000000e+00 2.331136738056013158e+01 3.333333333333332860e+01 1.388888888888888928e+01 1.200000000000000000e+01
6.000000000000000000e+00 2.207578253706754623e+01 3.888888888888889284e+01 1.666666666666666430e+01 1.400000000000000000e+01
7.000000000000000000e+00 2.186985172981878023e+01 3.611111111111110716e+01 2.222222222222222143e+01 1.300000000000000000e+01
8.000000000000000000e+00 2.145799011532125178e+01 2.500000000000000000e+01 2.222222222222222143e+01 9.000000000000000000e+00
9.000000000000000000e+00 2.178747940691927454e+01 3.055555555555555358e+01 1.666666666666666430e+01 1.100000000000000000e+01
1.000000000000000000e+01 2.116968698517298009e+01 4.166666666666667140e+01 1.944444444444444642e+01 1.500000000000000000e+01
1.100000000000000000e+01 2.211696869851729730e+01 3.333333333333332860e+01 2.222222222222222143e+01 1.200000000000000000e+01
1.200000000000000000e+01 1.915156507413509246e+01 3.333333333333332860e+01 3.333333333333332860e+01 1.200000000000000000e+01
1.300000000000000000e+01 1.721581548599670342e+01 4.444444444444444287e+01 3.055555555555555358e+01 1.600000000000000000e+01
1.400000000000000000e+01 1.725700164744645804e+01 2.222222222222222143e+01 3.333333333333332860e+01 8.000000000000000000e+00
1.500000000000000000e+01 1.873970345963756046e+01 4.166666666666667140e+01 4.166666666666667140e+01 1.500000000000000000e+01
1.600000000000000000e+01 1.688632619439868066e+01 2.777777777777777857e+01 4.722222222222222854e+01 1.000000000000000000e+01
1.700000000000000000e+01 1.832784184514003201e+01 3.888888888888889284e+01 3.888888888888889284e+01 1.400000000000000000e+01
1.800000000000000000e+01 1.717462932454695235e+01 3.333333333333332860e+01 4.166666666666667140e+01 1.200000000000000000e+01
1.900000000000000000e+01 1.816309719934102063e+01 2.500000000000000000e+01 3.055555555555555358e+01 9.000000000000000000e+00
2.000000000000000000e+01 1.775123558484349218e+01 4.722222222222222854e+01 3.611111111111110716e+01 1.700000000000000000e+01
2.100000000000000000e+01 1.894563426688632646e+01 2.777777777777777857e+01 2.222222222222222143e+01 1.000000000000000000e+01
2.200000000000000000e+01 1.556836902800658962e+01 3.055555555555555358e+01 3.333333333333332860e+01 1.100000000000000000e+01
2.300000000000000000e+01 1.610378912685337838e+01 3.333333333333332860e+01 2.777777777777777857e+01 1.200000000000000000e+01
2.400000000000000000e+01 1.626853377265238976e+01 1.666666666666666430e+01 2.777777777777777857e+01 6.000000000000000000e+00
2.500000000000000000e+01 1.647446457990115221e+01 3.333333333333332860e+01 3.333333333333332860e+01 1.200000000000000000e+01
2.600000000000000000e+01 1.449752883031301387e+01 1.388888888888888928e+01 1.666666666666666430e+01 5.000000000000000000e+00
2.700000000000000000e+01 1.507413509060955548e+01 0.000000000000000000e+00 1.944444444444444642e+01 -6.000000000000000000e+03
