# step, world, group,control
0.000000000000000000e+00 2.491762767710049431e+01 4.444444444444444287e+01 2.500000000000000000e+01 1.600000000000000000e+01
1.000000000000000000e+00 2.372322899505766003e+01 2.777777777777777857e+01 3.888888888888889284e+01 1.000000000000000000e+01
2.000000000000000000e+00 2.224052718286655761e+01 2.777777777777777857e+01 3.888888888888889284e+01 1.000000000000000000e+01
3.000000000000000000e+00 2.244645799011532006e+01 3.055555555555555358e+01 4.444444444444444287e+01 1.100000000000000000e+01
4.000000000000000000e+00 2.232289950576606330e+01 3.055555555555555358e+01 2.777777777777777857e+01 1.100000000000000000e+01
5.000000000000000000e+00 2.038714991762767781e+01 3.611111111111110716e+01 3.333333333333332860e+01 1.300000000000000000e+01
6.000000000000000000e+00 1.762767710049423542e+01 2.500000000000000000e+01 3.333333333333332860e+01 9.000000000000000000e+00
7.000000000000000000e+00 1.857495881383854908e+01 2.500000000000000000e+01 5.000000000000000000e+01 9.000000000000000000e+00
8.000000000000000000e+00 1.878088962108731508e+01 2.500000000000000000e+01 2.222222222222222143e+01 9.000000000000000000e+00
9.000000000000000000e+00 1.771004942339374111e+01 2.777777777777777857e+01 1.666666666666666430e+01 1.000000000000000000e+01
1.000000000000000000e+01 1.754530477759472973e+01 2.777777777777777857e+01 2.222222222222222143e+01 1.000000000000000000e+01
1.100000000000000000e+01 1.729818780889621266e+01 2.222222222222222143e+01 3.333333333333332860e+01 8.000000000000000000e+00
1.200000000000000000e+01 1.651565074135090683e+01 2.777777777777777857e+01 3.055555555555555358e+01 1.000000000000000000e+01
1.300000000000000000e+01 1.519769357495881579e+01 3.333333333333332860e+01 4.722222222222222854e+01 1.200000000000000000e+01
1.400000000000000000e+01 1.478583196046128556e+01 3.055555555555555358e+01 2.500000000000000000e+01 1.100000000000000000e+01
1.500000000000000000e+01 1.445634266886326103e+01 3.888888888888889284e+01 4.166666666666667140e+01 1.400000000000000000e+01
1.600000000000000000e+01 1.437397034596375711e+01 3.055555555555555358e+01 2.222222222222222143e+01 1.100000000000000000e+01
1.700000000000000000e+01 1.408566721581548720e+01 4.166666666666667140e+01 2.500000000000000000e+01 1.500000000000000000e+01
1.800000000000000000e+01 1.387973640856671942e+01 3.055555555555555358e+01 2.500000000000000000e+01 1.100000000000000000e+01
1.900000000000000000e+01 1.420922570016474573e+01 4.722222222222222854e+01 2.500000000000000000e+01 1.700000000000000000e+01
2.000000000000000000e+01 1.425041186161449858e+01 2.500000000000000000e+01 2.500000000000000000e+01 9.000000000000000000e+00
2.100000000000000000e+01 1.470345963756177987e+01 2.222222222222222143e+01 2.500000000000000000e+01 8.000000000000000000e+00
2.200000000000000000e+01 1.540362438220757824e+01 1.666666666666666430e+01 3.055555555555555358e+01 6.000000000000000000e+00
2.300000000000000000e+01 1.647446457990115221e+01 1.666666666666666430e+01 3.888888888888889284e+01 6.000000000000000000e+00
2.400000000000000000e+01 1.515650741350905939e+01 1.388888888888888928e+01 3.611111111111110716e+01 5.000000000000000000e+00
2.500000000000000000e+01 1.589785831960461238e+01 1.388888888888888928e+01 2.777777777777777857e+01 5.000000000000000000e+00
2.600000000000000000e+01 1.565074135090609531e+01 2.500000000000000000e+01 3.888888888888889284e+01 9.000000000000000000e+00
2.700000000000000000e+01 1.519769357495881579e+01 1.944444444444444642e+01 2.500000000000000000e+01 7.000000000000000000e+00
2.800000000000000000e+01 1.453871499176276849e+01 2.222222222222222143e+01 3.333333333333332860e+01 8.000000000000000000e+00
2.900000000000000000e+01 1.565074135090609531e+01 2.777777777777777857e+01 3.333333333333332860e+01 1.000000000000000000e+01
3.000000000000000000e+01 1.540362438220757824e+01 2.222222222222222143e+01 3.055555555555555358e+01 8.000000000000000000e+00
3.100000000000000000e+01 1.565074135090609531e+01 2.500000000000000000e+01 4.166666666666667140e+01 9.000000000000000000e+00
3.200000000000000000e+01 1.635090609555189545e+01 1.944444444444444642e+01 3.611111111111110716e+01 7.000000000000000000e+00
3.300000000000000000e+01 1.766886326194398649e+01 1.388888888888888928e+01 2.777777777777777857e+01 5.000000000000000000e+00
3.400000000000000000e+01 1.490939044481054410e+01 2.222222222222222143e+01 3.333333333333332860e+01 8.000000000000000000e+00
3.500000000000000000e+01 1.606260296540362376e+01 2.222222222222222143e+01 2.500000000000000000e+01 8.000000000000000000e+00
3.600000000000000000e+01 1.536243822075782717e+01 1.388888888888888928e+01 2.222222222222222143e+01 5.000000000000000000e+00
3.700000000000000000e+01 1.511532125205930832e+01 1.111111111111111072e+01 3.611111111111110716e+01 4.000000000000000000e+00
3.800000000000000000e+01 1.585667215815486131e+01 1.388888888888888928e+01 2.222222222222222143e+01 5.000000000000000000e+00
3.900000000000000000e+01 1.680395387149917852e+01 2.222222222222222143e+01 3.333333333333332860e+01 8.000000000000000000e+00
4.000000000000000000e+01 1.643327841845140114e+01 1.666666666666666430e+01 3.055555555555555358e+01 6.000000000000000000e+00
4.100000000000000000e+01 1.544481054365733108e+01 2.500000000000000000e+01 3.611111111111110716e+01 9.000000000000000000e+00
4.200000000000000000e+01 1.433278418451400249e+01 2.500000000000000000e+01 4.166666666666667140e+01 9.000000000000000000e+00
4.300000000000000000e+01 1.400329489291597973e+01 2.222222222222222143e+01 3.333333333333332860e+01 8.000000000000000000e+00
4.400000000000000000e+01 1.392092257001647582e+01 3.888888888888889284e+01 3.333333333333332860e+01 1.400000000000000000e+01
4.500000000000000000e+01 1.326194398682042852e+01 4.444444444444444287e+01 3.333333333333332860e+01 1.600000000000000000e+01
4.600000000000000000e+01 1.330313014827018137e+01 3.055555555555555358e+01 3.055555555555555358e+01 1.100000000000000000e+01
4.700000000000000000e+01 1.346787479406919275e+01 1.944444444444444642e+01 3.055555555555555358e+01 7.000000000000000000e+00
4.800000000000000000e+01 1.326194398682042852e+01 3.055555555555555358e+01 2.777777777777777857e+01 1.100000000000000000e+01
4.900000000000000000e+01 1.420922570016474573e+01 1.388888888888888928e+01 1.111111111111111072e+01 5.000000000000000000e+00
5.000000000000000000e+01 1.519769357495881579e+01 0.000000000000000000e+00 8.333333333333332149e+00 -6.000000000000000000e+03
