# step, world, group,control
0.000000000000000000e+00 2.495881383855024893e+01 2.777777777777777857e+01 1.666666666666666430e+01 1.000000000000000000e+01
1.000000000000000000e+00 2.446457990115321479e+01 3.333333333333332860e+01 8.333333333333332149e+00 1.200000000000000000e+01
2.000000000000000000e+00 2.339373970345963727e+01 2.777777777777777857e+01 1.388888888888888928e+01 1.000000000000000000e+01
3.000000000000000000e+00 2.232289950576606330e+01 5.000000000000000000e+01 1.388888888888888928e+01 1.800000000000000000e+01
4.000000000000000000e+00 2.145799011532125178e+01 1.944444444444444642e+01 2.222222222222222143e+01 7.000000000000000000e+00
5.000000000000000000e+00 2.112850082372322902e+01 2.222222222222222143e+01 1.388888888888888928e+01 8.000000000000000000e+00
6.000000000000000000e+00 2.244645799011532006e+01 3.055555555555555358e+01 1.944444444444444642e+01 1.100000000000000000e+01
7.000000000000000000e+00 2.014003294892916074e+01 2.222222222222222143e+01 5.555555555555555358e+00 8.000000000000000000e+00
8.000000000000000000e+00 2.022240527182866643e+01 2.222222222222222143e+01 0.000000000000000000e+00 8.000000000000000000e+00
9.000000000000000000e+00 2.088138385502471195e+01 2.222222222222222143e+01 0.000000000000000000e+00 8.000000000000000000e+00
1.000000000000000000e+01 1.993410214168039474e+01 2.777777777777777857e+01 0.000000000000000000e+00 1.000000000000000000e+01
1.100000000000000000e+01 2.149917627677100285e+01 2.777777777777777857e+01 0.000000000000000000e+00 1.000000000000000000e+01
1.200000000000000000e+01 1.911037891268533784e+01 3.888888888888889284e+01 0.000000000000000000e+00 1.400000000000000000e+01
1.300000000000000000e+01 2.079901153212520626e+01 4.444444444444444287e+01 0.000000000000000000e+00 1.600000000000000000e+01
1.400000000000000000e+01 2.034596375617792319e+01 3.055555555555555358e+01 2.777777777777777679e+00 1.100000000000000000e+01
1.500000000000000000e+01 1.989291598023064367e+01 3.055555555555555358e+01 8.333333333333332149e+00 1.100000000000000000e+01
1.600000000000000000e+01 1.873970345963756046e+01 3.888888888888889284e+01 1.388888888888888928e+01 1.400000000000000000e+01
1.700000000000000000e+01 2.042833607907742888e+01 3.611111111111110716e+01 1.111111111111111072e+01 1.300000000000000000e+01
1.800000000000000000e+01 1.795716639209225818e+01 2.777777777777777857e+01 1.111111111111111072e+01 1.000000000000000000e+01
1.900000000000000000e+01 1.750411861614497511e+01 2.777777777777777857e+01 1.388888888888888928e+01 1.000000000000000000e+01
2.000000000000000000e+01 1.799835255354200925e+01 2.777777777777777857e+01 1.111111111111111072e+01 1.000000000000000000e+01
2.100000000000000000e+01 1.820428336079077525e+01 3.333333333333332860e+01 1.666666666666666430e+01 1.200000000000000000e+01
2.200000000000000000e+01 1.688632619439868066e+01 3.611111111111110716e+01 1.666666666666666430e+01 1.300000000000000000e+01
2.300000000000000000e+01 1.635090609555189545e+01 2.500000000000000000e+01 3.055555555555555358e+01 9.000000000000000000e+00
2.400000000000000000e+01 1.544481054365733108e+01 4.722222222222222854e+01 2.777777777777777679e+00 1.700000000000000000e+01
2.500000000000000000e+01 1.565074135090609531e+01 1.944444444444444642e+01 2.777777777777777679e+00 7.000000000000000000e+00
2.600000000000000000e+01 1.338550247116968528e+01 3.055555555555555358e+01 8.333333333333332149e+00 1.100000000000000000e+01
2.700000000000000000e+01 1.441515650741350996e+01 2.500000000000000000e+01 5.555555555555555358e+00 9.000000000000000000e+00
2.800000000000000000e+01 1.305601317957166252e+01 3.611111111111110716e+01 1.388888888888888928e+01 1.300000000000000000e+01
2.900000000000000000e+01 1.449752883031301387e+01 2.500000000000000000e+01 1.944444444444444642e+01 9.000000000000000000e+00
3.000000000000000000e+01 1.190280065897858286e+01 2.777777777777777857e+01 2.222222222222222143e+01 1.000000000000000000e+01
3.100000000000000000e+01 1.305601317957166252e+01 3.611111111111110716e+01 3.055555555555555358e+01 1.300000000000000000e+01
3.200000000000000000e+01 1.371499176276770804e+01 2.500000000000000000e+01 1.944444444444444642e+01 9.000000000000000000e+00
3.300000000000000000e+01 1.289126853377265114e+01 4.722222222222222854e+01 2.500000000000000000e+01 1.700000000000000000e+01
3.400000000000000000e+01 1.264415156507413585e+01 1.388888888888888928e+01 2.222222222222222143e+01 5.000000000000000000e+00
3.500000000000000000e+01 1.313838550247116999e+01 1.388888888888888928e+01 2.500000000000000000e+01 5.000000000000000000e+00
3.600000000000000000e+01 1.210873146622734708e+01 1.666666666666666430e+01 1.944444444444444642e+01 6.000000000000000000e+00
3.700000000000000000e+01 1.305601317957166252e+01 2.500000000000000000e+01 2.222222222222222143e+01 9.000000000000000000e+00
3.800000000000000000e+01 1.144975288303130156e+01 3.333333333333332860e+01 1.666666666666666430e+01 1.200000000000000000e+01
3.900000000000000000e+01 1.128500823723229018e+01 5.000000000000000000e+01 1.388888888888888928e+01 1.800000000000000000e+01
4.000000000000000000e+01 1.149093904448105441e+01 5.000000000000000000e+01 1.666666666666666430e+01 1.800000000000000000e+01
4.100000000000000000e+01 1.000823723228995021e+01 3.333333333333332860e+01 5.555555555555555358e+00 1.200000000000000000e+01
4.200000000000000000e+01 1.037891268533772759e+01 2.777777777777777857e+01 0.000000000000000000e+00 1.000000000000000000e+01
4.300000000000000000e+01 9.514003294892916074e+00 3.611111111111110716e+01 0.000000000000000000e+00 1.300000000000000000e+01
4.400000000000000000e+01 9.514003294892916074e+00 3.055555555555555358e+01 0.000000000000000000e+00 1.100000000000000000e+01
4.500000000000000000e+01 8.566721581548600639e+00 3.611111111111110716e+01 0.000000000000000000e+00 1.300000000000000000e+01
4.600000000000000000e+01 8.566721581548600639e+00 4.444444444444444287e+01 0.000000000000000000e+00 1.600000000000000000e+01
4.700000000000000000e+01 8.772652388797364864e+00 3.333333333333332860e+01 0.000000000000000000e+00 1.200000000000000000e+01
4.800000000000000000e+01 8.072487644151564723e+00 3.055555555555555358e+01 0.000000000000000000e+00 1.100000000000000000e+01
4.900000000000000000e+01 7.331136738056012625e+00 3.333333333333332860e+01 0.000000000000000000e+00 1.200000000000000000e+01
5.000000000000000000e+01 6.878088962108732218e+00 3.055555555555555358e+01 0.000000000000000000e+00 1.100000000000000000e+01
5.100000000000000000e+01 7.001647446457989865e+00 2.500000000000000000e+01 0.000000000000000000e+00 9.000000000000000000e+00
5.200000000000000000e+01 6.589785831960461415e+00 3.333333333333332860e+01 0.000000000000000000e+00 1.200000000000000000e+01
5.300000000000000000e+01 6.713344316309719950e+00 1.944444444444444642e+01 0.000000000000000000e+00 7.000000000000000000e+00
5.400000000000000000e+01 5.724876441515650782e+00 2.777777777777777857e+01 0.000000000000000000e+00 1.000000000000000000e+01
5.500000000000000000e+01 7.001647446457989865e+00 3.611111111111110716e+01 0.000000000000000000e+00 1.300000000000000000e+01
5.600000000000000000e+01 5.807248764415156472e+00 3.333333333333332860e+01 0.000000000000000000e+00 1.200000000000000000e+01
5.700000000000000000e+01 7.495881383855024005e+00 3.055555555555555358e+01 0.000000000000000000e+00 1.100000000000000000e+01
5.800000000000000000e+01 6.383855024711697190e+00 2.222222222222222143e+01 0.000000000000000000e+00 8.000000000000000000e+00
5.900000000000000000e+01 6.589785831960461415e+00 3.333333333333332860e+01 0.000000000000000000e+00 1.200000000000000000e+01
6.000000000000000000e+01 6.136738056013179232e+00 3.333333333333332860e+01 0.000000000000000000e+00 1.200000000000000000e+01
6.100000000000000000e+01 6.589785831960461415e+00 5.000000000000000000e+01 0.000000000000000000e+00 1.800000000000000000e+01
6.200000000000000000e+01 5.436573311367380867e+00 2.500000000000000000e+01 0.000000000000000000e+00 9.000000000000000000e+00
6.300000000000000000e+01 5.683690280065897937e+00 1.111111111111111072e+01 0.000000000000000000e+00 4.000000000000000000e+00
6.400000000000000000e+01 5.642504118616145092e+00 1.111111111111111072e+01 0.000000000000000000e+00 4.000000000000000000e+00
6.500000000000000000e+01 5.971993410214167852e+00 8.333333333333332149e+00 0.000000000000000000e+00 3.000000000000000000e+00
6.600000000000000000e+01 6.136738056013179232e+00 2.777777777777777679e+00 0.000000000000000000e+00 1.000000000000000000e+00
6.700000000000000000e+01 6.177924217462932077e+00 0.000000000000000000e+00 0.000000000000000000e+00 -6.000000000000000000e+03
