# step, world, group,control
0.000000000000000000e+00 2.841845140032949146e+01 4.166666666666667140e+01 2.777777777777777857e+01 1.500000000000000000e+01
1.000000000000000000e+00 2.813014827018121977e+01 4.444444444444444287e+01 2.500000000000000000e+01 1.600000000000000000e+01
2.000000000000000000e+00 2.532948929159802276e+01 3.888888888888889284e+01 3.055555555555555358e+01 1.400000000000000000e+01
3.000000000000000000e+00 2.322899505766062589e+01 3.888888888888889284e+01 2.777777777777777857e+01 1.400000000000000000e+01
4.000000000000000000e+00 2.368204283360790896e+01 5.277777777777777857e+01 3.055555555555555358e+01 1.900000000000000000e+01
5.000000000000000000e+00 2.224052718286655761e+01 2.500000000000000000e+01 4.166666666666667140e+01 9.000000000000000000e+00
6.000000000000000000e+00 2.273476112026359175e+01 3.888888888888889284e+01 2.500000000000000000e+01 1.400000000000000000e+01
7.000000000000000000e+00 2.191103789126853485e+01 3.333333333333332860e+01 2.500000000000000000e+01 1.200000000000000000e+01
8.000000000000000000e+00 2.178747940691927454e+01 3.055555555555555358e+01 2.500000000000000000e+01 1.100000000000000000e+01
9.000000000000000000e+00 2.063426688632619488e+01 3.888888888888889284e+01 4.166666666666667140e+01 1.400000000000000000e+01
1.000000000000000000e+01 2.191103789126853485e+01 3.333333333333332860e+01 1.666666666666666430e+01 1.200000000000000000e+01
1.100000000000000000e+01 1.985172981878088905e+01 3.611111111111110716e+01 1.944444444444444642e+01 1.300000000000000000e+01
1.200000000000000000e+01 1.894563426688632646e+01 5.277777777777777857e+01 1.666666666666666430e+01 1.900000000000000000e+01
1.300000000000000000e+01 1.923393739703459460e+01 1.666666666666666430e+01 1.944444444444444642e+01 6.000000000000000000e+00
1.400000000000000000e+01 1.721581548599670342e+01 1.388888888888888928e+01 2.777777777777777857e+01 5.000000000000000000e+00
1.500000000000000000e+01 1.820428336079077525e+01 2.500000000000000000e+01 2.777777777777777857e+01 9.000000000000000000e+00
1.600000000000000000e+01 1.606260296540362376e+01 3.611111111111110716e+01 2.777777777777777857e+01 1.300000000000000000e+01
1.700000000000000000e+01 1.589785831960461238e+01 3.333333333333332860e+01 3.055555555555555358e+01 1.200000000000000000e+01
1.800000000000000000e+01 1.453871499176276849e+01 3.333333333333332860e+01 1.388888888888888928e+01 1.200000000000000000e+01
1.900000000000000000e+01 1.449752883031301387e+01 4.722222222222222854e+01 8.333333333333332149e+00 1.700000000000000000e+01
2.000000000000000000e+01 1.420922570016474573e+01 4.166666666666667140e+01 2.777777777777777679e+00 1.500000000000000000e+01
2.100000000000000000e+01 1.449752883031301387e+01 3.055555555555555358e+01 1.111111111111111072e+01 1.100000000000000000e+01
2.200000000000000000e+01 1.305601317957166252e+01 3.055555555555555358e+01 1.111111111111111072e+01 1.100000000000000000e+01
2.300000000000000000e+01 1.198517298187809033e+01 4.444444444444444287e+01 1.111111111111111072e+01 1.600000000000000000e+01
2.400000000000000000e+01 1.186161449752883001e+01 2.222222222222222143e+01 1.666666666666666430e+01 8.000000000000000000e+00
2.500000000000000000e+01 1.046128500823723328e+01 3.888888888888889284e+01 1.944444444444444642e+01 1.400000000000000000e+01
2.600000000000000000e+01 1.050247116968698435e+01 1.944444444444444642e+01 2.222222222222222143e+01 7.000000000000000000e+00
2.700000000000000000e+01 1.000823723228995021e+01 4.444444444444444287e+01 1.388888888888888928e+01 1.600000000000000000e+01
2.800000000000000000e+01 9.102141680395387624e+00 1.666666666666666430e+01 1.944444444444444642e+01 6.000000000000000000e+00
2.900000000000000000e+01 8.978583196046129089e+00 8.333333333333332149e+00 2.222222222222222143e+01 3.000000000000000000e+00
3.000000000000000000e+01 8.896210873146623399e+00 1.388888888888888928e+01 1.388888888888888928e+01 5.000000000000000000e+00
3.100000000000000000e+01 1.025535420098846728e+01 1.111111111111111072e+01 2.777777777777777857e+01 4.000000000000000000e+00
3.200000000000000000e+01 9.802306425041185989e+00 8.333333333333332149e+00 3.055555555555555358e+01 3.000000000000000000e+00
3.300000000000000000e+01 1.037891268533772759e+01 5.555555555555555358e+00 3.055555555555555358e+01 2.000000000000000000e+00
3.400000000000000000e+01 9.678747940691927454e+00 8.333333333333332149e+00 3.611111111111110716e+01 3.000000000000000000e+00
3.500000000000000000e+01 1.103789126853377311e+01 5.555555555555555358e+00 3.888888888888889284e+01 2.000000000000000000e+00
3.600000000000000000e+01 1.017298187808896159e+01 0.000000000000000000e+00 3.055555555555555358e+01 -6.000000000000000000e+03
