# step, world, group,control
0.000000000000000000e+00 2.368204283360790896e+01 3.333333333333332860e+01 3.611111111111110716e+01 1.200000000000000000e+01
1.000000000000000000e+00 2.141680395387150071e+01 3.888888888888889284e+01 4.722222222222222854e+01 1.400000000000000000e+01
2.000000000000000000e+00 2.405271828665568279e+01 4.722222222222222854e+01 2.222222222222222143e+01 1.700000000000000000e+01
3.000000000000000000e+00 2.116968698517298009e+01 3.611111111111110716e+01 1.666666666666666430e+01 1.300000000000000000e+01
4.000000000000000000e+00 2.084019769357495733e+01 3.888888888888889284e+01 2.500000000000000000e+01 1.400000000000000000e+01
5.000000000000000000e+00 2.265238879736408606e+01 2.777777777777777857e+01 2.500000000000000000e+01 1.000000000000000000e+01
6.000000000000000000e+00 2.116968698517298009e+01 4.722222222222222854e+01 1.944444444444444642e+01 1.700000000000000000e+01
7.000000000000000000e+00 2.310543657331136558e+01 2.777777777777777857e+01 2.500000000000000000e+01 1.000000000000000000e+01
8.000000000000000000e+00 2.236408566721581792e+01 3.333333333333332860e+01 1.944444444444444642e+01 1.200000000000000000e+01
9.000000000000000000e+00 2.224052718286655761e+01 2.777777777777777857e+01 1.666666666666666430e+01 1.000000000000000000e+01
1.000000000000000000e+01 2.170510708401976885e+01 3.055555555555555358e+01 2.777777777777777857e+01 1.100000000000000000e+01
1.100000000000000000e+01 2.022240527182866643e+01 4.444444444444444287e+01 3.055555555555555358e+01 1.600000000000000000e+01
1.200000000000000000e+01 1.915156507413509246e+01 3.888888888888889284e+01 4.722222222222222854e+01 1.400000000000000000e+01
1.300000000000000000e+01 1.968698517298187767e+01 2.777777777777777857e+01 2.777777777777777857e+01 1.000000000000000000e+01
1.400000000000000000e+01 1.894563426688632646e+01 4.166666666666667140e+01 3.888888888888889284e+01 1.500000000000000000e+01
1.500000000000000000e+01 1.981054365733113798e+01 1.666666666666666430e+01 3.055555555555555358e+01 6.000000000000000000e+00
1.600000000000000000e+01 1.927512355848434922e+01 1.944444444444444642e+01 2.222222222222222143e+01 7.000000000000000000e+00
1.700000000000000000e+01 1.886326194398682077e+01 3.055555555555555358e+01 2.777777777777777857e+01 1.100000000000000000e+01
1.800000000000000000e+01 1.911037891268533784e+01 3.055555555555555358e+01 1.111111111111111072e+01 1.100000000000000000e+01
1.900000000000000000e+01 1.906919275123558322e+01 3.055555555555555358e+01 1.388888888888888928e+01 1.100000000000000000e+01
2.000000000000000000e+01 1.861614497528830370e+01 2.777777777777777857e+01 1.111111111111111072e+01 1.000000000000000000e+01
2.100000000000000000e+01 1.775123558484349218e+01 3.611111111111110716e+01 8.333333333333332149e+00 1.300000000000000000e+01
2.200000000000000000e+01 1.902800658978583215e+01 8.333333333333332149e+00 8.333333333333332149e+00 3.000000000000000000e+00
2.300000000000000000e+01 1.791598023064250356e+01 5.555555555555555358e+00 8.333333333333332149e+00 2.000000000000000000e+00
2.400000000000000000e+01 1.705107084019769204e+01 1.388888888888888928e+01 2.777777777777777679e+00 5.000000000000000000e+00
2.500000000000000000e+01 1.680395387149917852e+01 2.222222222222222143e+01 5.555555555555555358e+00 8.000000000000000000e+00
2.600000000000000000e+01 1.540362438220757824e+01 1.388888888888888928e+01 5.555555555555555358e+00 5.000000000000000000e+00
2.700000000000000000e+01 1.593904448105436522e+01 2.777777777777777857e+01 2.777777777777777679e+00 1.000000000000000000e+01
2.800000000000000000e+01 1.482701812191103663e+01 1.944444444444444642e+01 0.000000000000000000e+00 7.000000000000000000e+00
2.900000000000000000e+01 1.552718286655683855e+01 3.333333333333332860e+01 0.000000000000000000e+00 1.200000000000000000e+01
3.000000000000000000e+01 1.532125205930807077e+01 1.111111111111111072e+01 0.000000000000000000e+00 4.000000000000000000e+00
3.100000000000000000e+01 1.334431630971993421e+01 1.666666666666666430e+01 0.000000000000000000e+00 6.000000000000000000e+00
3.200000000000000000e+01 1.392092257001647582e+01 1.388888888888888928e+01 0.000000000000000000e+00 5.000000000000000000e+00
3.300000000000000000e+01 1.322075782537067390e+01 1.666666666666666430e+01 0.000000000000000000e+00 6.000000000000000000e+00
3.400000000000000000e+01 1.396210873146622689e+01 1.944444444444444642e+01 0.000000000000000000e+00 7.000000000000000000e+00
3.500000000000000000e+01 1.293245469522240576e+01 2.500000000000000000e+01 0.000000000000000000e+00 9.000000000000000000e+00
3.600000000000000000e+01 1.383855024711696835e+01 1.666666666666666430e+01 0.000000000000000000e+00 6.000000000000000000e+00
3.700000000000000000e+01 1.243822075782536984e+01 2.222222222222222143e+01 0.000000000000000000e+00 8.000000000000000000e+00
3.800000000000000000e+01 1.210873146622734708e+01 3.333333333333332860e+01 0.000000000000000000e+00 1.200000000000000000e+01
3.900000000000000000e+01 1.214991762767710171e+01 3.611111111111110716e+01 0.000000000000000000e+00 1.300000000000000000e+01
4.000000000000000000e+01 1.239703459637561878e+01 2.222222222222222143e+01 0.000000000000000000e+00 8.000000000000000000e+00
4.100000000000000000e+01 1.132619439868204303e+01 3.611111111111110716e+01 0.000000000000000000e+00 1.300000000000000000e+01
4.200000000000000000e+01 1.206754530477759602e+01 1.666666666666666430e+01 0.000000000000000000e+00 6.000000000000000000e+00
4.300000000000000000e+01 1.367380560131795697e+01 1.944444444444444642e+01 0.000000000000000000e+00 7.000000000000000000e+00
4.400000000000000000e+01 1.268533772652388691e+01 2.222222222222222143e+01 0.000000000000000000e+00 8.000000000000000000e+00
4.500000000000000000e+01 1.334431630971993421e+01 2.500000000000000000e+01 0.000000000000000000e+00 9.000000000000000000e+00
4.600000000000000000e+01 1.268533772652388691e+01 2.500000000000000000e+01 0.000000000000000000e+00 9.000000000000000000e+00
4.700000000000000000e+01 1.301482701812190967e+01 1.944444444444444642e+01 0.000000000000000000e+00 7.000000000000000000e+00
4.800000000000000000e+01 1.264415156507413585e+01 3.055555555555555358e+01 0.000000000000000000e+00 1.100000000000000000e+01
4.900000000000000000e+01 1.256177924217462838e+01 1.944444444444444642e+01 0.000000000000000000e+00 7.000000000000000000e+00
5.000000000000000000e+01 1.256177924217462838e+01 2.500000000000000000e+01 0.000000000000000000e+00 9.000000000000000000e+00
5.100000000000000000e+01 1.239703459637561878e+01 1.944444444444444642e+01 0.000000000000000000e+00 7.000000000000000000e+00
5.200000000000000000e+01 1.210873146622734708e+01 1.944444444444444642e+01 0.000000000000000000e+00 7.000000000000000000e+00
5.300000000000000000e+01 1.116144975288303165e+01 2.500000000000000000e+01 0.000000000000000000e+00 9.000000000000000000e+00
5.400000000000000000e+01 1.124382207578253734e+01 2.222222222222222143e+01 0.000000000000000000e+00 8.000000000000000000e+00
5.500000000000000000e+01 1.140856672158154872e+01 1.388888888888888928e+01 0.000000000000000000e+00 5.000000000000000000e+00
5.600000000000000000e+01 9.884678747940691679e+00 1.111111111111111072e+01 0.000000000000000000e+00 4.000000000000000000e+00
5.700000000000000000e+01 9.514003294892916074e+00 1.666666666666666430e+01 0.000000000000000000e+00 6.000000000000000000e+00
5.800000000000000000e+01 1.050247116968698435e+01 1.388888888888888928e+01 0.000000000000000000e+00 5.000000000000000000e+00
5.900000000000000000e+01 1.033772652388797297e+01 8.333333333333332149e+00 0.000000000000000000e+00 3.000000000000000000e+00
6.000000000000000000e+01 1.058484349258649004e+01 8.333333333333332149e+00 0.000000000000000000e+00 3.000000000000000000e+00
6.100000000000000000e+01 1.120263591433278449e+01 1.111111111111111072e+01 0.000000000000000000e+00 4.000000000000000000e+00
6.200000000000000000e+01 1.091433278418451280e+01 1.388888888888888928e+01 0.000000000000000000e+00 5.000000000000000000e+00
6.300000000000000000e+01 1.050247116968698435e+01 5.555555555555555358e+00 0.000000000000000000e+00 2.000000000000000000e+00
6.400000000000000000e+01 1.004942339373970306e+01 2.777777777777777679e+00 0.000000000000000000e+00 1.000000000000000000e+00
6.500000000000000000e+01 1.099670510708401849e+01 0.000000000000000000e+00 0.000000000000000000e+00 -6.000000000000000000e+03
