# step, world, group,control
0.000000000000000000e+00 2.565897858319604552e+01 3.888888888888889284e+01 4.444444444444444287e+01 1.400000000000000000e+01
1.000000000000000000e+00 2.487644151565073969e+01 3.888888888888889284e+01 3.055555555555555358e+01 1.400000000000000000e+01
2.000000000000000000e+00 2.289950576606260313e+01 2.500000000000000000e+01 3.333333333333332860e+01 9.000000000000000000e+00
3.000000000000000000e+00 2.104612850082372333e+01 4.166666666666667140e+01 3.888888888888889284e+01 1.500000000000000000e+01
4.000000000000000000e+00 2.088138385502471195e+01 2.222222222222222143e+01 5.000000000000000000e+01 8.000000000000000000e+00
5.000000000000000000e+00 2.001647446457990043e+01 2.222222222222222143e+01 2.500000000000000000e+01 8.000000000000000000e+00
6.000000000000000000e+00 1.964579901153212660e+01 2.222222222222222143e+01 3.611111111111110716e+01 8.000000000000000000e+00
7.000000000000000000e+00 1.560955518945634246e+01 3.333333333333332860e+01 2.500000000000000000e+01 1.200000000000000000e+01
8.000000000000000000e+00 1.552718286655683855e+01 2.500000000000000000e+01 1.944444444444444642e+01 9.000000000000000000e+00
9.000000000000000000e+00 1.544481054365733108e+01 2.777777777777777857e+01 2.777777777777777857e+01 1.000000000000000000e+01
1.000000000000000000e+01 1.540362438220757824e+01 3.611111111111110716e+01 3.333333333333332860e+01 1.300000000000000000e+01
1.100000000000000000e+01 1.445634266886326103e+01 3.055555555555555358e+01 2.777777777777777857e+01 1.100000000000000000e+01
1.200000000000000000e+01 1.425041186161449858e+01 3.888888888888889284e+01 2.500000000000000000e+01 1.400000000000000000e+01
1.300000000000000000e+01 1.334431630971993421e+01 2.222222222222222143e+01 1.944444444444444642e+01 8.000000000000000000e+00
1.400000000000000000e+01 1.149093904448105441e+01 2.777777777777777857e+01 1.944444444444444642e+01 1.000000000000000000e+01
1.500000000000000000e+01 1.116144975288303165e+01 2.222222222222222143e+01 2.500000000000000000e+01 8.000000000000000000e+00
1.600000000000000000e+01 1.107907742998352418e+01 2.500000000000000000e+01 3.055555555555555358e+01 9.000000000000000000e+00
1.700000000000000000e+01 1.124382207578253734e+01 1.388888888888888928e+01 2.777777777777777857e+01 5.000000000000000000e+00
1.800000000000000000e+01 1.182042833607907717e+01 2.777777777777777679e+00 1.944444444444444642e+01 1.000000000000000000e+00
1.900000000000000000e+01 1.247940691927512447e+01 5.555555555555555358e+00 1.666666666666666430e+01 2.000000000000000000e+00
2.000000000000000000e+01 1.256177924217462838e+01 1.111111111111111072e+01 1.111111111111111072e+01 4.000000000000000000e+00
2.100000000000000000e+01 1.182042833607907717e+01 2.222222222222222143e+01 1.666666666666666430e+01 8.000000000000000000e+00
2.200000000000000000e+01 1.124382207578253734e+01 8.333333333333332149e+00 8.333333333333332149e+00 3.000000000000000000e+00
2.300000000000000000e+01 1.231466227347611309e+01 1.944444444444444642e+01 1.388888888888888928e+01 7.000000000000000000e+00
2.400000000000000000e+01 1.169686985172981863e+01 2.222222222222222143e+01 8.333333333333332149e+00 8.000000000000000000e+00
2.500000000000000000e+01 1.182042833607907717e+01 1.944444444444444642e+01 0.000000000000000000e+00 7.000000000000000000e+00
2.600000000000000000e+01 1.136738056013179587e+01 1.944444444444444642e+01 0.000000000000000000e+00 7.000000000000000000e+00
2.700000000000000000e+01 1.149093904448105441e+01 3.055555555555555358e+01 0.000000000000000000e+00 1.100000000000000000e+01
2.800000000000000000e+01 1.153212520593080725e+01 2.777777777777777857e+01 0.000000000000000000e+00 1.000000000000000000e+01
2.900000000000000000e+01 1.091433278418451280e+01 2.500000000000000000e+01 0.000000000000000000e+00 9.000000000000000000e+00
3.000000000000000000e+01 1.144975288303130156e+01 3.611111111111110716e+01 0.000000000000000000e+00 1.300000000000000000e+01
3.100000000000000000e+01 1.153212520593080725e+01 1.666666666666666430e+01 0.000000000000000000e+00 6.000000000000000000e+00
3.200000000000000000e+01 1.182042833607907717e+01 1.111111111111111072e+01 0.000000000000000000e+00 4.000000000000000000e+00
3.300000000000000000e+01 1.140856672158154872e+01 1.388888888888888928e+01 0.000000000000000000e+00 5.000000000000000000e+00
3.400000000000000000e+01 1.091433278418451280e+01 1.666666666666666430e+01 0.000000000000000000e+00 6.000000000000000000e+00
3.500000000000000000e+01 1.070840197693575035e+01 1.944444444444444642e+01 0.000000000000000000e+00 7.000000000000000000e+00
3.600000000000000000e+01 1.070840197693575035e+01 1.388888888888888928e+01 0.000000000000000000e+00 5.000000000000000000e+00
3.700000000000000000e+01 1.099670510708401849e+01 1.666666666666666430e+01 0.000000000000000000e+00 6.000000000000000000e+00
3.800000000000000000e+01 1.058484349258649004e+01 5.555555555555555358e+00 0.000000000000000000e+00 2.000000000000000000e+00
3.900000000000000000e+01 1.054365733113673897e+01 0.000000000000000000e+00 0.000000000000000000e+00 -6.000000000000000000e+03
