# step, world, group,control
0.000000000000000000e+00 2.866556836902800498e+01 3.055555555555555358e+01 4.722222222222222854e+01 1.100000000000000000e+01
1.000000000000000000e+00 2.788303130148270270e+01 3.611111111111110716e+01 4.444444444444444287e+01 1.300000000000000000e+01
2.000000000000000000e+00 2.738879736408566501e+01 2.777777777777777857e+01 4.444444444444444287e+01 1.000000000000000000e+01
3.000000000000000000e+00 2.512355848434925676e+01 3.611111111111110716e+01 4.722222222222222854e+01 1.300000000000000000e+01
4.000000000000000000e+00 2.438220757825370555e+01 3.055555555555555358e+01 4.722222222222222854e+01 1.100000000000000000e+01
5.000000000000000000e+00 2.392915980230642248e+01 3.333333333333332860e+01 4.166666666666667140e+01 1.200000000000000000e+01
6.000000000000000000e+00 2.129324546952224040e+01 3.888888888888889284e+01 4.444444444444444287e+01 1.400000000000000000e+01
7.000000000000000000e+00 2.224052718286655761e+01 3.333333333333332860e+01 4.722222222222222854e+01 1.200000000000000000e+01
8.000000000000000000e+00 2.059308072487644026e+01 2.777777777777777857e+01 3.055555555555555358e+01 1.000000000000000000e+01
9.000000000000000000e+00 2.026359143327841750e+01 1.666666666666666430e+01 3.888888888888889284e+01 6.000000000000000000e+00
1.000000000000000000e+01 1.841021416803953770e+01 2.500000000000000000e+01 4.444444444444444287e+01 9.000000000000000000e+00
1.100000000000000000e+01 1.857495881383854908e+01 2.500000000000000000e+01 3.611111111111110716e+01 9.000000000000000000e+00
1.200000000000000000e+01 1.828665568369028094e+01 2.777777777777777857e+01 3.333333333333332860e+01 1.000000000000000000e+01
1.300000000000000000e+01 1.812191103789126956e+01 1.388888888888888928e+01 3.888888888888889284e+01 5.000000000000000000e+00
1.400000000000000000e+01 1.717462932454695235e+01 1.666666666666666430e+01 4.722222222222222854e+01 6.000000000000000000e+00
1.500000000000000000e+01 1.713344316309720128e+01 8.333333333333332149e+00 3.333333333333332860e+01 3.000000000000000000e+00
1.600000000000000000e+01 1.812191103789126956e+01 1.111111111111111072e+01 2.777777777777777857e+01 4.000000000000000000e+00
1.700000000000000000e+01 1.725700164744645804e+01 1.111111111111111072e+01 3.611111111111110716e+01 4.000000000000000000e+00
1.800000000000000000e+01 1.713344316309720128e+01 2.222222222222222143e+01 3.888888888888889284e+01 8.000000000000000000e+00
1.900000000000000000e+01 1.392092257001647582e+01 1.388888888888888928e+01 3.611111111111110716e+01 5.000000000000000000e+00
2.000000000000000000e+01 1.408566721581548720e+01 3.055555555555555358e+01 2.222222222222222143e+01 1.100000000000000000e+01
2.100000000000000000e+01 1.359143327841845306e+01 1.666666666666666430e+01 1.666666666666666430e+01 6.000000000000000000e+00
2.200000000000000000e+01 1.425041186161449858e+01 1.944444444444444642e+01 1.388888888888888928e+01 7.000000000000000000e+00
2.300000000000000000e+01 1.437397034596375711e+01 1.944444444444444642e+01 1.388888888888888928e+01 7.000000000000000000e+00
2.400000000000000000e+01 1.408566721581548720e+01 1.388888888888888928e+01 1.111111111111111072e+01 5.000000000000000000e+00
2.500000000000000000e+01 1.449752883031301387e+01 2.777777777777777679e+00 5.555555555555555358e+00 1.000000000000000000e+00
2.600000000000000000e+01 1.371499176276770804e+01 0.000000000000000000e+00 0.000000000000000000e+00 -6.000000000000000000e+03
