# step, world, group,control
0.000000000000000000e+00 2.701812191103789118e+01 3.611111111111110716e+01 2.222222222222222143e+01 1.300000000000000000e+01
1.000000000000000000e+00 2.590609555189456614e+01 2.222222222222222143e+01 2.777777777777777857e+01 8.000000000000000000e+00
2.000000000000000000e+00 2.710049423393739332e+01 1.944444444444444642e+01 1.388888888888888928e+01 7.000000000000000000e+00
3.000000000000000000e+00 2.471169686985172831e+01 1.388888888888888928e+01 8.333333333333332149e+00 5.000000000000000000e+00
4.000000000000000000e+00 2.355848434925864865e+01 2.222222222222222143e+01 8.333333333333332149e+00 8.000000000000000000e+00
5.000000000000000000e+00 2.170510708401976885e+01 1.944444444444444642e+01 2.777777777777777679e+00 7.000000000000000000e+00
6.000000000000000000e+00 2.277594728171334282e+01 1.666666666666666430e+01 0.000000000000000000e+00 6.000000000000000000e+00
7.000000000000000000e+00 2.079901153212520626e+01 1.944444444444444642e+01 0.000000000000000000e+00 7.000000000000000000e+00
8.000000000000000000e+00 2.055189456342668919e+01 1.111111111111111072e+01 5.555555555555555358e+00 4.000000000000000000e+00
9.000000000000000000e+00 1.894563426688632646e+01 1.666666666666666430e+01 0.000000000000000000e+00 6.000000000000000000e+00
1.000000000000000000e+01 2.009884678747940612e+01 1.944444444444444642e+01 0.000000000000000000e+00 7.000000000000000000e+00
1.100000000000000000e+01 1.841021416803953770e+01 2.777777777777777857e+01 0.000000000000000000e+00 1.000000000000000000e+01
1.200000000000000000e+01 1.931630971993410384e+01 2.777777777777777857e+01 0.000000000000000000e+00 1.000000000000000000e+01
1.300000000000000000e+01 1.845140032948929232e+01 3.055555555555555358e+01 0.000000000000000000e+00 1.100000000000000000e+01
1.400000000000000000e+01 1.799835255354200925e+01 3.333333333333332860e+01 0.000000000000000000e+00 1.200000000000000000e+01
1.500000000000000000e+01 2.018121911037891181e+01 2.500000000000000000e+01 0.000000000000000000e+00 9.000000000000000000e+00
1.600000000000000000e+01 1.713344316309720128e+01 3.333333333333332860e+01 0.000000000000000000e+00 1.200000000000000000e+01
1.700000000000000000e+01 1.795716639209225818e+01 3.611111111111110716e+01 0.000000000000000000e+00 1.300000000000000000e+01
1.800000000000000000e+01 1.672158154859966928e+01 3.888888888888889284e+01 0.000000000000000000e+00 1.400000000000000000e+01
1.900000000000000000e+01 1.639209225700164652e+01 4.444444444444444287e+01 0.000000000000000000e+00 1.600000000000000000e+01
2.000000000000000000e+01 1.717462932454695235e+01 2.500000000000000000e+01 0.000000000000000000e+00 9.000000000000000000e+00
2.100000000000000000e+01 1.696869851729818990e+01 2.222222222222222143e+01 0.000000000000000000e+00 8.000000000000000000e+00
2.200000000000000000e+01 1.684514003294892959e+01 2.500000000000000000e+01 0.000000000000000000e+00 9.000000000000000000e+00
2.300000000000000000e+01 1.610378912685337838e+01 3.333333333333332860e+01 0.000000000000000000e+00 1.200000000000000000e+01
2.400000000000000000e+01 1.630971993410214083e+01 3.055555555555555358e+01 0.000000000000000000e+00 1.100000000000000000e+01
2.500000000000000000e+01 1.709225700164744666e+01 2.500000000000000000e+01 0.000000000000000000e+00 9.000000000000000000e+00
2.600000000000000000e+01 1.606260296540362376e+01 2.500000000000000000e+01 0.000000000000000000e+00 9.000000000000000000e+00
2.700000000000000000e+01 1.560955518945634246e+01 3.055555555555555358e+01 0.000000000000000000e+00 1.100000000000000000e+01
2.800000000000000000e+01 1.622734761120263514e+01 2.222222222222222143e+01 0.000000000000000000e+00 8.000000000000000000e+00
2.900000000000000000e+01 1.565074135090609531e+01 2.777777777777777857e+01 0.000000000000000000e+00 1.000000000000000000e+01
3.000000000000000000e+01 1.569192751235584993e+01 1.944444444444444642e+01 0.000000000000000000e+00 7.000000000000000000e+00
3.100000000000000000e+01 1.482701812191103663e+01 1.944444444444444642e+01 0.000000000000000000e+00 7.000000000000000000e+00
3.200000000000000000e+01 1.301482701812190967e+01 1.111111111111111072e+01 0.000000000000000000e+00 4.000000000000000000e+00
3.300000000000000000e+01 1.400329489291597973e+01 1.666666666666666430e+01 0.000000000000000000e+00 6.000000000000000000e+00
3.400000000000000000e+01 1.214991762767710171e+01 1.944444444444444642e+01 0.000000000000000000e+00 7.000000000000000000e+00
3.500000000000000000e+01 1.309719934102141714e+01 2.222222222222222143e+01 0.000000000000000000e+00 8.000000000000000000e+00
3.600000000000000000e+01 1.161449752883031294e+01 3.611111111111110716e+01 0.000000000000000000e+00 1.300000000000000000e+01
3.700000000000000000e+01 1.276771004942339438e+01 2.222222222222222143e+01 0.000000000000000000e+00 8.000000000000000000e+00
3.800000000000000000e+01 1.144975288303130156e+01 3.055555555555555358e+01 0.000000000000000000e+00 1.100000000000000000e+01
3.900000000000000000e+01 1.264415156507413585e+01 2.777777777777777857e+01 0.000000000000000000e+00 1.000000000000000000e+01
4.000000000000000000e+01 1.136738056013179587e+01 3.888888888888889284e+01 0.000000000000000000e+00 1.400000000000000000e+01
4.100000000000000000e+01 1.190280065897858286e+01 1.944444444444444642e+01 0.000000000000000000e+00 7.000000000000000000e+00
4.200000000000000000e+01 1.169686985172981863e+01 1.944444444444444642e+01 0.000000000000000000e+00 7.000000000000000000e+00
4.300000000000000000e+01 1.194398682042833570e+01 1.666666666666666430e+01 0.000000000000000000e+00 6.000000000000000000e+00
4.400000000000000000e+01 1.132619439868204303e+01 1.666666666666666430e+01 0.000000000000000000e+00 6.000000000000000000e+00
4.500000000000000000e+01 1.079077429983525604e+01 1.944444444444444642e+01 0.000000000000000000e+00 7.000000000000000000e+00
4.600000000000000000e+01 1.144975288303130156e+01 1.388888888888888928e+01 0.000000000000000000e+00 5.000000000000000000e+00
4.700000000000000000e+01 1.140856672158154872e+01 1.388888888888888928e+01 0.000000000000000000e+00 5.000000000000000000e+00
4.800000000000000000e+01 1.157331136738056010e+01 1.111111111111111072e+01 0.000000000000000000e+00 4.000000000000000000e+00
4.900000000000000000e+01 1.186161449752883001e+01 1.388888888888888928e+01 0.000000000000000000e+00 5.000000000000000000e+00
5.000000000000000000e+01 1.231466227347611309e+01 1.111111111111111072e+01 0.000000000000000000e+00 4.000000000000000000e+00
5.100000000000000000e+01 1.252059308072487553e+01 5.555555555555555358e+00 0.000000000000000000e+00 2.000000000000000000e+00
5.200000000000000000e+01 1.293245469522240576e+01 1.666666666666666430e+01 0.000000000000000000e+00 6.000000000000000000e+00
5.300000000000000000e+01 1.194398682042833570e+01 1.388888888888888928e+01 0.000000000000000000e+00 5.000000000000000000e+00
5.400000000000000000e+01 1.231466227347611309e+01 2.500000000000000000e+01 0.000000000000000000e+00 9.000000000000000000e+00
5.500000000000000000e+01 1.042009884678747866e+01 2.222222222222222143e+01 5.555555555555555358e+00 8.000000000000000000e+00
5.600000000000000000e+01 1.136738056013179587e+01 3.055555555555555358e+01 2.777777777777777679e+00 1.100000000000000000e+01
5.700000000000000000e+01 1.050247116968698435e+01 2.777777777777777857e+01 0.000000000000000000e+00 1.000000000000000000e+01
5.800000000000000000e+01 9.843492586490938834e+00 3.611111111111110716e+01 0.000000000000000000e+00 1.300000000000000000e+01
5.900000000000000000e+01 1.009060955518945590e+01 3.055555555555555358e+01 0.000000000000000000e+00 1.100000000000000000e+01
6.000000000000000000e+01 9.555189456342668919e+00 2.500000000000000000e+01 0.000000000000000000e+00 9.000000000000000000e+00
6.100000000000000000e+01 9.184514003294893314e+00 1.944444444444444642e+01 0.000000000000000000e+00 7.000000000000000000e+00
6.200000000000000000e+01 9.390444810543657539e+00 2.222222222222222143e+01 0.000000000000000000e+00 8.000000000000000000e+00
6.300000000000000000e+01 9.143327841845140469e+00 2.500000000000000000e+01 0.000000000000000000e+00 9.000000000000000000e+00
6.400000000000000000e+01 9.719934102141680299e+00 1.666666666666666430e+01 0.000000000000000000e+00 6.000000000000000000e+00
6.500000000000000000e+01 8.813838550247117709e+00 2.777777777777777857e+01 0.000000000000000000e+00 1.000000000000000000e+01
6.600000000000000000e+01 1.004942339373970306e+01 2.222222222222222143e+01 0.000000000000000000e+00 8.000000000000000000e+00
6.700000000000000000e+01 8.896210873146623399e+00 2.500000000000000000e+01 0.000000000000000000e+00 9.000000000000000000e+00
6.800000000000000000e+01 8.813838550247117709e+00 2.222222222222222143e+01 0.000000000000000000e+00 8.000000000000000000e+00
6.900000000000000000e+01 8.484349258649094949e+00 3.055555555555555358e+01 0.000000000000000000e+00 1.100000000000000000e+01
7.000000000000000000e+01 9.143327841845140469e+00 8.333333333333332149e+00 0.000000000000000000e+00 3.000000000000000000e+00
7.100000000000000000e+01 9.308072487644151849e+00 0.000000000000000000e+00 0.000000000000000000e+00 -6.000000000000000000e+03
