# step, world, group,control
0.000000000000000000e+00 2.722405271828665718e+01 2.500000000000000000e+01 1.111111111111111072e+01 9.000000000000000000e+00
1.000000000000000000e+00 2.668863261943986842e+01 2.777777777777777857e+01 8.333333333333332149e+00 1.000000000000000000e+01
2.000000000000000000e+00 2.615321252059308321e+01 2.777777777777777857e+01 2.777777777777777679e+00 1.000000000000000000e+01
3.000000000000000000e+00 2.602965403624381935e+01 3.611111111111110716e+01 2.777777777777777679e+00 1.300000000000000000e+01
4.000000000000000000e+00 2.475288303130148293e+01 3.611111111111110716e+01 0.000000000000000000e+00 1.300000000000000000e+01
5.000000000000000000e+00 2.355848434925864865e+01 3.333333333333332860e+01 0.000000000000000000e+00 1.200000000000000000e+01
6.000000000000000000e+00 2.314662273476112020e+01 4.444444444444444287e+01 2.777777777777777679e+00 1.600000000000000000e+01
7.000000000000000000e+00 2.302306425041186344e+01 3.333333333333332860e+01 5.555555555555555358e+00 1.200000000000000000e+01
8.000000000000000000e+00 2.071663920922570057e+01 3.611111111111110716e+01 1.111111111111111072e+01 1.300000000000000000e+01
9.000000000000000000e+00 2.030477759472817212e+01 5.000000000000000000e+01 1.388888888888888928e+01 1.800000000000000000e+01
1.000000000000000000e+01 1.803953871499176387e+01 2.777777777777777857e+01 8.333333333333332149e+00 1.000000000000000000e+01
1.100000000000000000e+01 1.742174629324546942e+01 3.333333333333332860e+01 5.555555555555555358e+00 1.200000000000000000e+01
1.200000000000000000e+01 1.754530477759472973e+01 2.222222222222222143e+01 2.777777777777777679e+00 8.000000000000000000e+00
1.300000000000000000e+01 1.598023064250411807e+01 3.333333333333332860e+01 2.777777777777777679e+00 1.200000000000000000e+01
1.400000000000000000e+01 1.676276771004942390e+01 2.777777777777777857e+01 1.111111111111111072e+01 1.000000000000000000e+01
1.500000000000000000e+01 1.705107084019769204e+01 3.333333333333332860e+01 5.555555555555555358e+00 1.200000000000000000e+01
1.600000000000000000e+01 1.762767710049423542e+01 4.444444444444444287e+01 8.333333333333332149e+00 1.600000000000000000e+01
1.700000000000000000e+01 1.577429983525535384e+01 2.222222222222222143e+01 1.666666666666666430e+01 8.000000000000000000e+00
1.800000000000000000e+01 1.540362438220757824e+01 1.666666666666666430e+01 1.944444444444444642e+01 6.000000000000000000e+00
1.900000000000000000e+01 1.556836902800658962e+01 2.500000000000000000e+01 2.500000000000000000e+01 9.000000000000000000e+00
2.000000000000000000e+01 1.486820428336079125e+01 2.777777777777777857e+01 3.055555555555555358e+01 1.000000000000000000e+01
2.100000000000000000e+01 1.474464579901153272e+01 3.333333333333332860e+01 2.500000000000000000e+01 1.200000000000000000e+01
2.200000000000000000e+01 1.375617792421746444e+01 3.888888888888889284e+01 3.055555555555555358e+01 1.400000000000000000e+01
2.300000000000000000e+01 1.482701812191103663e+01 3.611111111111110716e+01 3.055555555555555358e+01 1.300000000000000000e+01
2.400000000000000000e+01 1.383855024711696835e+01 5.555555555555555713e+01 3.888888888888889284e+01 2.000000000000000000e+01
2.500000000000000000e+01 1.585667215815486131e+01 3.333333333333332860e+01 2.500000000000000000e+01 1.200000000000000000e+01
2.600000000000000000e+01 1.511532125205930832e+01 4.722222222222222854e+01 2.222222222222222143e+01 1.700000000000000000e+01
2.700000000000000000e+01 1.396210873146622689e+01 4.166666666666667140e+01 2.222222222222222143e+01 1.500000000000000000e+01
2.800000000000000000e+01 1.449752883031301387e+01 4.722222222222222854e+01 2.777777777777777857e+01 1.700000000000000000e+01
2.900000000000000000e+01 1.437397034596375711e+01 3.611111111111110716e+01 3.333333333333332860e+01 1.300000000000000000e+01
3.000000000000000000e+01 1.532125205930807077e+01 4.166666666666667140e+01 4.166666666666667140e+01 1.500000000000000000e+01
3.100000000000000000e+01 1.379736408566721551e+01 3.888888888888889284e+01 2.777777777777777857e+01 1.400000000000000000e+01
3.200000000000000000e+01 1.593904448105436522e+01 1.944444444444444642e+01 2.222222222222222143e+01 7.000000000000000000e+00
3.300000000000000000e+01 1.441515650741350996e+01 3.055555555555555358e+01 3.333333333333332860e+01 1.100000000000000000e+01
3.400000000000000000e+01 1.552718286655683855e+01 2.777777777777777857e+01 2.500000000000000000e+01 1.000000000000000000e+01
3.500000000000000000e+01 1.429159802306424965e+01 5.277777777777777857e+01 3.888888888888889284e+01 1.900000000000000000e+01
3.600000000000000000e+01 1.614497528830312945e+01 1.388888888888888928e+01 2.777777777777777857e+01 5.000000000000000000e+00
3.700000000000000000e+01 1.552718286655683855e+01 1.111111111111111072e+01 1.944444444444444642e+01 4.000000000000000000e+00
3.800000000000000000e+01 1.565074135090609531e+01 1.944444444444444642e+01 2.222222222222222143e+01 7.000000000000000000e+00
3.900000000000000000e+01 1.470345963756177987e+01 2.222222222222222143e+01 2.222222222222222143e+01 8.000000000000000000e+00
4.000000000000000000e+01 1.429159802306424965e+01 4.444444444444444287e+01 2.500000000000000000e+01 1.600000000000000000e+01
4.100000000000000000e+01 1.466227347611202525e+01 3.888888888888889284e+01 3.333333333333332860e+01 1.400000000000000000e+01
4.200000000000000000e+01 1.383855024711696835e+01 3.333333333333332860e+01 3.333333333333332860e+01 1.200000000000000000e+01
4.300000000000000000e+01 1.416803953871499111e+01 1.666666666666666430e+01 3.888888888888889284e+01 6.000000000000000000e+00
4.400000000000000000e+01 1.449752883031301387e+01 2.500000000000000000e+01 1.944444444444444642e+01 9.000000000000000000e+00
4.500000000000000000e+01 1.375617792421746444e+01 1.944444444444444642e+01 3.055555555555555358e+01 7.000000000000000000e+00
4.600000000000000000e+01 1.425041186161449858e+01 3.055555555555555358e+01 2.222222222222222143e+01 1.100000000000000000e+01
4.700000000000000000e+01 1.396210873146622689e+01 1.388888888888888928e+01 1.666666666666666430e+01 5.000000000000000000e+00
4.800000000000000000e+01 1.416803953871499111e+01 1.388888888888888928e+01 1.666666666666666430e+01 5.000000000000000000e+00
4.900000000000000000e+01 1.429159802306424965e+01 1.666666666666666430e+01 1.944444444444444642e+01 6.000000000000000000e+00
5.000000000000000000e+01 1.359143327841845306e+01 5.555555555555555358e+00 1.388888888888888928e+01 2.000000000000000000e+00
5.100000000000000000e+01 1.433278418451400249e+01 0.000000000000000000e+00 1.388888888888888928e+01 -6.000000000000000000e+03
