# step, world, group,control
0.000000000000000000e+00 2.858319604612849929e+01 3.888888888888889284e+01 3.611111111111110716e+01 1.400000000000000000e+01
1.000000000000000000e+00 2.611202635914332504e+01 2.777777777777777857e+01 5.555555555555555713e+01 1.000000000000000000e+01
2.000000000000000000e+00 2.627677100494233997e+01 4.166666666666667140e+01 1.666666666666666430e+01 1.500000000000000000e+01
3.000000000000000000e+00 2.306425041186161451e+01 2.777777777777777857e+01 1.944444444444444642e+01 1.000000000000000000e+01
4.000000000000000000e+00 2.182866556836902561e+01 4.166666666666667140e+01 2.777777777777777857e+01 1.500000000000000000e+01
5.000000000000000000e+00 2.298187808896210882e+01 2.500000000000000000e+01 2.777777777777777857e+01 9.000000000000000000e+00
6.000000000000000000e+00 2.014003294892916074e+01 3.888888888888889284e+01 2.500000000000000000e+01 1.400000000000000000e+01
7.000000000000000000e+00 1.943986820428336060e+01 4.166666666666667140e+01 2.777777777777777857e+01 1.500000000000000000e+01
8.000000000000000000e+00 1.845140032948929232e+01 4.166666666666667140e+01 2.777777777777777857e+01 1.500000000000000000e+01
9.000000000000000000e+00 1.861614497528830370e+01 2.777777777777777857e+01 1.666666666666666430e+01 1.000000000000000000e+01
1.000000000000000000e+01 1.820428336079077525e+01 2.500000000000000000e+01 2.222222222222222143e+01 9.000000000000000000e+00
1.100000000000000000e+01 1.832784184514003201e+01 3.055555555555555358e+01 3.333333333333332860e+01 1.100000000000000000e+01
1.200000000000000000e+01 1.779242174629324680e+01 3.055555555555555358e+01 2.777777777777777857e+01 1.100000000000000000e+01
1.300000000000000000e+01 1.676276771004942390e+01 3.055555555555555358e+01 2.500000000000000000e+01 1.100000000000000000e+01
1.400000000000000000e+01 1.721581548599670342e+01 2.777777777777777857e+01 2.222222222222222143e+01 1.000000000000000000e+01
1.500000000000000000e+01 1.729818780889621266e+01 3.055555555555555358e+01 3.333333333333332860e+01 1.100000000000000000e+01
1.600000000000000000e+01 1.721581548599670342e+01 3.055555555555555358e+01 1.388888888888888928e+01 1.100000000000000000e+01
1.700000000000000000e+01 1.803953871499176387e+01 2.500000000000000000e+01 1.666666666666666430e+01 9.000000000000000000e+00
1.800000000000000000e+01 1.750411861614497511e+01 4.444444444444444287e+01 1.666666666666666430e+01 1.600000000000000000e+01
1.900000000000000000e+01 1.651565074135090683e+01 3.333333333333332860e+01 1.388888888888888928e+01 1.200000000000000000e+01
2.000000000000000000e+01 1.610378912685337838e+01 3.611111111111110716e+01 1.111111111111111072e+01 1.300000000000000000e+01
2.100000000000000000e+01 1.700988467874794097e+01 3.611111111111110716e+01 1.666666666666666430e+01 1.300000000000000000e+01
2.200000000000000000e+01 1.614497528830312945e+01 4.722222222222222854e+01 1.666666666666666430e+01 1.700000000000000000e+01
2.300000000000000000e+01 1.721581548599670342e+01 2.777777777777777857e+01 1.666666666666666430e+01 1.000000000000000000e+01
2.400000000000000000e+01 1.528006589785831970e+01 3.888888888888889284e+01 2.222222222222222143e+01 1.400000000000000000e+01
2.500000000000000000e+01 1.495057660626029694e+01 4.722222222222222854e+01 2.500000000000000000e+01 1.700000000000000000e+01
2.600000000000000000e+01 1.470345963756177987e+01 2.777777777777777857e+01 2.222222222222222143e+01 1.000000000000000000e+01
2.700000000000000000e+01 1.396210873146622689e+01 2.222222222222222143e+01 2.777777777777777857e+01 8.000000000000000000e+00
2.800000000000000000e+01 1.449752883031301387e+01 3.888888888888889284e+01 2.777777777777777857e+01 1.400000000000000000e+01
2.900000000000000000e+01 1.338550247116968528e+01 3.333333333333332860e+01 3.333333333333332860e+01 1.200000000000000000e+01
3.000000000000000000e+01 1.359143327841845306e+01 4.722222222222222854e+01 4.166666666666667140e+01 1.700000000000000000e+01
3.100000000000000000e+01 1.256177924217462838e+01 3.888888888888889284e+01 3.611111111111110716e+01 1.400000000000000000e+01
3.200000000000000000e+01 1.182042833607907717e+01 3.888888888888889284e+01 4.722222222222222854e+01 1.400000000000000000e+01
3.300000000000000000e+01 1.317957166392092283e+01 2.500000000000000000e+01 3.333333333333332860e+01 9.000000000000000000e+00
3.400000000000000000e+01 1.252059308072487553e+01 3.611111111111110716e+01 5.555555555555555713e+01 1.300000000000000000e+01
3.500000000000000000e+01 1.297364085667215861e+01 6.111111111111110716e+01 2.777777777777777857e+01 2.200000000000000000e+01
3.600000000000000000e+01 1.338550247116968528e+01 2.777777777777777857e+01 2.500000000000000000e+01 1.000000000000000000e+01
3.700000000000000000e+01 1.326194398682042852e+01 2.222222222222222143e+01 4.444444444444444287e+01 8.000000000000000000e+00
3.800000000000000000e+01 1.449752883031301387e+01 3.055555555555555358e+01 1.666666666666666430e+01 1.100000000000000000e+01
3.900000000000000000e+01 1.412685337726523827e+01 2.222222222222222143e+01 1.944444444444444642e+01 8.000000000000000000e+00
4.000000000000000000e+01 1.462108731466227241e+01 3.888888888888889284e+01 1.388888888888888928e+01 1.400000000000000000e+01
4.100000000000000000e+01 1.449752883031301387e+01 4.722222222222222854e+01 1.944444444444444642e+01 1.700000000000000000e+01
4.200000000000000000e+01 1.396210873146622689e+01 3.888888888888889284e+01 1.388888888888888928e+01 1.400000000000000000e+01
4.300000000000000000e+01 1.383855024711696835e+01 3.888888888888889284e+01 1.666666666666666430e+01 1.400000000000000000e+01
4.400000000000000000e+01 1.387973640856671942e+01 4.166666666666667140e+01 1.944444444444444642e+01 1.500000000000000000e+01
4.500000000000000000e+01 1.301482701812190967e+01 4.444444444444444287e+01 2.500000000000000000e+01 1.600000000000000000e+01
4.600000000000000000e+01 1.355024711696869666e+01 5.000000000000000000e+01 1.666666666666666430e+01 1.800000000000000000e+01
4.700000000000000000e+01 1.474464579901153272e+01 3.333333333333332860e+01 1.388888888888888928e+01 1.200000000000000000e+01
4.800000000000000000e+01 1.441515650741350996e+01 3.888888888888889284e+01 1.111111111111111072e+01 1.400000000000000000e+01
4.900000000000000000e+01 1.507413509060955548e+01 5.555555555555555713e+01 1.666666666666666430e+01 2.000000000000000000e+01
5.000000000000000000e+01 1.449752883031301387e+01 2.222222222222222143e+01 8.333333333333332149e+00 8.000000000000000000e+00
5.100000000000000000e+01 1.371499176276770804e+01 2.500000000000000000e+01 1.111111111111111072e+01 9.000000000000000000e+00
5.200000000000000000e+01 1.363261943986820413e+01 1.666666666666666430e+01 1.111111111111111072e+01 6.000000000000000000e+00
5.300000000000000000e+01 1.334431630971993421e+01 1.944444444444444642e+01 1.111111111111111072e+01 7.000000000000000000e+00
5.400000000000000000e+01 1.272652388797363976e+01 1.944444444444444642e+01 1.944444444444444642e+01 7.000000000000000000e+00
5.500000000000000000e+01 1.256177924217462838e+01 1.388888888888888928e+01 1.944444444444444642e+01 5.000000000000000000e+00
5.600000000000000000e+01 1.276771004942339438e+01 1.111111111111111072e+01 2.222222222222222143e+01 4.000000000000000000e+00
5.700000000000000000e+01 1.177924217462932432e+01 1.666666666666666430e+01 1.944444444444444642e+01 6.000000000000000000e+00
5.800000000000000000e+01 1.182042833607907717e+01 8.333333333333332149e+00 3.055555555555555358e+01 3.000000000000000000e+00
5.900000000000000000e+01 1.083196046128500711e+01 1.111111111111111072e+01 1.944444444444444642e+01 4.000000000000000000e+00
6.000000000000000000e+01 1.144975288303130156e+01 8.333333333333332149e+00 2.500000000000000000e+01 3.000000000000000000e+00
6.100000000000000000e+01 9.719934102141680299e+00 1.388888888888888928e+01 2.222222222222222143e+01 5.000000000000000000e+00
6.200000000000000000e+01 1.009060955518945590e+01 1.944444444444444642e+01 2.500000000000000000e+01 7.000000000000000000e+00
6.300000000000000000e+01 9.802306425041185989e+00 2.777777777777777857e+01 1.666666666666666430e+01 1.000000000000000000e+01
6.400000000000000000e+01 1.025535420098846728e+01 3.055555555555555358e+01 1.111111111111111072e+01 1.100000000000000000e+01
6.500000000000000000e+01 1.046128500823723328e+01 3.611111111111110716e+01 8.333333333333332149e+00 1.300000000000000000e+01
6.600000000000000000e+01 1.128500823723229018e+01 2.222222222222222143e+01 5.555555555555555358e+00 8.000000000000000000e+00
6.700000000000000000e+01 1.042009884678747866e+01 2.500000000000000000e+01 5.555555555555555358e+00 9.000000000000000000e+00
6.800000000000000000e+01 1.083196046128500711e+01 3.055555555555555358e+01 8.333333333333332149e+00 1.100000000000000000e+01
6.900000000000000000e+01 1.165568369028006579e+01 3.611111111111110716e+01 1.111111111111111072e+01 1.300000000000000000e+01
7.000000000000000000e+01 1.144975288303130156e+01 3.055555555555555358e+01 1.388888888888888928e+01 1.100000000000000000e+01
7.100000000000000000e+01 1.157331136738056010e+01 4.444444444444444287e+01 1.111111111111111072e+01 1.600000000000000000e+01
7.200000000000000000e+01 1.289126853377265114e+01 3.055555555555555358e+01 8.333333333333332149e+00 1.100000000000000000e+01
7.300000000000000000e+01 1.235584843492586415e+01 1.944444444444444642e+01 8.333333333333332149e+00 7.000000000000000000e+00
7.400000000000000000e+01 1.416803953871499111e+01 1.111111111111111072e+01 1.111111111111111072e+01 4.000000000000000000e+00
7.500000000000000000e+01 1.412685337726523827e+01 1.111111111111111072e+01 1.388888888888888928e+01 4.000000000000000000e+00
7.600000000000000000e+01 1.416803953871499111e+01 1.944444444444444642e+01 1.388888888888888928e+01 7.000000000000000000e+00
7.700000000000000000e+01 1.474464579901153272e+01 1.666666666666666430e+01 1.111111111111111072e+01 6.000000000000000000e+00
7.800000000000000000e+01 1.507413509060955548e+01 1.111111111111111072e+01 8.333333333333332149e+00 4.000000000000000000e+00
7.900000000000000000e+01 1.441515650741350996e+01 1.666666666666666430e+01 1.388888888888888928e+01 6.000000000000000000e+00
8.000000000000000000e+01 1.445634266886326103e+01 1.944444444444444642e+01 1.388888888888888928e+01 7.000000000000000000e+00
8.100000000000000000e+01 1.449752883031301387e+01 1.944444444444444642e+01 1.666666666666666430e+01 7.000000000000000000e+00
8.200000000000000000e+01 1.429159802306424965e+01 8.333333333333332149e+00 1.944444444444444642e+01 3.000000000000000000e+00
8.300000000000000000e+01 1.305601317957166252e+01 1.111111111111111072e+01 2.500000000000000000e+01 4.000000000000000000e+00
8.400000000000000000e+01 1.359143327841845306e+01 1.944444444444444642e+01 1.388888888888888928e+01 7.000000000000000000e+00
8.500000000000000000e+01 1.297364085667215861e+01 1.388888888888888928e+01 1.111111111111111072e+01 5.000000000000000000e+00
8.600000000000000000e+01 1.326194398682042852e+01 3.333333333333332860e+01 8.333333333333332149e+00 1.200000000000000000e+01
8.700000000000000000e+01 1.309719934102141714e+01 1.388888888888888928e+01 1.388888888888888928e+01 5.000000000000000000e+00
8.800000000000000000e+01 1.309719934102141714e+01 2.500000000000000000e+01 1.944444444444444642e+01 9.000000000000000000e+00
8.900000000000000000e+01 1.190280065897858286e+01 2.500000000000000000e+01 2.222222222222222143e+01 9.000000000000000000e+00
9.000000000000000000e+01 1.214991762767710171e+01 3.888888888888889284e+01 1.944444444444444642e+01 1.400000000000000000e+01
9.100000000000000000e+01 1.173805601317957148e+01 2.777777777777777857e+01 2.500000000000000000e+01 1.000000000000000000e+01
9.200000000000000000e+01 1.198517298187809033e+01 3.611111111111110716e+01 3.611111111111110716e+01 1.300000000000000000e+01
9.300000000000000000e+01 1.223228995057660740e+01 3.611111111111110716e+01 3.611111111111110716e+01 1.300000000000000000e+01
9.400000000000000000e+01 1.264415156507413585e+01 3.333333333333332860e+01 2.222222222222222143e+01 1.200000000000000000e+01
9.500000000000000000e+01 1.252059308072487553e+01 3.055555555555555358e+01 8.333333333333332149e+00 1.100000000000000000e+01
9.600000000000000000e+01 1.210873146622734708e+01 4.444444444444444287e+01 8.333333333333332149e+00 1.600000000000000000e+01
9.700000000000000000e+01 1.149093904448105441e+01 3.888888888888889284e+01 5.555555555555555358e+00 1.400000000000000000e+01
9.800000000000000000e+01 1.173805601317957148e+01 4.166666666666667140e+01 8.333333333333332149e+00 1.500000000000000000e+01
9.900000000000000000e+01 1.231466227347611309e+01 3.611111111111110716e+01 5.555555555555555358e+00 1.300000000000000000e+01
1.000000000000000000e+02 1.301482701812190967e+01 5.000000000000000000e+01 8.333333333333332149e+00 1.800000000000000000e+01
1.010000000000000000e+02 1.280889621087314723e+01 2.222222222222222143e+01 2.777777777777777679e+00 8.000000000000000000e+00
1.020000000000000000e+02 1.379736408566721551e+01 3.333333333333332860e+01 0.000000000000000000e+00 1.200000000000000000e+01
1.030000000000000000e+02 1.190280065897858286e+01 4.166666666666667140e+01 2.777777777777777679e+00 1.500000000000000000e+01
1.040000000000000000e+02 1.194398682042833570e+01 5.277777777777777857e+01 2.777777777777777679e+00 1.900000000000000000e+01
1.050000000000000000e+02 1.165568369028006579e+01 1.666666666666666430e+01 0.000000000000000000e+00 6.000000000000000000e+00
1.060000000000000000e+02 1.124382207578253734e+01 3.611111111111110716e+01 0.000000000000000000e+00 1.300000000000000000e+01
1.070000000000000000e+02 1.042009884678747866e+01 3.888888888888889284e+01 0.000000000000000000e+00 1.400000000000000000e+01
1.080000000000000000e+02 8.772652388797364864e+00 5.555555555555555713e+01 0.000000000000000000e+00 2.000000000000000000e+01
1.090000000000000000e+02 9.761120263591433144e+00 1.944444444444444642e+01 0.000000000000000000e+00 7.000000000000000000e+00
1.100000000000000000e+02 8.813838550247117709e+00 1.944444444444444642e+01 0.000000000000000000e+00 7.000000000000000000e+00
1.110000000000000000e+02 9.060955518945634779e+00 2.500000000000000000e+01 0.000000000000000000e+00 9.000000000000000000e+00
1.120000000000000000e+02 8.484349258649094949e+00 1.944444444444444642e+01 0.000000000000000000e+00 7.000000000000000000e+00
1.130000000000000000e+02 8.896210873146623399e+00 1.944444444444444642e+01 0.000000000000000000e+00 7.000000000000000000e+00
1.140000000000000000e+02 8.896210873146623399e+00 1.666666666666666430e+01 0.000000000000000000e+00 6.000000000000000000e+00
1.150000000000000000e+02 9.472817133443163229e+00 1.666666666666666430e+01 0.000000000000000000e+00 6.000000000000000000e+00
1.160000000000000000e+02 9.308072487644151849e+00 8.333333333333332149e+00 0.000000000000000000e+00 3.000000000000000000e+00
1.170000000000000000e+02 9.843492586490938834e+00 8.333333333333332149e+00 0.000000000000000000e+00 3.000000000000000000e+00
1.180000000000000000e+02 9.349258649093904694e+00 8.333333333333332149e+00 0.000000000000000000e+00 3.000000000000000000e+00
1.190000000000000000e+02 8.731466227347612019e+00 2.222222222222222143e+01 0.000000000000000000e+00 8.000000000000000000e+00
1.200000000000000000e+02 9.060955518945634779e+00 1.111111111111111072e+01 0.000000000000000000e+00 4.000000000000000000e+00
1.210000000000000000e+02 9.514003294892916074e+00 1.944444444444444642e+01 0.000000000000000000e+00 7.000000000000000000e+00
1.220000000000000000e+02 8.525535420098846018e+00 1.111111111111111072e+01 0.000000000000000000e+00 4.000000000000000000e+00
1.230000000000000000e+02 8.607907742998351708e+00 1.388888888888888928e+01 0.000000000000000000e+00 5.000000000000000000e+00
1.240000000000000000e+02 8.278418451400328948e+00 2.222222222222222143e+01 0.000000000000000000e+00 8.000000000000000000e+00
1.250000000000000000e+02 8.278418451400328948e+00 2.777777777777777857e+01 0.000000000000000000e+00 1.000000000000000000e+01
1.260000000000000000e+02 8.896210873146623399e+00 2.500000000000000000e+01 0.000000000000000000e+00 9.000000000000000000e+00
1.270000000000000000e+02 8.896210873146623399e+00 2.222222222222222143e+01 0.000000000000000000e+00 8.000000000000000000e+00
1.280000000000000000e+02 9.761120263591433144e+00 3.055555555555555358e+01 0.000000000000000000e+00 1.100000000000000000e+01
1.290000000000000000e+02 8.813838550247117709e+00 2.222222222222222143e+01 0.000000000000000000e+00 8.000000000000000000e+00
1.300000000000000000e+02 8.319604612850081793e+00 3.611111111111110716e+01 0.000000000000000000e+00 1.300000000000000000e+01
1.310000000000000000e+02 7.866556836902800498e+00 1.666666666666666430e+01 0.000000000000000000e+00 6.000000000000000000e+00
1.320000000000000000e+02 7.948929159802306188e+00 2.777777777777777857e+01 0.000000000000000000e+00 1.000000000000000000e+01
1.330000000000000000e+02 7.454695222405272048e+00 1.666666666666666430e+01 0.000000000000000000e+00 6.000000000000000000e+00
1.340000000000000000e+02 7.784184514003294808e+00 8.333333333333332149e+00 0.000000000000000000e+00 3.000000000000000000e+00
1.350000000000000000e+02 7.990115321252059033e+00 5.555555555555555358e+00 0.000000000000000000e+00 2.000000000000000000e+00
1.360000000000000000e+02 8.772652388797364864e+00 5.555555555555555358e+00 0.000000000000000000e+00 2.000000000000000000e+00
1.370000000000000000e+02 8.196046128500823258e+00 5.555555555555555358e+00 0.000000000000000000e+00 2.000000000000000000e+00
1.380000000000000000e+02 7.742998352553541075e+00 5.555555555555555358e+00 0.000000000000000000e+00 2.000000000000000000e+00
1.390000000000000000e+02 7.537067545304777738e+00 8.333333333333332149e+00 0.000000000000000000e+00 3.000000000000000000e+00
1.400000000000000000e+02 7.742998352553541075e+00 5.555555555555555358e+00 0.000000000000000000e+00 2.000000000000000000e+00
1.410000000000000000e+02 7.454695222405272048e+00 5.555555555555555358e+00 0.000000000000000000e+00 2.000000000000000000e+00
1.420000000000000000e+02 7.207578253706754978e+00 1.388888888888888928e+01 0.000000000000000000e+00 5.000000000000000000e+00
1.430000000000000000e+02 7.413509060955518315e+00 1.666666666666666430e+01 0.000000000000000000e+00 6.000000000000000000e+00
1.440000000000000000e+02 7.990115321252059033e+00 1.388888888888888928e+01 0.000000000000000000e+00 5.000000000000000000e+00
1.450000000000000000e+02 7.331136738056012625e+00 1.666666666666666430e+01 0.000000000000000000e+00 6.000000000000000000e+00
1.460000000000000000e+02 7.742998352553541075e+00 8.333333333333332149e+00 0.000000000000000000e+00 3.000000000000000000e+00
1.470000000000000000e+02 8.196046128500823258e+00 1.111111111111111072e+01 0.000000000000000000e+00 4.000000000000000000e+00
1.480000000000000000e+02 8.772652388797364864e+00 8.333333333333332149e+00 0.000000000000000000e+00 3.000000000000000000e+00
1.490000000000000000e+02 7.990115321252059033e+00 2.222222222222222143e+01 0.000000000000000000e+00 8.000000000000000000e+00
1.500000000000000000e+02 7.289950576606260668e+00 1.944444444444444642e+01 0.000000000000000000e+00 7.000000000000000000e+00
1.510000000000000000e+02 7.495881383855024005e+00 3.333333333333332860e+01 0.000000000000000000e+00 1.200000000000000000e+01
1.520000000000000000e+02 6.960461285008237908e+00 1.666666666666666430e+01 0.000000000000000000e+00 6.000000000000000000e+00
1.530000000000000000e+02 6.713344316309719950e+00 1.666666666666666430e+01 0.000000000000000000e+00 6.000000000000000000e+00
1.540000000000000000e+02 7.372322899505766358e+00 1.388888888888888928e+01 0.000000000000000000e+00 5.000000000000000000e+00
1.550000000000000000e+02 6.507413509060954837e+00 2.777777777777777857e+01 0.000000000000000000e+00 1.000000000000000000e+01
1.560000000000000000e+02 6.301482701812191500e+00 1.944444444444444642e+01 0.000000000000000000e+00 7.000000000000000000e+00
1.570000000000000000e+02 6.383855024711697190e+00 2.777777777777777857e+01 0.000000000000000000e+00 1.000000000000000000e+01
1.580000000000000000e+02 7.207578253706754978e+00 2.222222222222222143e+01 0.000000000000000000e+00 8.000000000000000000e+00
1.590000000000000000e+02 7.413509060955518315e+00 2.777777777777777857e+01 0.000000000000000000e+00 1.000000000000000000e+01
1.600000000000000000e+02 6.507413509060954837e+00 2.222222222222222143e+01 0.000000000000000000e+00 8.000000000000000000e+00
1.610000000000000000e+02 6.878088962108732218e+00 1.666666666666666430e+01 0.000000000000000000e+00 6.000000000000000000e+00
1.620000000000000000e+02 6.054365733113673542e+00 1.944444444444444642e+01 0.000000000000000000e+00 7.000000000000000000e+00
1.630000000000000000e+02 6.589785831960461415e+00 2.222222222222222143e+01 0.000000000000000000e+00 8.000000000000000000e+00
1.640000000000000000e+02 7.042833607907743598e+00 1.666666666666666430e+01 0.000000000000000000e+00 6.000000000000000000e+00
1.650000000000000000e+02 7.413509060955518315e+00 2.500000000000000000e+01 0.000000000000000000e+00 9.000000000000000000e+00
1.660000000000000000e+02 6.713344316309719950e+00 3.055555555555555358e+01 0.000000000000000000e+00 1.100000000000000000e+01
1.670000000000000000e+02 6.630971993410214260e+00 3.888888888888889284e+01 0.000000000000000000e+00 1.400000000000000000e+01
1.680000000000000000e+02 6.630971993410214260e+00 3.888888888888889284e+01 0.000000000000000000e+00 1.400000000000000000e+01
1.690000000000000000e+02 6.713344316309719950e+00 3.333333333333332860e+01 0.000000000000000000e+00 1.200000000000000000e+01
1.700000000000000000e+02 6.836902800658978485e+00 4.166666666666667140e+01 0.000000000000000000e+00 1.500000000000000000e+01
1.710000000000000000e+02 7.331136738056012625e+00 4.722222222222222854e+01 0.000000000000000000e+00 1.700000000000000000e+01
1.720000000000000000e+02 7.413509060955518315e+00 1.944444444444444642e+01 0.000000000000000000e+00 7.000000000000000000e+00
1.730000000000000000e+02 8.031301482701811878e+00 3.055555555555555358e+01 0.000000000000000000e+00 1.100000000000000000e+01
1.740000000000000000e+02 7.289950576606260668e+00 3.333333333333332860e+01 0.000000000000000000e+00 1.200000000000000000e+01
1.750000000000000000e+02 7.866556836902800498e+00 4.166666666666667140e+01 0.000000000000000000e+00 1.500000000000000000e+01
1.760000000000000000e+02 7.990115321252059033e+00 2.777777777777777857e+01 0.000000000000000000e+00 1.000000000000000000e+01
1.770000000000000000e+02 7.907742998352553343e+00 4.166666666666667140e+01 0.000000000000000000e+00 1.500000000000000000e+01
1.780000000000000000e+02 7.331136738056012625e+00 3.333333333333332860e+01 0.000000000000000000e+00 1.200000000000000000e+01
1.790000000000000000e+02 8.278418451400328948e+00 2.222222222222222143e+01 0.000000000000000000e+00 8.000000000000000000e+00
1.800000000000000000e+02 7.578253706754529695e+00 3.333333333333332860e+01 0.000000000000000000e+00 1.200000000000000000e+01
1.810000000000000000e+02 7.619439868204283428e+00 2.777777777777777857e+01 0.000000000000000000e+00 1.000000000000000000e+01
1.820000000000000000e+02 8.319604612850081793e+00 3.333333333333332860e+01 0.000000000000000000e+00 1.200000000000000000e+01
1.830000000000000000e+02 7.619439868204283428e+00 4.722222222222222854e+01 0.000000000000000000e+00 1.700000000000000000e+01
1.840000000000000000e+02 8.566721581548600639e+00 2.500000000000000000e+01 0.000000000000000000e+00 9.000000000000000000e+00
1.850000000000000000e+02 8.484349258649094949e+00 3.333333333333332860e+01 0.000000000000000000e+00 1.200000000000000000e+01
1.860000000000000000e+02 8.649093904448106329e+00 3.888888888888889284e+01 0.000000000000000000e+00 1.400000000000000000e+01
1.870000000000000000e+02 7.454695222405272048e+00 4.722222222222222854e+01 0.000000000000000000e+00 1.700000000000000000e+01
1.880000000000000000e+02 7.990115321252059033e+00 3.055555555555555358e+01 0.000000000000000000e+00 1.100000000000000000e+01
1.890000000000000000e+02 8.031301482701811878e+00 1.944444444444444642e+01 0.000000000000000000e+00 7.000000000000000000e+00
1.900000000000000000e+02 7.742998352553541075e+00 1.388888888888888928e+01 0.000000000000000000e+00 5.000000000000000000e+00
1.910000000000000000e+02 7.948929159802306188e+00 2.222222222222222143e+01 0.000000000000000000e+00 8.000000000000000000e+00
1.920000000000000000e+02 8.031301482701811878e+00 1.111111111111111072e+01 0.000000000000000000e+00 4.000000000000000000e+00
1.930000000000000000e+02 8.113673805601317568e+00 5.555555555555555358e+00 0.000000000000000000e+00 2.000000000000000000e+00
1.940000000000000000e+02 8.154859967051070413e+00 5.555555555555555358e+00 0.000000000000000000e+00 2.000000000000000000e+00
1.950000000000000000e+02 7.948929159802306188e+00 1.111111111111111072e+01 0.000000000000000000e+00 4.000000000000000000e+00
1.960000000000000000e+02 7.907742998352553343e+00 1.666666666666666430e+01 0.000000000000000000e+00 6.000000000000000000e+00
1.970000000000000000e+02 7.866556836902800498e+00 1.388888888888888928e+01 0.000000000000000000e+00 5.000000000000000000e+00
1.980000000000000000e+02 8.196046128500823258e+00 2.222222222222222143e+01 0.000000000000000000e+00 8.000000000000000000e+00
1.990000000000000000e+02 8.484349258649094949e+00 2.222222222222222143e+01 0.000000000000000000e+00 8.000000000000000000e+00
2.000000000000000000e+02 7.413509060955518315e+00 1.666666666666666430e+01 0.000000000000000000e+00 6.000000000000000000e+00
2.010000000000000000e+02 7.042833607907743598e+00 1.944444444444444642e+01 0.000000000000000000e+00 7.000000000000000000e+00
2.020000000000000000e+02 7.042833607907743598e+00 8.333333333333332149e+00 0.000000000000000000e+00 3.000000000000000000e+00
2.030000000000000000e+02 6.507413509060954837e+00 2.777777777777777679e+00 0.000000000000000000e+00 1.000000000000000000e+00
2.040000000000000000e+02 6.219110378912684922e+00 5.555555555555555358e+00 0.000000000000000000e+00 2.000000000000000000e+00
2.050000000000000000e+02 6.425041186161449147e+00 1.111111111111111072e+01 0.000000000000000000e+00 4.000000000000000000e+00
2.060000000000000000e+02 6.630971993410214260e+00 1.111111111111111072e+01 0.000000000000000000e+00 4.000000000000000000e+00
2.070000000000000000e+02 6.630971993410214260e+00 1.388888888888888928e+01 0.000000000000000000e+00 5.000000000000000000e+00
2.080000000000000000e+02 6.836902800658978485e+00 1.388888888888888928e+01 0.000000000000000000e+00 5.000000000000000000e+00
2.090000000000000000e+02 6.754530477759472795e+00 1.388888888888888928e+01 0.000000000000000000e+00 5.000000000000000000e+00
2.100000000000000000e+02 6.507413509060954837e+00 2.222222222222222143e+01 0.000000000000000000e+00 8.000000000000000000e+00
2.110000000000000000e+02 7.331136738056012625e+00 1.666666666666666430e+01 0.000000000000000000e+00 6.000000000000000000e+00
2.120000000000000000e+02 7.001647446457989865e+00 3.333333333333332860e+01 0.000000000000000000e+00 1.200000000000000000e+01
2.130000000000000000e+02 6.342668863261943457e+00 2.222222222222222143e+01 0.000000000000000000e+00 8.000000000000000000e+00
2.140000000000000000e+02 6.177924217462932077e+00 1.666666666666666430e+01 0.000000000000000000e+00 6.000000000000000000e+00
2.150000000000000000e+02 5.971993410214167852e+00 1.666666666666666430e+01 0.000000000000000000e+00 6.000000000000000000e+00
2.160000000000000000e+02 6.260296540362437767e+00 2.500000000000000000e+01 0.000000000000000000e+00 9.000000000000000000e+00
2.170000000000000000e+02 4.983525535420098684e+00 2.500000000000000000e+01 0.000000000000000000e+00 9.000000000000000000e+00
2.180000000000000000e+02 5.395387149917628022e+00 4.166666666666667140e+01 0.000000000000000000e+00 1.500000000000000000e+01
2.190000000000000000e+02 5.354200988467875177e+00 2.500000000000000000e+01 0.000000000000000000e+00 9.000000000000000000e+00
2.200000000000000000e+02 5.065897858319604374e+00 1.388888888888888928e+01 0.000000000000000000e+00 5.000000000000000000e+00
2.210000000000000000e+02 4.036243822075782361e+00 2.500000000000000000e+01 0.000000000000000000e+00 9.000000000000000000e+00
2.220000000000000000e+02 3.706754530477759157e+00 2.777777777777777857e+01 0.000000000000000000e+00 1.000000000000000000e+01
2.230000000000000000e+02 4.365733113673806010e+00 2.777777777777777857e+01 0.000000000000000000e+00 1.000000000000000000e+01
2.240000000000000000e+02 3.789126853377264847e+00 2.777777777777777857e+01 0.000000000000000000e+00 1.000000000000000000e+01
2.250000000000000000e+02 3.912685337726523827e+00 3.055555555555555358e+01 0.000000000000000000e+00 1.100000000000000000e+01
2.260000000000000000e+02 3.418451400329489243e+00 5.277777777777777857e+01 0.000000000000000000e+00 1.900000000000000000e+01
2.270000000000000000e+02 3.912685337726523827e+00 4.444444444444444287e+01 0.000000000000000000e+00 1.600000000000000000e+01
2.280000000000000000e+02 4.612850082372323079e+00 4.166666666666667140e+01 0.000000000000000000e+00 1.500000000000000000e+01
2.290000000000000000e+02 5.024711696869851529e+00 3.611111111111110716e+01 0.000000000000000000e+00 1.300000000000000000e+01
2.300000000000000000e+02 4.901153212520592994e+00 5.277777777777777857e+01 0.000000000000000000e+00 1.900000000000000000e+01
2.310000000000000000e+02 6.589785831960461415e+00 1.944444444444444642e+01 0.000000000000000000e+00 7.000000000000000000e+00
2.320000000000000000e+02 5.477759472817133712e+00 3.333333333333332860e+01 0.000000000000000000e+00 1.200000000000000000e+01
2.330000000000000000e+02 5.889621087314662162e+00 1.944444444444444642e+01 0.000000000000000000e+00 7.000000000000000000e+00
2.340000000000000000e+02 5.971993410214167852e+00 1.388888888888888928e+01 0.000000000000000000e+00 5.000000000000000000e+00
2.350000000000000000e+02 5.848434925864909317e+00 1.944444444444444642e+01 0.000000000000000000e+00 7.000000000000000000e+00
2.360000000000000000e+02 6.754530477759472795e+00 2.500000000000000000e+01 0.000000000000000000e+00 9.000000000000000000e+00
2.370000000000000000e+02 5.766062602965403627e+00 2.777777777777777857e+01 0.000000000000000000e+00 1.000000000000000000e+01
2.380000000000000000e+02 6.013179571663920697e+00 2.500000000000000000e+01 0.000000000000000000e+00 9.000000000000000000e+00
2.390000000000000000e+02 6.507413509060954837e+00 1.944444444444444642e+01 0.000000000000000000e+00 7.000000000000000000e+00
2.400000000000000000e+02 6.630971993410214260e+00 2.222222222222222143e+01 0.000000000000000000e+00 8.000000000000000000e+00
2.410000000000000000e+02 7.289950576606260668e+00 2.222222222222222143e+01 0.000000000000000000e+00 8.000000000000000000e+00
2.420000000000000000e+02 7.001647446457989865e+00 2.777777777777777857e+01 0.000000000000000000e+00 1.000000000000000000e+01
2.430000000000000000e+02 7.866556836902800498e+00 1.666666666666666430e+01 0.000000000000000000e+00 6.000000000000000000e+00
2.440000000000000000e+02 7.166392092257001245e+00 1.388888888888888928e+01 0.000000000000000000e+00 5.000000000000000000e+00
2.450000000000000000e+02 6.795716639209226528e+00 2.500000000000000000e+01 0.000000000000000000e+00 9.000000000000000000e+00
2.460000000000000000e+02 6.507413509060954837e+00 2.777777777777777857e+01 0.000000000000000000e+00 1.000000000000000000e+01
2.470000000000000000e+02 7.495881383855024005e+00 3.055555555555555358e+01 0.000000000000000000e+00 1.100000000000000000e+01
2.480000000000000000e+02 6.754530477759472795e+00 1.944444444444444642e+01 0.000000000000000000e+00 7.000000000000000000e+00
2.490000000000000000e+02 6.672158154859967105e+00 1.944444444444444642e+01 0.000000000000000000e+00 7.000000000000000000e+00
2.500000000000000000e+02 6.589785831960461415e+00 1.944444444444444642e+01 0.000000000000000000e+00 7.000000000000000000e+00
2.510000000000000000e+02 6.095551894563426387e+00 2.500000000000000000e+01 0.000000000000000000e+00 9.000000000000000000e+00
2.520000000000000000e+02 5.148270181219110064e+00 2.222222222222222143e+01 0.000000000000000000e+00 8.000000000000000000e+00
2.530000000000000000e+02 4.530477759472817390e+00 2.222222222222222143e+01 0.000000000000000000e+00 8.000000000000000000e+00
2.540000000000000000e+02 4.571663920922570234e+00 2.777777777777777857e+01 0.000000000000000000e+00 1.000000000000000000e+01
2.550000000000000000e+02 5.065897858319604374e+00 2.500000000000000000e+01 0.000000000000000000e+00 9.000000000000000000e+00
2.560000000000000000e+02 5.271828665568369487e+00 2.222222222222222143e+01 0.000000000000000000e+00 8.000000000000000000e+00
2.570000000000000000e+02 5.642504118616145092e+00 8.333333333333332149e+00 0.000000000000000000e+00 3.000000000000000000e+00
2.580000000000000000e+02 5.230642504118616642e+00 1.111111111111111072e+01 0.000000000000000000e+00 4.000000000000000000e+00
2.590000000000000000e+02 4.489291598023064545e+00 1.111111111111111072e+01 0.000000000000000000e+00 4.000000000000000000e+00
2.600000000000000000e+02 4.489291598023064545e+00 5.555555555555555358e+00 0.000000000000000000e+00 2.000000000000000000e+00
2.610000000000000000e+02 4.159802306425040896e+00 5.555555555555555358e+00 0.000000000000000000e+00 2.000000000000000000e+00
2.620000000000000000e+02 4.283360790774300320e+00 1.111111111111111072e+01 0.000000000000000000e+00 4.000000000000000000e+00
2.630000000000000000e+02 4.571663920922570234e+00 1.111111111111111072e+01 0.000000000000000000e+00 4.000000000000000000e+00
2.640000000000000000e+02 4.324546952224053165e+00 1.388888888888888928e+01 0.000000000000000000e+00 5.000000000000000000e+00
2.650000000000000000e+02 4.365733113673806010e+00 1.944444444444444642e+01 0.000000000000000000e+00 7.000000000000000000e+00
2.660000000000000000e+02 4.942339373970345839e+00 1.944444444444444642e+01 0.000000000000000000e+00 7.000000000000000000e+00
2.670000000000000000e+02 4.324546952224053165e+00 1.666666666666666430e+01 0.000000000000000000e+00 6.000000000000000000e+00
2.680000000000000000e+02 4.406919275123558855e+00 2.222222222222222143e+01 0.000000000000000000e+00 8.000000000000000000e+00
2.690000000000000000e+02 4.200988467874794630e+00 2.500000000000000000e+01 0.000000000000000000e+00 9.000000000000000000e+00
2.700000000000000000e+02 4.324546952224053165e+00 1.944444444444444642e+01 0.000000000000000000e+00 7.000000000000000000e+00
2.710000000000000000e+02 4.818780889621087304e+00 1.666666666666666430e+01 0.000000000000000000e+00 6.000000000000000000e+00
2.720000000000000000e+02 4.324546952224053165e+00 2.222222222222222143e+01 0.000000000000000000e+00 8.000000000000000000e+00
2.730000000000000000e+02 5.271828665568369487e+00 1.944444444444444642e+01 0.000000000000000000e+00 7.000000000000000000e+00
2.740000000000000000e+02 4.654036243822075924e+00 1.666666666666666430e+01 0.000000000000000000e+00 6.000000000000000000e+00
2.750000000000000000e+02 5.477759472817133712e+00 1.666666666666666430e+01 0.000000000000000000e+00 6.000000000000000000e+00
2.760000000000000000e+02 4.654036243822075924e+00 1.666666666666666430e+01 0.000000000000000000e+00 6.000000000000000000e+00
2.770000000000000000e+02 4.983525535420098684e+00 2.222222222222222143e+01 0.000000000000000000e+00 8.000000000000000000e+00
2.780000000000000000e+02 4.530477759472817390e+00 1.666666666666666430e+01 0.000000000000000000e+00 6.000000000000000000e+00
2.790000000000000000e+02 4.859967051070840149e+00 1.111111111111111072e+01 0.000000000000000000e+00 4.000000000000000000e+00
2.800000000000000000e+02 4.406919275123558855e+00 1.111111111111111072e+01 0.000000000000000000e+00 4.000000000000000000e+00
2.810000000000000000e+02 4.859967051070840149e+00 8.333333333333332149e+00 0.000000000000000000e+00 3.000000000000000000e+00
2.820000000000000000e+02 4.283360790774300320e+00 1.111111111111111072e+01 0.000000000000000000e+00 4.000000000000000000e+00
2.830000000000000000e+02 4.612850082372323079e+00 1.388888888888888928e+01 0.000000000000000000e+00 5.000000000000000000e+00
2.840000000000000000e+02 4.200988467874794630e+00 1.388888888888888928e+01 0.000000000000000000e+00 5.000000000000000000e+00
2.850000000000000000e+02 4.365733113673806010e+00 8.333333333333332149e+00 0.000000000000000000e+00 3.000000000000000000e+00
2.860000000000000000e+02 4.036243822075782361e+00 5.555555555555555358e+00 0.000000000000000000e+00 2.000000000000000000e+00
2.870000000000000000e+02 4.159802306425040896e+00 1.111111111111111072e+01 0.000000000000000000e+00 4.000000000000000000e+00
2.880000000000000000e+02 3.665568369028006313e+00 1.388888888888888928e+01 0.000000000000000000e+00 5.000000000000000000e+00
2.890000000000000000e+02 3.418451400329489243e+00 1.388888888888888928e+01 0.000000000000000000e+00 5.000000000000000000e+00
2.900000000000000000e+02 3.665568369028006313e+00 8.333333333333332149e+00 0.000000000000000000e+00 3.000000000000000000e+00
2.910000000000000000e+02 3.212520593080724574e+00 2.777777777777777679e+00 0.000000000000000000e+00 1.000000000000000000e+00
2.920000000000000000e+02 3.006589785831960349e+00 2.777777777777777679e+00 0.000000000000000000e+00 1.000000000000000000e+00
2.930000000000000000e+02 3.047775947281713194e+00 0.000000000000000000e+00 0.000000000000000000e+00 -6.000000000000000000e+03
