# step, world, group,control
0.000000000000000000e+00 2.425864909390444524e+01 3.055555555555555358e+01 3.888888888888889284e+01 1.100000000000000000e+01
1.000000000000000000e+00 2.384678747940692034e+01 4.444444444444444287e+01 4.166666666666667140e+01 1.600000000000000000e+01
2.000000000000000000e+00 2.133443163097199147e+01 3.888888888888889284e+01 3.055555555555555358e+01 1.400000000000000000e+01
3.000000000000000000e+00 2.273476112026359175e+01 3.888888888888889284e+01 2.222222222222222143e+01 1.400000000000000000e+01
4.000000000000000000e+00 2.096375617792421764e+01 4.444444444444444287e+01 3.611111111111110716e+01 1.600000000000000000e+01
5.000000000000000000e+00 2.162273476112026316e+01 3.055555555555555358e+01 3.888888888888889284e+01 1.100000000000000000e+01
6.000000000000000000e+00 1.952224052718286629e+01 3.333333333333332860e+01 2.222222222222222143e+01 1.200000000000000000e+01
7.000000000000000000e+00 2.038714991762767781e+01 2.777777777777777857e+01 3.611111111111110716e+01 1.000000000000000000e+01
8.000000000000000000e+00 1.948105436573311522e+01 2.500000000000000000e+01 3.888888888888889284e+01 9.000000000000000000e+00
9.000000000000000000e+00 1.882207578253706615e+01 3.055555555555555358e+01 4.166666666666667140e+01 1.100000000000000000e+01
1.000000000000000000e+01 1.812191103789126956e+01 4.444444444444444287e+01 1.944444444444444642e+01 1.600000000000000000e+01
1.100000000000000000e+01 1.919275123558484353e+01 1.666666666666666430e+01 5.555555555555555358e+00 6.000000000000000000e+00
1.200000000000000000e+01 1.808072487644151494e+01 5.555555555555555358e+00 1.666666666666666430e+01 2.000000000000000000e+00
1.300000000000000000e+01 2.009884678747940612e+01 1.388888888888888928e+01 2.777777777777777857e+01 5.000000000000000000e+00
1.400000000000000000e+01 1.820428336079077525e+01 2.222222222222222143e+01 1.666666666666666430e+01 8.000000000000000000e+00
1.500000000000000000e+01 2.121087314662273471e+01 1.944444444444444642e+01 1.388888888888888928e+01 7.000000000000000000e+00
1.600000000000000000e+01 1.869851729818780939e+01 1.944444444444444642e+01 1.388888888888888928e+01 7.000000000000000000e+00
1.700000000000000000e+01 2.075782537067545519e+01 1.111111111111111072e+01 1.111111111111111072e+01 4.000000000000000000e+00
1.800000000000000000e+01 1.931630971993410384e+01 1.388888888888888928e+01 1.388888888888888928e+01 5.000000000000000000e+00
1.900000000000000000e+01 1.832784184514003201e+01 1.666666666666666430e+01 1.666666666666666430e+01 6.000000000000000000e+00
2.000000000000000000e+01 1.725700164744645804e+01 8.333333333333332149e+00 3.055555555555555358e+01 3.000000000000000000e+00
2.100000000000000000e+01 1.705107084019769204e+01 2.222222222222222143e+01 1.388888888888888928e+01 8.000000000000000000e+00
2.200000000000000000e+01 1.787479406919275249e+01 1.666666666666666430e+01 2.222222222222222143e+01 6.000000000000000000e+00
2.300000000000000000e+01 1.688632619439868066e+01 1.944444444444444642e+01 3.055555555555555358e+01 7.000000000000000000e+00
2.400000000000000000e+01 1.775123558484349218e+01 1.944444444444444642e+01 3.888888888888889284e+01 7.000000000000000000e+00
2.500000000000000000e+01 1.771004942339374111e+01 1.944444444444444642e+01 2.777777777777777857e+01 7.000000000000000000e+00
2.600000000000000000e+01 1.630971993410214083e+01 3.055555555555555358e+01 1.944444444444444642e+01 1.100000000000000000e+01
2.700000000000000000e+01 1.713344316309720128e+01 2.500000000000000000e+01 8.333333333333332149e+00 9.000000000000000000e+00
2.800000000000000000e+01 1.705107084019769204e+01 3.055555555555555358e+01 1.388888888888888928e+01 1.100000000000000000e+01
2.900000000000000000e+01 1.536243822075782717e+01 1.944444444444444642e+01 1.666666666666666430e+01 7.000000000000000000e+00
3.000000000000000000e+01 1.573311367380560100e+01 3.333333333333332860e+01 1.944444444444444642e+01 1.200000000000000000e+01
3.100000000000000000e+01 1.614497528830312945e+01 1.666666666666666430e+01 1.111111111111111072e+01 6.000000000000000000e+00
3.200000000000000000e+01 1.507413509060955548e+01 1.944444444444444642e+01 1.666666666666666430e+01 7.000000000000000000e+00
3.300000000000000000e+01 1.536243822075782717e+01 1.944444444444444642e+01 1.111111111111111072e+01 7.000000000000000000e+00
3.400000000000000000e+01 1.457990115321252134e+01 1.111111111111111072e+01 1.388888888888888928e+01 4.000000000000000000e+00
3.500000000000000000e+01 1.412685337726523827e+01 1.388888888888888928e+01 1.388888888888888928e+01 5.000000000000000000e+00
3.600000000000000000e+01 1.482701812191103663e+01 1.388888888888888928e+01 1.666666666666666430e+01 5.000000000000000000e+00
3.700000000000000000e+01 1.396210873146622689e+01 1.388888888888888928e+01 1.111111111111111072e+01 5.000000000000000000e+00
3.800000000000000000e+01 1.470345963756177987e+01 1.944444444444444642e+01 1.111111111111111072e+01 7.000000000000000000e+00
3.900000000000000000e+01 1.445634266886326103e+01 1.666666666666666430e+01 1.666666666666666430e+01 6.000000000000000000e+00
4.000000000000000000e+01 1.330313014827018137e+01 3.333333333333332860e+01 1.111111111111111072e+01 1.200000000000000000e+01
4.100000000000000000e+01 1.453871499176276849e+01 3.611111111111110716e+01 2.222222222222222143e+01 1.300000000000000000e+01
4.200000000000000000e+01 1.425041186161449858e+01 2.222222222222222143e+01 1.388888888888888928e+01 8.000000000000000000e+00
4.300000000000000000e+01 1.404448105436573435e+01 1.666666666666666430e+01 2.222222222222222143e+01 6.000000000000000000e+00
4.400000000000000000e+01 1.379736408566721551e+01 1.944444444444444642e+01 8.333333333333332149e+00 7.000000000000000000e+00
4.500000000000000000e+01 1.462108731466227241e+01 2.500000000000000000e+01 5.555555555555555358e+00 9.000000000000000000e+00
4.600000000000000000e+01 1.350906095551894559e+01 2.222222222222222143e+01 5.555555555555555358e+00 8.000000000000000000e+00
4.700000000000000000e+01 1.383855024711696835e+01 2.777777777777777857e+01 5.555555555555555358e+00 1.000000000000000000e+01
4.800000000000000000e+01 1.231466227347611309e+01 3.333333333333332860e+01 5.555555555555555358e+00 1.200000000000000000e+01
4.900000000000000000e+01 1.322075782537067390e+01 1.388888888888888928e+01 5.555555555555555358e+00 5.000000000000000000e+00
5.000000000000000000e+01 1.177924217462932432e+01 5.555555555555555358e+00 5.555555555555555358e+00 2.000000000000000000e+00
5.100000000000000000e+01 1.210873146622734708e+01 8.333333333333332149e+00 5.555555555555555358e+00 3.000000000000000000e+00
5.200000000000000000e+01 1.144975288303130156e+01 1.111111111111111072e+01 5.555555555555555358e+00 4.000000000000000000e+00
5.300000000000000000e+01 1.260296540362438300e+01 5.555555555555555358e+00 5.555555555555555358e+00 2.000000000000000000e+00
5.400000000000000000e+01 1.210873146622734708e+01 2.777777777777777679e+00 8.333333333333332149e+00 1.000000000000000000e+00
5.500000000000000000e+01 1.252059308072487553e+01 2.777777777777777679e+00 1.111111111111111072e+01 1.000000000000000000e+00
5.600000000000000000e+01 1.239703459637561878e+01 2.777777777777777679e+00 1.111111111111111072e+01 1.000000000000000000e+00
5.700000000000000000e+01 1.342668863261943990e+01 0.000000000000000000e+00 1.666666666666666430e+01 -6.000000000000000000e+03
