# step, world, group,control
0.000000000000000000e+00 2.590609555189456614e+01 3.888888888888889284e+01 3.333333333333332860e+01 1.400000000000000000e+01
1.000000000000000000e+00 2.483525535420098862e+01 1.944444444444444642e+01 4.166666666666667140e+01 7.000000000000000000e+00
2.000000000000000000e+00 2.520593080724876600e+01 2.500000000000000000e+01 4.444444444444444287e+01 9.000000000000000000e+00
3.000000000000000000e+00 2.318780889621087482e+01 3.055555555555555358e+01 2.222222222222222143e+01 1.100000000000000000e+01
4.000000000000000000e+00 2.252883031301482930e+01 3.888888888888889284e+01 2.777777777777777857e+01 1.400000000000000000e+01
5.000000000000000000e+00 2.248764415156507468e+01 1.666666666666666430e+01 3.055555555555555358e+01 6.000000000000000000e+00
6.000000000000000000e+00 2.145799011532125178e+01 8.333333333333332149e+00 3.055555555555555358e+01 3.000000000000000000e+00
7.000000000000000000e+00 2.137561779242174609e+01 1.944444444444444642e+01 2.777777777777777857e+01 7.000000000000000000e+00
8.000000000000000000e+00 1.976935749588138336e+01 1.111111111111111072e+01 3.055555555555555358e+01 4.000000000000000000e+00
9.000000000000000000e+00 2.100494233937396871e+01 2.777777777777777679e+00 3.055555555555555358e+01 1.000000000000000000e+00
1.000000000000000000e+01 1.952224052718286629e+01 2.777777777777777679e+00 3.888888888888889284e+01 1.000000000000000000e+00
1.100000000000000000e+01 2.051070840197693457e+01 8.333333333333332149e+00 2.777777777777777857e+01 3.000000000000000000e+00
1.200000000000000000e+01 1.890444810543657184e+01 1.944444444444444642e+01 3.333333333333332860e+01 7.000000000000000000e+00
1.300000000000000000e+01 1.853377265238879801e+01 2.777777777777777679e+00 3.333333333333332860e+01 1.000000000000000000e+00
1.400000000000000000e+01 1.886326194398682077e+01 0.000000000000000000e+00 4.444444444444444287e+01 -6.000000000000000000e+03
