# step, world, group,control
0.000000000000000000e+00 2.623558484349258890e+01 1.111111111111111072e+01 1.944444444444444642e+01 4.000000000000000000e+00
1.000000000000000000e+00 2.450576606260296586e+01 5.555555555555555358e+00 2.222222222222222143e+01 2.000000000000000000e+00
2.000000000000000000e+00 2.281713344316309744e+01 2.777777777777777679e+00 3.055555555555555358e+01 1.000000000000000000e+00
3.000000000000000000e+00 2.137561779242174609e+01 2.777777777777777679e+00 3.888888888888889284e+01 1.000000000000000000e+00
4.000000000000000000e+00 2.092257001647446657e+01 5.555555555555555358e+00 4.444444444444444287e+01 2.000000000000000000e+00
5.000000000000000000e+00 2.026359143327841750e+01 1.388888888888888928e+01 3.611111111111110716e+01 5.000000000000000000e+00
6.000000000000000000e+00 1.771004942339374111e+01 1.111111111111111072e+01 4.722222222222222854e+01 4.000000000000000000e+00
7.000000000000000000e+00 1.791598023064250356e+01 1.388888888888888928e+01 3.611111111111110716e+01 5.000000000000000000e+00
8.000000000000000000e+00 1.865733113673805477e+01 1.388888888888888928e+01 5.000000000000000000e+01 5.000000000000000000e+00
9.000000000000000000e+00 1.750411861614497511e+01 1.944444444444444642e+01 1.944444444444444642e+01 7.000000000000000000e+00
1.000000000000000000e+01 1.754530477759472973e+01 1.666666666666666430e+01 2.222222222222222143e+01 6.000000000000000000e+00
1.100000000000000000e+01 1.457990115321252134e+01 1.944444444444444642e+01 2.222222222222222143e+01 7.000000000000000000e+00
1.200000000000000000e+01 1.552718286655683855e+01 2.222222222222222143e+01 2.777777777777777857e+01 8.000000000000000000e+00
1.300000000000000000e+01 1.457990115321252134e+01 3.888888888888889284e+01 2.500000000000000000e+01 1.400000000000000000e+01
1.400000000000000000e+01 1.495057660626029694e+01 1.388888888888888928e+01 2.500000000000000000e+01 5.000000000000000000e+00
1.500000000000000000e+01 1.515650741350905939e+01 1.666666666666666430e+01 2.777777777777777857e+01 6.000000000000000000e+00
1.600000000000000000e+01 1.375617792421746444e+01 1.666666666666666430e+01 4.166666666666667140e+01 6.000000000000000000e+00
1.700000000000000000e+01 1.519769357495881579e+01 1.944444444444444642e+01 2.222222222222222143e+01 7.000000000000000000e+00
1.800000000000000000e+01 1.404448105436573435e+01 2.222222222222222143e+01 1.388888888888888928e+01 8.000000000000000000e+00
1.900000000000000000e+01 1.396210873146622689e+01 2.500000000000000000e+01 5.555555555555555358e+00 9.000000000000000000e+00
2.000000000000000000e+01 1.387973640856671942e+01 1.944444444444444642e+01 8.333333333333332149e+00 7.000000000000000000e+00
2.100000000000000000e+01 1.445634266886326103e+01 1.111111111111111072e+01 5.555555555555555358e+00 4.000000000000000000e+00
2.200000000000000000e+01 1.276771004942339438e+01 1.111111111111111072e+01 8.333333333333332149e+00 4.000000000000000000e+00
2.300000000000000000e+01 1.367380560131795697e+01 1.111111111111111072e+01 8.333333333333332149e+00 4.000000000000000000e+00
2.400000000000000000e+01 1.285008237232289829e+01 1.944444444444444642e+01 1.111111111111111072e+01 7.000000000000000000e+00
2.500000000000000000e+01 1.202635914332784139e+01 2.500000000000000000e+01 8.333333333333332149e+00 9.000000000000000000e+00
2.600000000000000000e+01 1.313838550247116999e+01 4.166666666666667140e+01 5.555555555555555358e+00 1.500000000000000000e+01
2.700000000000000000e+01 1.260296540362438300e+01 3.055555555555555358e+01 2.777777777777777679e+00 1.100000000000000000e+01
2.800000000000000000e+01 1.252059308072487553e+01 4.722222222222222854e+01 0.000000000000000000e+00 1.700000000000000000e+01
2.900000000000000000e+01 1.247940691927512447e+01 2.777777777777777857e+01 0.000000000000000000e+00 1.000000000000000000e+01
3.000000000000000000e+01 1.177924217462932432e+01 3.333333333333332860e+01 0.000000000000000000e+00 1.200000000000000000e+01
3.100000000000000000e+01 1.144975288303130156e+01 2.222222222222222143e+01 0.000000000000000000e+00 8.000000000000000000e+00
3.200000000000000000e+01 1.136738056013179587e+01 3.055555555555555358e+01 0.000000000000000000e+00 1.100000000000000000e+01
3.300000000000000000e+01 1.268533772652388691e+01 2.500000000000000000e+01 0.000000000000000000e+00 9.000000000000000000e+00
3.400000000000000000e+01 1.182042833607907717e+01 2.500000000000000000e+01 5.555555555555555358e+00 9.000000000000000000e+00
3.500000000000000000e+01 1.116144975288303165e+01 2.777777777777777857e+01 5.555555555555555358e+00 1.000000000000000000e+01
3.600000000000000000e+01 1.029654036243822013e+01 2.500000000000000000e+01 0.000000000000000000e+00 9.000000000000000000e+00
3.700000000000000000e+01 1.058484349258649004e+01 2.500000000000000000e+01 0.000000000000000000e+00 9.000000000000000000e+00
3.800000000000000000e+01 1.103789126853377311e+01 3.611111111111110716e+01 0.000000000000000000e+00 1.300000000000000000e+01
3.900000000000000000e+01 1.103789126853377311e+01 2.777777777777777857e+01 0.000000000000000000e+00 1.000000000000000000e+01
4.000000000000000000e+01 1.157331136738056010e+01 3.333333333333332860e+01 0.000000000000000000e+00 1.200000000000000000e+01
4.100000000000000000e+01 1.070840197693575035e+01 3.055555555555555358e+01 0.000000000000000000e+00 1.100000000000000000e+01
4.200000000000000000e+01 1.074958813838550142e+01 3.888888888888889284e+01 5.555555555555555358e+00 1.400000000000000000e+01
4.300000000000000000e+01 9.843492586490938834e+00 3.055555555555555358e+01 2.777777777777777679e+00 1.100000000000000000e+01
4.400000000000000000e+01 1.079077429983525604e+01 3.888888888888889284e+01 0.000000000000000000e+00 1.400000000000000000e+01
4.500000000000000000e+01 1.116144975288303165e+01 1.944444444444444642e+01 0.000000000000000000e+00 7.000000000000000000e+00
4.600000000000000000e+01 1.165568369028006579e+01 8.333333333333332149e+00 2.777777777777777679e+00 3.000000000000000000e+00
4.700000000000000000e+01 1.198517298187809033e+01 8.333333333333332149e+00 2.777777777777777679e+00 3.000000000000000000e+00
4.800000000000000000e+01 1.157331136738056010e+01 1.944444444444444642e+01 2.777777777777777679e+00 7.000000000000000000e+00
4.900000000000000000e+01 1.198517298187809033e+01 3.055555555555555358e+01 2.777777777777777679e+00 1.100000000000000000e+01
5.000000000000000000e+01 1.305601317957166252e+01 2.777777777777777857e+01 0.000000000000000000e+00 1.000000000000000000e+01
5.100000000000000000e+01 1.293245469522240576e+01 3.055555555555555358e+01 2.777777777777777679e+00 1.100000000000000000e+01
5.200000000000000000e+01 1.276771004942339438e+01 4.166666666666667140e+01 0.000000000000000000e+00 1.500000000000000000e+01
5.300000000000000000e+01 1.227347611202635846e+01 2.222222222222222143e+01 0.000000000000000000e+00 8.000000000000000000e+00
5.400000000000000000e+01 1.190280065897858286e+01 3.888888888888889284e+01 0.000000000000000000e+00 1.400000000000000000e+01
5.500000000000000000e+01 1.161449752883031294e+01 2.222222222222222143e+01 0.000000000000000000e+00 8.000000000000000000e+00
5.600000000000000000e+01 1.128500823723229018e+01 1.944444444444444642e+01 0.000000000000000000e+00 7.000000000000000000e+00
5.700000000000000000e+01 1.017298187808896159e+01 1.388888888888888928e+01 0.000000000000000000e+00 5.000000000000000000e+00
5.800000000000000000e+01 1.112026359143327880e+01 1.111111111111111072e+01 0.000000000000000000e+00 4.000000000000000000e+00
5.900000000000000000e+01 1.087314662273476173e+01 2.222222222222222143e+01 0.000000000000000000e+00 8.000000000000000000e+00
6.000000000000000000e+01 1.004942339373970306e+01 2.777777777777777857e+01 0.000000000000000000e+00 1.000000000000000000e+01
6.100000000000000000e+01 1.116144975288303165e+01 1.388888888888888928e+01 0.000000000000000000e+00 5.000000000000000000e+00
6.200000000000000000e+01 9.967051070840197369e+00 1.944444444444444642e+01 0.000000000000000000e+00 7.000000000000000000e+00
6.300000000000000000e+01 1.062602965403624466e+01 1.666666666666666430e+01 0.000000000000000000e+00 6.000000000000000000e+00
6.400000000000000000e+01 9.761120263591433144e+00 1.666666666666666430e+01 0.000000000000000000e+00 6.000000000000000000e+00
6.500000000000000000e+01 1.074958813838550142e+01 1.666666666666666430e+01 0.000000000000000000e+00 6.000000000000000000e+00
6.600000000000000000e+01 1.070840197693575035e+01 8.333333333333332149e+00 0.000000000000000000e+00 3.000000000000000000e+00
6.700000000000000000e+01 1.004942339373970306e+01 0.000000000000000000e+00 0.000000000000000000e+00 -6.000000000000000000e+03
