# step, world, group,control
0.000000000000000000e+00 2.438220757825370555e+01 2.500000000000000000e+01 4.166666666666667140e+01 9.000000000000000000e+00
1.000000000000000000e+00 2.314662273476112020e+01 3.055555555555555358e+01 2.222222222222222143e+01 1.100000000000000000e+01
2.000000000000000000e+00 2.261120263591433144e+01 3.611111111111110716e+01 1.666666666666666430e+01 1.300000000000000000e+01
3.000000000000000000e+00 2.104612850082372333e+01 3.333333333333332860e+01 1.944444444444444642e+01 1.200000000000000000e+01
4.000000000000000000e+00 2.071663920922570057e+01 3.888888888888889284e+01 2.500000000000000000e+01 1.400000000000000000e+01
5.000000000000000000e+00 2.236408566721581792e+01 1.388888888888888928e+01 1.388888888888888928e+01 5.000000000000000000e+00
6.000000000000000000e+00 2.166392092257001423e+01 1.944444444444444642e+01 1.111111111111111072e+01 7.000000000000000000e+00
7.000000000000000000e+00 2.219934102141680299e+01 1.666666666666666430e+01 5.555555555555555358e+00 6.000000000000000000e+00
8.000000000000000000e+00 2.055189456342668919e+01 2.222222222222222143e+01 8.333333333333332149e+00 8.000000000000000000e+00
9.000000000000000000e+00 2.075782537067545519e+01 2.500000000000000000e+01 8.333333333333332149e+00 9.000000000000000000e+00
1.000000000000000000e+01 2.001647446457990043e+01 2.222222222222222143e+01 8.333333333333332149e+00 8.000000000000000000e+00
1.100000000000000000e+01 2.051070840197693457e+01 2.500000000000000000e+01 8.333333333333332149e+00 9.000000000000000000e+00
1.200000000000000000e+01 2.046952224052718350e+01 2.222222222222222143e+01 8.333333333333332149e+00 8.000000000000000000e+00
1.300000000000000000e+01 1.915156507413509246e+01 1.388888888888888928e+01 8.333333333333332149e+00 5.000000000000000000e+00
1.400000000000000000e+01 1.952224052718286629e+01 1.388888888888888928e+01 5.555555555555555358e+00 5.000000000000000000e+00
1.500000000000000000e+01 1.836902800658978663e+01 2.500000000000000000e+01 5.555555555555555358e+00 9.000000000000000000e+00
1.600000000000000000e+01 1.766886326194398649e+01 2.777777777777777857e+01 5.555555555555555358e+00 1.000000000000000000e+01
1.700000000000000000e+01 1.841021416803953770e+01 1.388888888888888928e+01 5.555555555555555358e+00 5.000000000000000000e+00
1.800000000000000000e+01 1.960461285008237198e+01 1.111111111111111072e+01 5.555555555555555358e+00 4.000000000000000000e+00
1.900000000000000000e+01 2.092257001647446657e+01 1.388888888888888928e+01 5.555555555555555358e+00 5.000000000000000000e+00
2.000000000000000000e+01 1.931630971993410384e+01 2.500000000000000000e+01 5.555555555555555358e+00 9.000000000000000000e+00
2.100000000000000000e+01 2.051070840197693457e+01 2.222222222222222143e+01 5.555555555555555358e+00 8.000000000000000000e+00
2.200000000000000000e+01 1.717462932454695235e+01 1.944444444444444642e+01 5.555555555555555358e+00 7.000000000000000000e+00
2.300000000000000000e+01 1.795716639209225818e+01 3.055555555555555358e+01 5.555555555555555358e+00 1.100000000000000000e+01
2.400000000000000000e+01 1.696869851729818990e+01 1.666666666666666430e+01 5.555555555555555358e+00 6.000000000000000000e+00
2.500000000000000000e+01 1.581548599670510669e+01 1.666666666666666430e+01 5.555555555555555358e+00 6.000000000000000000e+00
2.600000000000000000e+01 1.532125205930807077e+01 1.388888888888888928e+01 5.555555555555555358e+00 5.000000000000000000e+00
2.700000000000000000e+01 1.548599670510708215e+01 1.944444444444444642e+01 5.555555555555555358e+00 7.000000000000000000e+00
2.800000000000000000e+01 1.371499176276770804e+01 2.222222222222222143e+01 5.555555555555555358e+00 8.000000000000000000e+00
2.900000000000000000e+01 1.313838550247116999e+01 2.500000000000000000e+01 5.555555555555555358e+00 9.000000000000000000e+00
3.000000000000000000e+01 1.066721581548599573e+01 2.500000000000000000e+01 5.555555555555555358e+00 9.000000000000000000e+00
3.100000000000000000e+01 1.021416803953871444e+01 3.055555555555555358e+01 5.555555555555555358e+00 1.100000000000000000e+01
3.200000000000000000e+01 1.054365733113673897e+01 3.333333333333332860e+01 5.555555555555555358e+00 1.200000000000000000e+01
3.300000000000000000e+01 9.514003294892916074e+00 4.166666666666667140e+01 5.555555555555555358e+00 1.500000000000000000e+01
3.400000000000000000e+01 1.079077429983525604e+01 3.055555555555555358e+01 5.555555555555555358e+00 1.100000000000000000e+01
3.500000000000000000e+01 9.925864909390444524e+00 3.333333333333332860e+01 5.555555555555555358e+00 1.200000000000000000e+01
3.600000000000000000e+01 8.690280065897857398e+00 4.166666666666667140e+01 5.555555555555555358e+00 1.500000000000000000e+01
3.700000000000000000e+01 8.566721581548600639e+00 3.333333333333332860e+01 5.555555555555555358e+00 1.200000000000000000e+01
3.800000000000000000e+01 7.537067545304777738e+00 5.277777777777777857e+01 5.555555555555555358e+00 1.900000000000000000e+01
3.900000000000000000e+01 7.990115321252059033e+00 2.777777777777777857e+01 5.555555555555555358e+00 1.000000000000000000e+01
4.000000000000000000e+01 7.990115321252059033e+00 2.777777777777777857e+01 5.555555555555555358e+00 1.000000000000000000e+01
4.100000000000000000e+01 8.196046128500823258e+00 4.166666666666667140e+01 5.555555555555555358e+00 1.500000000000000000e+01
4.200000000000000000e+01 9.225700164744646159e+00 3.611111111111110716e+01 5.555555555555555358e+00 1.300000000000000000e+01
4.300000000000000000e+01 9.843492586490938834e+00 3.888888888888889284e+01 5.555555555555555358e+00 1.400000000000000000e+01
4.400000000000000000e+01 9.761120263591433144e+00 5.555555555555555713e+01 5.555555555555555358e+00 2.000000000000000000e+01
4.500000000000000000e+01 9.637561779242174609e+00 1.388888888888888928e+01 5.555555555555555358e+00 5.000000000000000000e+00
4.600000000000000000e+01 1.033772652388797297e+01 1.944444444444444642e+01 5.555555555555555358e+00 7.000000000000000000e+00
4.700000000000000000e+01 9.925864909390444524e+00 1.944444444444444642e+01 5.555555555555555358e+00 7.000000000000000000e+00
4.800000000000000000e+01 1.042009884678747866e+01 2.222222222222222143e+01 5.555555555555555358e+00 8.000000000000000000e+00
4.900000000000000000e+01 1.153212520593080725e+01 3.055555555555555358e+01 0.000000000000000000e+00 1.100000000000000000e+01
5.000000000000000000e+01 1.029654036243822013e+01 2.222222222222222143e+01 0.000000000000000000e+00 8.000000000000000000e+00
5.100000000000000000e+01 9.184514003294893314e+00 3.333333333333332860e+01 2.777777777777777679e+00 1.200000000000000000e+01
5.200000000000000000e+01 8.896210873146623399e+00 2.777777777777777857e+01 5.555555555555555358e+00 1.000000000000000000e+01
5.300000000000000000e+01 9.308072487644151849e+00 1.944444444444444642e+01 5.555555555555555358e+00 7.000000000000000000e+00
5.400000000000000000e+01 9.143327841845140469e+00 2.222222222222222143e+01 8.333333333333332149e+00 8.000000000000000000e+00
5.500000000000000000e+01 9.555189456342668919e+00 2.500000000000000000e+01 1.111111111111111072e+01 9.000000000000000000e+00
5.600000000000000000e+01 9.678747940691927454e+00 3.055555555555555358e+01 1.666666666666666430e+01 1.100000000000000000e+01
5.700000000000000000e+01 9.308072487644151849e+00 3.611111111111110716e+01 1.944444444444444642e+01 1.300000000000000000e+01
5.800000000000000000e+01 8.690280065897857398e+00 1.666666666666666430e+01 2.500000000000000000e+01 6.000000000000000000e+00
5.900000000000000000e+01 8.855024711696870554e+00 3.055555555555555358e+01 1.666666666666666430e+01 1.100000000000000000e+01
6.000000000000000000e+01 9.555189456342668919e+00 1.944444444444444642e+01 1.944444444444444642e+01 7.000000000000000000e+00
6.100000000000000000e+01 8.607907742998351708e+00 1.666666666666666430e+01 1.944444444444444642e+01 6.000000000000000000e+00
6.200000000000000000e+01 9.060955518945634779e+00 1.666666666666666430e+01 1.388888888888888928e+01 6.000000000000000000e+00
6.300000000000000000e+01 9.225700164744646159e+00 8.333333333333332149e+00 1.944444444444444642e+01 3.000000000000000000e+00
6.400000000000000000e+01 9.678747940691927454e+00 8.333333333333332149e+00 1.944444444444444642e+01 3.000000000000000000e+00
6.500000000000000000e+01 9.308072487644151849e+00 1.111111111111111072e+01 1.666666666666666430e+01 4.000000000000000000e+00
6.600000000000000000e+01 9.843492586490938834e+00 8.333333333333332149e+00 1.388888888888888928e+01 3.000000000000000000e+00
6.700000000000000000e+01 1.070840197693575035e+01 5.555555555555555358e+00 1.111111111111111072e+01 2.000000000000000000e+00
6.800000000000000000e+01 1.042009884678747866e+01 1.388888888888888928e+01 1.388888888888888928e+01 5.000000000000000000e+00
6.900000000000000000e+01 1.091433278418451280e+01 8.333333333333332149e+00 1.666666666666666430e+01 3.000000000000000000e+00
7.000000000000000000e+01 1.070840197693575035e+01 8.333333333333332149e+00 1.388888888888888928e+01 3.000000000000000000e+00
7.100000000000000000e+01 1.124382207578253734e+01 0.000000000000000000e+00 1.388888888888888928e+01 -6.000000000000000000e+03
