# step, world, group,control
0.000000000000000000e+00 2.648270181219110597e+01 2.500000000000000000e+01 2.777777777777777857e+01 9.000000000000000000e+00
1.000000000000000000e+00 2.471169686985172831e+01 2.500000000000000000e+01 3.055555555555555358e+01 9.000000000000000000e+00
2.000000000000000000e+00 2.512355848434925676e+01 3.333333333333332860e+01 2.500000000000000000e+01 1.200000000000000000e+01
3.000000000000000000e+00 2.178747940691927454e+01 3.888888888888889284e+01 3.333333333333332860e+01 1.400000000000000000e+01
4.000000000000000000e+00 2.335255354200988620e+01 4.444444444444444287e+01 3.055555555555555358e+01 1.600000000000000000e+01
5.000000000000000000e+00 2.392915980230642248e+01 1.666666666666666430e+01 5.000000000000000000e+01 6.000000000000000000e+00
6.000000000000000000e+00 2.454695222405271693e+01 2.500000000000000000e+01 3.333333333333332860e+01 9.000000000000000000e+00
7.000000000000000000e+00 2.207578253706754623e+01 2.222222222222222143e+01 4.444444444444444287e+01 8.000000000000000000e+00
8.000000000000000000e+00 2.092257001647446657e+01 2.777777777777777857e+01 3.611111111111110716e+01 1.000000000000000000e+01
9.000000000000000000e+00 2.154036243822075747e+01 3.055555555555555358e+01 2.777777777777777857e+01 1.100000000000000000e+01
1.000000000000000000e+01 2.100494233937396871e+01 1.944444444444444642e+01 3.888888888888889284e+01 7.000000000000000000e+00
1.100000000000000000e+01 2.038714991762767781e+01 3.611111111111110716e+01 3.333333333333332860e+01 1.300000000000000000e+01
1.200000000000000000e+01 1.898682042833607753e+01 4.166666666666667140e+01 4.444444444444444287e+01 1.500000000000000000e+01
1.300000000000000000e+01 1.906919275123558322e+01 4.722222222222222854e+01 3.333333333333332860e+01 1.700000000000000000e+01
1.400000000000000000e+01 1.927512355848434922e+01 4.166666666666667140e+01 2.222222222222222143e+01 1.500000000000000000e+01
1.500000000000000000e+01 2.046952224052718350e+01 3.888888888888889284e+01 1.666666666666666430e+01 1.400000000000000000e+01
1.600000000000000000e+01 1.869851729818780939e+01 4.444444444444444287e+01 1.666666666666666430e+01 1.600000000000000000e+01
1.700000000000000000e+01 1.948105436573311522e+01 3.611111111111110716e+01 2.222222222222222143e+01 1.300000000000000000e+01
1.800000000000000000e+01 1.836902800658978663e+01 4.722222222222222854e+01 2.222222222222222143e+01 1.700000000000000000e+01
1.900000000000000000e+01 1.964579901153212660e+01 3.055555555555555358e+01 2.222222222222222143e+01 1.100000000000000000e+01
2.000000000000000000e+01 1.902800658978583215e+01 4.166666666666667140e+01 2.777777777777777857e+01 1.500000000000000000e+01
2.100000000000000000e+01 1.787479406919275249e+01 2.500000000000000000e+01 2.222222222222222143e+01 9.000000000000000000e+00
2.200000000000000000e+01 1.861614497528830370e+01 3.055555555555555358e+01 2.500000000000000000e+01 1.100000000000000000e+01
2.300000000000000000e+01 1.828665568369028094e+01 3.333333333333332860e+01 3.333333333333332860e+01 1.200000000000000000e+01
2.400000000000000000e+01 1.672158154859966928e+01 4.166666666666667140e+01 2.500000000000000000e+01 1.500000000000000000e+01
2.500000000000000000e+01 1.560955518945634246e+01 4.166666666666667140e+01 4.444444444444444287e+01 1.500000000000000000e+01
2.600000000000000000e+01 1.585667215815486131e+01 3.333333333333332860e+01 3.055555555555555358e+01 1.200000000000000000e+01
2.700000000000000000e+01 1.474464579901153272e+01 3.888888888888889284e+01 4.166666666666667140e+01 1.400000000000000000e+01
2.800000000000000000e+01 1.503294892915980263e+01 3.055555555555555358e+01 1.388888888888888928e+01 1.100000000000000000e+01
2.900000000000000000e+01 1.330313014827018137e+01 6.111111111111110716e+01 1.388888888888888928e+01 2.200000000000000000e+01
3.000000000000000000e+01 1.396210873146622689e+01 2.222222222222222143e+01 1.111111111111111072e+01 8.000000000000000000e+00
3.100000000000000000e+01 1.338550247116968528e+01 2.500000000000000000e+01 1.111111111111111072e+01 9.000000000000000000e+00
3.200000000000000000e+01 1.280889621087314723e+01 3.333333333333332860e+01 1.944444444444444642e+01 1.200000000000000000e+01
3.300000000000000000e+01 1.280889621087314723e+01 2.777777777777777857e+01 1.666666666666666430e+01 1.000000000000000000e+01
3.400000000000000000e+01 1.206754530477759602e+01 1.944444444444444642e+01 1.388888888888888928e+01 7.000000000000000000e+00
3.500000000000000000e+01 1.227347611202635846e+01 2.777777777777777857e+01 8.333333333333332149e+00 1.000000000000000000e+01
3.600000000000000000e+01 1.276771004942339438e+01 1.944444444444444642e+01 8.333333333333332149e+00 7.000000000000000000e+00
3.700000000000000000e+01 1.219110378912685277e+01 4.166666666666667140e+01 5.555555555555555358e+00 1.500000000000000000e+01
3.800000000000000000e+01 1.153212520593080725e+01 2.222222222222222143e+01 8.333333333333332149e+00 8.000000000000000000e+00
3.900000000000000000e+01 1.169686985172981863e+01 3.333333333333332860e+01 1.111111111111111072e+01 1.200000000000000000e+01
4.000000000000000000e+01 1.182042833607907717e+01 2.222222222222222143e+01 1.111111111111111072e+01 8.000000000000000000e+00
4.100000000000000000e+01 1.289126853377265114e+01 1.944444444444444642e+01 1.388888888888888928e+01 7.000000000000000000e+00
4.200000000000000000e+01 1.280889621087314723e+01 2.500000000000000000e+01 1.388888888888888928e+01 9.000000000000000000e+00
4.300000000000000000e+01 1.107907742998352418e+01 4.166666666666667140e+01 1.666666666666666430e+01 1.500000000000000000e+01
4.400000000000000000e+01 1.190280065897858286e+01 2.777777777777777857e+01 1.666666666666666430e+01 1.000000000000000000e+01
4.500000000000000000e+01 1.206754530477759602e+01 3.611111111111110716e+01 2.222222222222222143e+01 1.300000000000000000e+01
4.600000000000000000e+01 1.169686985172981863e+01 2.222222222222222143e+01 2.222222222222222143e+01 8.000000000000000000e+00
4.700000000000000000e+01 1.235584843492586415e+01 2.777777777777777857e+01 3.055555555555555358e+01 1.000000000000000000e+01
4.800000000000000000e+01 1.210873146622734708e+01 1.944444444444444642e+01 1.944444444444444642e+01 7.000000000000000000e+00
4.900000000000000000e+01 1.231466227347611309e+01 2.777777777777777857e+01 2.777777777777777857e+01 1.000000000000000000e+01
5.000000000000000000e+01 1.194398682042833570e+01 2.777777777777777857e+01 2.777777777777777857e+01 1.000000000000000000e+01
5.100000000000000000e+01 1.355024711696869666e+01 4.166666666666667140e+01 2.777777777777777857e+01 1.500000000000000000e+01
5.200000000000000000e+01 1.223228995057660740e+01 2.777777777777777857e+01 3.611111111111110716e+01 1.000000000000000000e+01
5.300000000000000000e+01 1.157331136738056010e+01 4.444444444444444287e+01 3.055555555555555358e+01 1.600000000000000000e+01
5.400000000000000000e+01 1.285008237232289829e+01 3.611111111111110716e+01 1.666666666666666430e+01 1.300000000000000000e+01
5.500000000000000000e+01 1.305601317957166252e+01 2.777777777777777857e+01 2.222222222222222143e+01 1.000000000000000000e+01
5.600000000000000000e+01 1.169686985172981863e+01 2.500000000000000000e+01 1.111111111111111072e+01 9.000000000000000000e+00
5.700000000000000000e+01 1.182042833607907717e+01 5.000000000000000000e+01 1.111111111111111072e+01 1.800000000000000000e+01
5.800000000000000000e+01 1.058484349258649004e+01 3.333333333333332860e+01 8.333333333333332149e+00 1.200000000000000000e+01
5.900000000000000000e+01 1.165568369028006579e+01 2.222222222222222143e+01 5.555555555555555358e+00 8.000000000000000000e+00
6.000000000000000000e+01 1.033772652388797297e+01 3.333333333333332860e+01 5.555555555555555358e+00 1.200000000000000000e+01
6.100000000000000000e+01 1.107907742998352418e+01 2.500000000000000000e+01 2.777777777777777679e+00 9.000000000000000000e+00
6.200000000000000000e+01 1.017298187808896159e+01 2.777777777777777857e+01 0.000000000000000000e+00 1.000000000000000000e+01
6.300000000000000000e+01 9.596375617792421764e+00 3.055555555555555358e+01 2.777777777777777679e+00 1.100000000000000000e+01
6.400000000000000000e+01 9.596375617792421764e+00 2.222222222222222143e+01 8.333333333333332149e+00 8.000000000000000000e+00
6.500000000000000000e+01 9.184514003294893314e+00 2.777777777777777857e+01 2.777777777777777679e+00 1.000000000000000000e+01
6.600000000000000000e+01 8.649093904448106329e+00 4.722222222222222854e+01 0.000000000000000000e+00 1.700000000000000000e+01
6.700000000000000000e+01 8.896210873146623399e+00 1.388888888888888928e+01 0.000000000000000000e+00 5.000000000000000000e+00
6.800000000000000000e+01 8.360790774299834638e+00 2.777777777777777857e+01 0.000000000000000000e+00 1.000000000000000000e+01
6.900000000000000000e+01 7.990115321252059033e+00 3.055555555555555358e+01 0.000000000000000000e+00 1.100000000000000000e+01
7.000000000000000000e+01 8.278418451400328948e+00 2.777777777777777857e+01 0.000000000000000000e+00 1.000000000000000000e+01
7.100000000000000000e+01 7.701812191103789118e+00 4.166666666666667140e+01 0.000000000000000000e+00 1.500000000000000000e+01
7.200000000000000000e+01 7.742998352553541075e+00 3.611111111111110716e+01 0.000000000000000000e+00 1.300000000000000000e+01
7.300000000000000000e+01 7.990115321252059033e+00 3.055555555555555358e+01 0.000000000000000000e+00 1.100000000000000000e+01
7.400000000000000000e+01 8.237232289950576103e+00 2.500000000000000000e+01 0.000000000000000000e+00 9.000000000000000000e+00
7.500000000000000000e+01 7.495881383855024005e+00 2.222222222222222143e+01 0.000000000000000000e+00 8.000000000000000000e+00
7.600000000000000000e+01 7.042833607907743598e+00 2.500000000000000000e+01 0.000000000000000000e+00 9.000000000000000000e+00
7.700000000000000000e+01 6.795716639209226528e+00 2.500000000000000000e+01 0.000000000000000000e+00 9.000000000000000000e+00
7.800000000000000000e+01 7.042833607907743598e+00 3.055555555555555358e+01 0.000000000000000000e+00 1.100000000000000000e+01
7.900000000000000000e+01 6.425041186161449147e+00 4.166666666666667140e+01 0.000000000000000000e+00 1.500000000000000000e+01
8.000000000000000000e+01 6.425041186161449147e+00 1.388888888888888928e+01 0.000000000000000000e+00 5.000000000000000000e+00
8.100000000000000000e+01 6.136738056013179232e+00 3.888888888888889284e+01 0.000000000000000000e+00 1.400000000000000000e+01
8.200000000000000000e+01 6.219110378912684922e+00 1.944444444444444642e+01 0.000000000000000000e+00 7.000000000000000000e+00
8.300000000000000000e+01 7.331136738056012625e+00 1.111111111111111072e+01 0.000000000000000000e+00 4.000000000000000000e+00
8.400000000000000000e+01 6.713344316309719950e+00 1.944444444444444642e+01 0.000000000000000000e+00 7.000000000000000000e+00
8.500000000000000000e+01 6.136738056013179232e+00 2.777777777777777857e+01 0.000000000000000000e+00 1.000000000000000000e+01
8.600000000000000000e+01 5.354200988467875177e+00 8.333333333333332149e+00 0.000000000000000000e+00 3.000000000000000000e+00
8.700000000000000000e+01 4.571663920922570234e+00 1.388888888888888928e+01 0.000000000000000000e+00 5.000000000000000000e+00
8.800000000000000000e+01 4.406919275123558855e+00 1.666666666666666430e+01 0.000000000000000000e+00 6.000000000000000000e+00
8.900000000000000000e+01 4.118616144975288051e+00 1.666666666666666430e+01 0.000000000000000000e+00 6.000000000000000000e+00
9.000000000000000000e+01 3.995057660626029516e+00 1.944444444444444642e+01 0.000000000000000000e+00 7.000000000000000000e+00
9.100000000000000000e+01 4.406919275123558855e+00 1.666666666666666430e+01 0.000000000000000000e+00 6.000000000000000000e+00
9.200000000000000000e+01 4.077429983525535206e+00 1.666666666666666430e+01 0.000000000000000000e+00 6.000000000000000000e+00
9.300000000000000000e+01 3.953871499176276672e+00 1.666666666666666430e+01 0.000000000000000000e+00 6.000000000000000000e+00
9.400000000000000000e+01 3.871499176276770537e+00 3.333333333333332860e+01 0.000000000000000000e+00 1.200000000000000000e+01
9.500000000000000000e+01 3.830313014827017692e+00 2.500000000000000000e+01 0.000000000000000000e+00 9.000000000000000000e+00
9.600000000000000000e+01 3.953871499176276672e+00 2.222222222222222143e+01 0.000000000000000000e+00 8.000000000000000000e+00
9.700000000000000000e+01 3.789126853377264847e+00 3.611111111111110716e+01 0.000000000000000000e+00 1.300000000000000000e+01
9.800000000000000000e+01 4.489291598023064545e+00 2.500000000000000000e+01 0.000000000000000000e+00 9.000000000000000000e+00
9.900000000000000000e+01 3.789126853377264847e+00 1.944444444444444642e+01 0.000000000000000000e+00 7.000000000000000000e+00
1.000000000000000000e+02 4.448105436573311700e+00 5.555555555555555358e+00 0.000000000000000000e+00 2.000000000000000000e+00
1.010000000000000000e+02 3.500823723228994933e+00 0.000000000000000000e+00 0.000000000000000000e+00 -6.000000000000000000e+03
