# step, world, group,control
0.000000000000000000e+00 2.747116968698517425e+01 3.333333333333332860e+01 1.944444444444444642e+01 1.200000000000000000e+01
1.000000000000000000e+00 2.586490939044481152e+01 2.777777777777777857e+01 1.111111111111111072e+01 1.000000000000000000e+01
2.000000000000000000e+00 2.454695222405271693e+01 3.055555555555555358e+01 8.333333333333332149e+00 1.100000000000000000e+01
3.000000000000000000e+00 2.425864909390444524e+01 3.055555555555555358e+01 1.666666666666666430e+01 1.100000000000000000e+01
4.000000000000000000e+00 2.475288303130148293e+01 3.055555555555555358e+01 1.666666666666666430e+01 1.100000000000000000e+01
5.000000000000000000e+00 2.248764415156507468e+01 2.222222222222222143e+01 1.944444444444444642e+01 8.000000000000000000e+00
6.000000000000000000e+00 2.133443163097199147e+01 1.388888888888888928e+01 2.500000000000000000e+01 5.000000000000000000e+00
7.000000000000000000e+00 2.137561779242174609e+01 1.666666666666666430e+01 1.388888888888888928e+01 6.000000000000000000e+00
8.000000000000000000e+00 2.067545304777594595e+01 2.222222222222222143e+01 2.500000000000000000e+01 8.000000000000000000e+00
9.000000000000000000e+00 1.985172981878088905e+01 1.388888888888888928e+01 1.666666666666666430e+01 5.000000000000000000e+00
1.000000000000000000e+01 1.890444810543657184e+01 8.333333333333332149e+00 1.944444444444444642e+01 3.000000000000000000e+00
1.100000000000000000e+01 2.046952224052718350e+01 1.666666666666666430e+01 8.333333333333332149e+00 6.000000000000000000e+00
1.200000000000000000e+01 2.018121911037891181e+01 1.944444444444444642e+01 5.555555555555555358e+00 7.000000000000000000e+00
1.300000000000000000e+01 1.943986820428336060e+01 3.611111111111110716e+01 8.333333333333332149e+00 1.300000000000000000e+01
1.400000000000000000e+01 2.014003294892916074e+01 1.388888888888888928e+01 1.111111111111111072e+01 5.000000000000000000e+00
1.500000000000000000e+01 1.972817133443163229e+01 3.055555555555555358e+01 1.111111111111111072e+01 1.100000000000000000e+01
1.600000000000000000e+01 2.046952224052718350e+01 3.055555555555555358e+01 1.111111111111111072e+01 1.100000000000000000e+01
1.700000000000000000e+01 2.092257001647446657e+01 4.722222222222222854e+01 1.666666666666666430e+01 1.700000000000000000e+01
1.800000000000000000e+01 2.071663920922570057e+01 4.166666666666667140e+01 1.111111111111111072e+01 1.500000000000000000e+01
1.900000000000000000e+01 2.125205930807248933e+01 1.388888888888888928e+01 1.111111111111111072e+01 5.000000000000000000e+00
2.000000000000000000e+01 1.919275123558484353e+01 2.222222222222222143e+01 1.666666666666666430e+01 8.000000000000000000e+00
2.100000000000000000e+01 1.845140032948929232e+01 1.666666666666666430e+01 1.666666666666666430e+01 6.000000000000000000e+00
2.200000000000000000e+01 1.882207578253706615e+01 1.388888888888888928e+01 1.944444444444444642e+01 5.000000000000000000e+00
2.300000000000000000e+01 1.729818780889621266e+01 1.388888888888888928e+01 1.944444444444444642e+01 5.000000000000000000e+00
2.400000000000000000e+01 1.820428336079077525e+01 8.333333333333332149e+00 3.333333333333332860e+01 3.000000000000000000e+00
2.500000000000000000e+01 1.766886326194398649e+01 1.666666666666666430e+01 2.222222222222222143e+01 6.000000000000000000e+00
2.600000000000000000e+01 1.787479406919275249e+01 2.222222222222222143e+01 2.500000000000000000e+01 8.000000000000000000e+00
2.700000000000000000e+01 1.725700164744645804e+01 2.777777777777777857e+01 1.666666666666666430e+01 1.000000000000000000e+01
2.800000000000000000e+01 1.569192751235584993e+01 3.888888888888889284e+01 2.222222222222222143e+01 1.400000000000000000e+01
2.900000000000000000e+01 1.713344316309720128e+01 3.611111111111110716e+01 1.944444444444444642e+01 1.300000000000000000e+01
3.000000000000000000e+01 1.499176276771004801e+01 3.333333333333332860e+01 2.777777777777777857e+01 1.200000000000000000e+01
3.100000000000000000e+01 1.618616144975288407e+01 3.611111111111110716e+01 2.500000000000000000e+01 1.300000000000000000e+01
3.200000000000000000e+01 1.651565074135090683e+01 3.333333333333332860e+01 3.611111111111110716e+01 1.200000000000000000e+01
3.300000000000000000e+01 1.783360790774299787e+01 2.777777777777777857e+01 3.055555555555555358e+01 1.000000000000000000e+01
3.400000000000000000e+01 1.672158154859966928e+01 3.888888888888889284e+01 3.611111111111110716e+01 1.400000000000000000e+01
3.500000000000000000e+01 1.746293245469522404e+01 2.500000000000000000e+01 2.777777777777777857e+01 9.000000000000000000e+00
3.600000000000000000e+01 1.832784184514003201e+01 2.222222222222222143e+01 1.944444444444444642e+01 8.000000000000000000e+00
3.700000000000000000e+01 1.721581548599670342e+01 2.222222222222222143e+01 2.222222222222222143e+01 8.000000000000000000e+00
3.800000000000000000e+01 1.643327841845140114e+01 2.777777777777777857e+01 2.222222222222222143e+01 1.000000000000000000e+01
3.900000000000000000e+01 1.791598023064250356e+01 2.500000000000000000e+01 1.666666666666666430e+01 9.000000000000000000e+00
4.000000000000000000e+01 1.688632619439868066e+01 3.333333333333332860e+01 2.777777777777777857e+01 1.200000000000000000e+01
4.100000000000000000e+01 1.799835255354200925e+01 1.944444444444444642e+01 3.055555555555555358e+01 7.000000000000000000e+00
4.200000000000000000e+01 1.606260296540362376e+01 3.055555555555555358e+01 1.666666666666666430e+01 1.100000000000000000e+01
4.300000000000000000e+01 1.663920922570016359e+01 1.944444444444444642e+01 2.777777777777777857e+01 7.000000000000000000e+00
4.400000000000000000e+01 1.598023064250411807e+01 1.388888888888888928e+01 2.777777777777777857e+01 5.000000000000000000e+00
4.500000000000000000e+01 1.544481054365733108e+01 1.111111111111111072e+01 2.777777777777777857e+01 4.000000000000000000e+00
4.600000000000000000e+01 1.495057660626029694e+01 1.111111111111111072e+01 1.944444444444444642e+01 4.000000000000000000e+00
4.700000000000000000e+01 1.392092257001647582e+01 1.666666666666666430e+01 1.666666666666666430e+01 6.000000000000000000e+00
4.800000000000000000e+01 1.379736408566721551e+01 1.944444444444444642e+01 2.500000000000000000e+01 7.000000000000000000e+00
4.900000000000000000e+01 1.355024711696869666e+01 1.666666666666666430e+01 2.500000000000000000e+01 6.000000000000000000e+00
5.000000000000000000e+01 1.276771004942339438e+01 3.333333333333332860e+01 3.055555555555555358e+01 1.200000000000000000e+01
5.100000000000000000e+01 1.252059308072487553e+01 1.111111111111111072e+01 3.611111111111110716e+01 4.000000000000000000e+00
5.200000000000000000e+01 1.367380560131795697e+01 2.777777777777777679e+00 3.611111111111110716e+01 1.000000000000000000e+00
5.300000000000000000e+01 1.231466227347611309e+01 0.000000000000000000e+00 4.166666666666667140e+01 -6.000000000000000000e+03
