# step, world, group,control
0.000000000000000000e+00 2.619439868204283428e+01 4.166666666666667140e+01 1.388888888888888928e+01 1.500000000000000000e+01
1.000000000000000000e+00 2.500000000000000000e+01 4.722222222222222854e+01 1.666666666666666430e+01 1.700000000000000000e+01
2.000000000000000000e+00 2.322899505766062589e+01 3.888888888888889284e+01 1.666666666666666430e+01 1.400000000000000000e+01
3.000000000000000000e+00 2.471169686985172831e+01 2.777777777777777857e+01 2.222222222222222143e+01 1.000000000000000000e+01
4.000000000000000000e+00 2.219934102141680299e+01 4.166666666666667140e+01 1.944444444444444642e+01 1.500000000000000000e+01
5.000000000000000000e+00 2.376441515650741110e+01 1.666666666666666430e+01 1.944444444444444642e+01 6.000000000000000000e+00
6.000000000000000000e+00 2.174629324546952347e+01 2.222222222222222143e+01 1.944444444444444642e+01 8.000000000000000000e+00
7.000000000000000000e+00 1.985172981878088905e+01 3.611111111111110716e+01 2.777777777777777857e+01 1.300000000000000000e+01
8.000000000000000000e+00 2.174629324546952347e+01 3.611111111111110716e+01 2.222222222222222143e+01 1.300000000000000000e+01
9.000000000000000000e+00 1.919275123558484353e+01 3.055555555555555358e+01 3.611111111111110716e+01 1.100000000000000000e+01
1.000000000000000000e+01 1.857495881383854908e+01 3.055555555555555358e+01 2.777777777777777857e+01 1.100000000000000000e+01
1.100000000000000000e+01 1.696869851729818990e+01 3.888888888888889284e+01 3.055555555555555358e+01 1.400000000000000000e+01
1.200000000000000000e+01 1.676276771004942390e+01 3.888888888888889284e+01 5.000000000000000000e+01 1.400000000000000000e+01
1.300000000000000000e+01 1.746293245469522404e+01 4.166666666666667140e+01 2.222222222222222143e+01 1.500000000000000000e+01
1.400000000000000000e+01 1.519769357495881579e+01 3.333333333333332860e+01 2.777777777777777857e+01 1.200000000000000000e+01
1.500000000000000000e+01 1.515650741350905939e+01 3.055555555555555358e+01 3.611111111111110716e+01 1.100000000000000000e+01
1.600000000000000000e+01 1.408566721581548720e+01 3.888888888888889284e+01 3.611111111111110716e+01 1.400000000000000000e+01
1.700000000000000000e+01 1.313838550247116999e+01 3.333333333333332860e+01 4.444444444444444287e+01 1.200000000000000000e+01
1.800000000000000000e+01 1.214991762767710171e+01 3.333333333333332860e+01 5.000000000000000000e+01 1.200000000000000000e+01
1.900000000000000000e+01 1.198517298187809033e+01 3.055555555555555358e+01 3.888888888888889284e+01 1.100000000000000000e+01
2.000000000000000000e+01 1.322075782537067390e+01 4.166666666666667140e+01 4.166666666666667140e+01 1.500000000000000000e+01
2.100000000000000000e+01 1.268533772652388691e+01 2.777777777777777857e+01 4.444444444444444287e+01 1.000000000000000000e+01
2.200000000000000000e+01 1.280889621087314723e+01 1.666666666666666430e+01 3.888888888888889284e+01 6.000000000000000000e+00
2.300000000000000000e+01 1.182042833607907717e+01 1.666666666666666430e+01 3.888888888888889284e+01 6.000000000000000000e+00
2.400000000000000000e+01 1.120263591433278449e+01 1.944444444444444642e+01 2.222222222222222143e+01 7.000000000000000000e+00
2.500000000000000000e+01 9.472817133443163229e+00 2.500000000000000000e+01 1.666666666666666430e+01 9.000000000000000000e+00
2.600000000000000000e+01 9.802306425041185989e+00 3.055555555555555358e+01 1.111111111111111072e+01 1.100000000000000000e+01
2.700000000000000000e+01 1.000823723228995021e+01 2.500000000000000000e+01 8.333333333333332149e+00 9.000000000000000000e+00
2.800000000000000000e+01 1.079077429983525604e+01 3.055555555555555358e+01 8.333333333333332149e+00 1.100000000000000000e+01
2.900000000000000000e+01 1.083196046128500711e+01 3.055555555555555358e+01 1.666666666666666430e+01 1.100000000000000000e+01
3.000000000000000000e+01 1.095551894563426742e+01 2.500000000000000000e+01 1.666666666666666430e+01 9.000000000000000000e+00
3.100000000000000000e+01 1.037891268533772759e+01 3.333333333333332860e+01 2.222222222222222143e+01 1.200000000000000000e+01
3.200000000000000000e+01 1.050247116968698435e+01 2.777777777777777857e+01 2.777777777777777857e+01 1.000000000000000000e+01
3.300000000000000000e+01 9.266886326194399004e+00 2.500000000000000000e+01 2.500000000000000000e+01 9.000000000000000000e+00
3.400000000000000000e+01 9.884678747940691679e+00 3.333333333333332860e+01 2.777777777777777857e+01 1.200000000000000000e+01
3.500000000000000000e+01 8.937397034596376244e+00 4.166666666666667140e+01 2.777777777777777857e+01 1.500000000000000000e+01
3.600000000000000000e+01 8.196046128500823258e+00 3.611111111111110716e+01 3.055555555555555358e+01 1.300000000000000000e+01
3.700000000000000000e+01 8.772652388797364864e+00 3.888888888888889284e+01 3.055555555555555358e+01 1.400000000000000000e+01
3.800000000000000000e+01 7.537067545304777738e+00 3.333333333333332860e+01 3.888888888888889284e+01 1.200000000000000000e+01
3.900000000000000000e+01 7.289950576606260668e+00 3.333333333333332860e+01 3.055555555555555358e+01 1.200000000000000000e+01
4.000000000000000000e+01 7.248764415156506935e+00 3.333333333333332860e+01 4.444444444444444287e+01 1.200000000000000000e+01
4.100000000000000000e+01 7.372322899505766358e+00 2.500000000000000000e+01 3.333333333333332860e+01 9.000000000000000000e+00
4.200000000000000000e+01 7.125205930807249288e+00 3.055555555555555358e+01 3.888888888888889284e+01 1.100000000000000000e+01
4.300000000000000000e+01 7.207578253706754978e+00 3.611111111111110716e+01 2.222222222222222143e+01 1.300000000000000000e+01
4.400000000000000000e+01 7.495881383855024005e+00 3.333333333333332860e+01 1.388888888888888928e+01 1.200000000000000000e+01
4.500000000000000000e+01 8.113673805601317568e+00 3.611111111111110716e+01 1.666666666666666430e+01 1.300000000000000000e+01
4.600000000000000000e+01 8.154859967051070413e+00 2.777777777777777857e+01 1.666666666666666430e+01 1.000000000000000000e+01
4.700000000000000000e+01 8.443163097199340328e+00 3.611111111111110716e+01 1.944444444444444642e+01 1.300000000000000000e+01
4.800000000000000000e+01 8.525535420098846018e+00 3.333333333333332860e+01 1.666666666666666430e+01 1.200000000000000000e+01
4.900000000000000000e+01 9.060955518945634779e+00 4.722222222222222854e+01 2.777777777777777857e+01 1.700000000000000000e+01
5.000000000000000000e+01 9.060955518945634779e+00 2.222222222222222143e+01 2.222222222222222143e+01 8.000000000000000000e+00
5.100000000000000000e+01 1.000823723228995021e+01 2.777777777777777857e+01 3.055555555555555358e+01 1.000000000000000000e+01
5.200000000000000000e+01 9.390444810543657539e+00 2.777777777777777857e+01 2.222222222222222143e+01 1.000000000000000000e+01
5.300000000000000000e+01 9.555189456342668919e+00 2.500000000000000000e+01 3.055555555555555358e+01 9.000000000000000000e+00
5.400000000000000000e+01 9.555189456342668919e+00 3.611111111111110716e+01 2.500000000000000000e+01 1.300000000000000000e+01
5.500000000000000000e+01 9.308072487644151849e+00 2.222222222222222143e+01 4.166666666666667140e+01 8.000000000000000000e+00
5.600000000000000000e+01 9.266886326194399004e+00 4.722222222222222854e+01 1.944444444444444642e+01 1.700000000000000000e+01
5.700000000000000000e+01 1.017298187808896159e+01 3.611111111111110716e+01 1.944444444444444642e+01 1.300000000000000000e+01
5.800000000000000000e+01 1.017298187808896159e+01 3.611111111111110716e+01 1.944444444444444642e+01 1.300000000000000000e+01
5.900000000000000000e+01 9.925864909390444524e+00 3.333333333333332860e+01 1.944444444444444642e+01 1.200000000000000000e+01
6.000000000000000000e+01 1.017298187808896159e+01 3.611111111111110716e+01 1.111111111111111072e+01 1.300000000000000000e+01
6.100000000000000000e+01 1.095551894563426742e+01 3.611111111111110716e+01 8.333333333333332149e+00 1.300000000000000000e+01
6.200000000000000000e+01 1.025535420098846728e+01 4.166666666666667140e+01 5.555555555555555358e+00 1.500000000000000000e+01
6.300000000000000000e+01 9.472817133443163229e+00 4.722222222222222854e+01 2.777777777777777679e+00 1.700000000000000000e+01
6.400000000000000000e+01 9.843492586490938834e+00 2.500000000000000000e+01 1.111111111111111072e+01 9.000000000000000000e+00
6.500000000000000000e+01 9.060955518945634779e+00 4.166666666666667140e+01 1.388888888888888928e+01 1.500000000000000000e+01
6.600000000000000000e+01 9.514003294892916074e+00 2.777777777777777857e+01 1.111111111111111072e+01 1.000000000000000000e+01
6.700000000000000000e+01 9.019769357495881934e+00 3.888888888888889284e+01 1.388888888888888928e+01 1.400000000000000000e+01
6.800000000000000000e+01 8.896210873146623399e+00 1.944444444444444642e+01 1.944444444444444642e+01 7.000000000000000000e+00
6.900000000000000000e+01 9.102141680395387624e+00 3.611111111111110716e+01 2.500000000000000000e+01 1.300000000000000000e+01
7.000000000000000000e+01 9.184514003294893314e+00 2.777777777777777857e+01 2.222222222222222143e+01 1.000000000000000000e+01
7.100000000000000000e+01 9.349258649093904694e+00 3.333333333333332860e+01 1.666666666666666430e+01 1.200000000000000000e+01
7.200000000000000000e+01 9.637561779242174609e+00 3.055555555555555358e+01 2.222222222222222143e+01 1.100000000000000000e+01
7.300000000000000000e+01 1.058484349258649004e+01 2.500000000000000000e+01 1.944444444444444642e+01 9.000000000000000000e+00
7.400000000000000000e+01 1.013179571663920875e+01 2.777777777777777857e+01 4.166666666666667140e+01 1.000000000000000000e+01
7.500000000000000000e+01 1.112026359143327880e+01 3.611111111111110716e+01 1.388888888888888928e+01 1.300000000000000000e+01
7.600000000000000000e+01 1.074958813838550142e+01 5.000000000000000000e+01 8.333333333333332149e+00 1.800000000000000000e+01
7.700000000000000000e+01 1.223228995057660740e+01 4.166666666666667140e+01 8.333333333333332149e+00 1.500000000000000000e+01
7.800000000000000000e+01 1.153212520593080725e+01 2.777777777777777857e+01 1.111111111111111072e+01 1.000000000000000000e+01
7.900000000000000000e+01 1.161449752883031294e+01 2.777777777777777857e+01 1.388888888888888928e+01 1.000000000000000000e+01
8.000000000000000000e+01 1.128500823723229018e+01 3.055555555555555358e+01 1.666666666666666430e+01 1.100000000000000000e+01
8.100000000000000000e+01 1.107907742998352418e+01 3.611111111111110716e+01 1.944444444444444642e+01 1.300000000000000000e+01
8.200000000000000000e+01 1.083196046128500711e+01 2.777777777777777857e+01 1.944444444444444642e+01 1.000000000000000000e+01
8.300000000000000000e+01 1.009060955518945590e+01 3.055555555555555358e+01 1.666666666666666430e+01 1.100000000000000000e+01
8.400000000000000000e+01 1.025535420098846728e+01 3.611111111111110716e+01 1.666666666666666430e+01 1.300000000000000000e+01
8.500000000000000000e+01 8.937397034596376244e+00 4.166666666666667140e+01 1.944444444444444642e+01 1.500000000000000000e+01
8.600000000000000000e+01 8.855024711696870554e+00 5.000000000000000000e+01 1.944444444444444642e+01 1.800000000000000000e+01
8.700000000000000000e+01 7.907742998352553343e+00 3.611111111111110716e+01 2.222222222222222143e+01 1.300000000000000000e+01
8.800000000000000000e+01 8.855024711696870554e+00 4.166666666666667140e+01 1.111111111111111072e+01 1.500000000000000000e+01
8.900000000000000000e+01 8.607907742998351708e+00 4.166666666666667140e+01 1.388888888888888928e+01 1.500000000000000000e+01
9.000000000000000000e+01 8.896210873146623399e+00 2.222222222222222143e+01 1.388888888888888928e+01 8.000000000000000000e+00
9.100000000000000000e+01 9.143327841845140469e+00 1.388888888888888928e+01 8.333333333333332149e+00 5.000000000000000000e+00
9.200000000000000000e+01 9.472817133443163229e+00 1.388888888888888928e+01 5.555555555555555358e+00 5.000000000000000000e+00
9.300000000000000000e+01 9.596375617792421764e+00 1.111111111111111072e+01 1.111111111111111072e+01 4.000000000000000000e+00
9.400000000000000000e+01 9.019769357495881934e+00 1.388888888888888928e+01 1.388888888888888928e+01 5.000000000000000000e+00
9.500000000000000000e+01 9.019769357495881934e+00 1.666666666666666430e+01 1.388888888888888928e+01 6.000000000000000000e+00
9.600000000000000000e+01 9.925864909390444524e+00 2.222222222222222143e+01 1.666666666666666430e+01 8.000000000000000000e+00
9.700000000000000000e+01 9.266886326194399004e+00 3.055555555555555358e+01 1.388888888888888928e+01 1.100000000000000000e+01
9.800000000000000000e+01 1.087314662273476173e+01 3.333333333333332860e+01 1.944444444444444642e+01 1.200000000000000000e+01
9.900000000000000000e+01 8.855024711696870554e+00 1.944444444444444642e+01 1.944444444444444642e+01 7.000000000000000000e+00
1.000000000000000000e+02 9.060955518945634779e+00 2.222222222222222143e+01 2.500000000000000000e+01 8.000000000000000000e+00
1.010000000000000000e+02 7.454695222405272048e+00 2.777777777777777857e+01 2.777777777777777857e+01 1.000000000000000000e+01
1.020000000000000000e+02 8.278418451400328948e+00 2.222222222222222143e+01 3.888888888888889284e+01 8.000000000000000000e+00
1.030000000000000000e+02 7.619439868204283428e+00 2.777777777777777857e+01 3.055555555555555358e+01 1.000000000000000000e+01
1.040000000000000000e+02 8.113673805601317568e+00 3.888888888888889284e+01 3.055555555555555358e+01 1.400000000000000000e+01
1.050000000000000000e+02 7.742998352553541075e+00 3.611111111111110716e+01 4.166666666666667140e+01 1.300000000000000000e+01
1.060000000000000000e+02 7.042833607907743598e+00 3.888888888888889284e+01 3.055555555555555358e+01 1.400000000000000000e+01
1.070000000000000000e+02 6.507413509060954837e+00 4.166666666666667140e+01 3.333333333333332860e+01 1.500000000000000000e+01
1.080000000000000000e+02 6.713344316309719950e+00 4.444444444444444287e+01 4.166666666666667140e+01 1.600000000000000000e+01
1.090000000000000000e+02 7.578253706754529695e+00 3.888888888888889284e+01 2.222222222222222143e+01 1.400000000000000000e+01
1.100000000000000000e+02 6.960461285008237908e+00 3.611111111111110716e+01 3.611111111111110716e+01 1.300000000000000000e+01
1.110000000000000000e+02 8.072487644151564723e+00 3.055555555555555358e+01 2.500000000000000000e+01 1.100000000000000000e+01
1.120000000000000000e+02 6.589785831960461415e+00 3.888888888888889284e+01 2.500000000000000000e+01 1.400000000000000000e+01
1.130000000000000000e+02 7.289950576606260668e+00 3.888888888888889284e+01 2.222222222222222143e+01 1.400000000000000000e+01
1.140000000000000000e+02 7.660626029654035385e+00 3.055555555555555358e+01 1.944444444444444642e+01 1.100000000000000000e+01
1.150000000000000000e+02 8.154859967051070413e+00 1.944444444444444642e+01 2.222222222222222143e+01 7.000000000000000000e+00
1.160000000000000000e+02 8.237232289950576103e+00 2.500000000000000000e+01 2.222222222222222143e+01 9.000000000000000000e+00
1.170000000000000000e+02 7.125205930807249288e+00 3.055555555555555358e+01 1.388888888888888928e+01 1.100000000000000000e+01
1.180000000000000000e+02 7.331136738056012625e+00 2.777777777777777857e+01 1.666666666666666430e+01 1.000000000000000000e+01
1.190000000000000000e+02 7.784184514003294808e+00 3.055555555555555358e+01 1.111111111111111072e+01 1.100000000000000000e+01
1.200000000000000000e+02 7.660626029654035385e+00 4.722222222222222854e+01 1.666666666666666430e+01 1.700000000000000000e+01
1.210000000000000000e+02 9.308072487644151849e+00 2.222222222222222143e+01 1.388888888888888928e+01 8.000000000000000000e+00
1.220000000000000000e+02 9.019769357495881934e+00 4.444444444444444287e+01 1.944444444444444642e+01 1.600000000000000000e+01
1.230000000000000000e+02 9.719934102141680299e+00 2.777777777777777857e+01 1.944444444444444642e+01 1.000000000000000000e+01
1.240000000000000000e+02 7.990115321252059033e+00 3.055555555555555358e+01 1.944444444444444642e+01 1.100000000000000000e+01
1.250000000000000000e+02 8.113673805601317568e+00 3.333333333333332860e+01 2.222222222222222143e+01 1.200000000000000000e+01
1.260000000000000000e+02 7.166392092257001245e+00 4.166666666666667140e+01 1.388888888888888928e+01 1.500000000000000000e+01
1.270000000000000000e+02 7.495881383855024005e+00 3.611111111111110716e+01 2.222222222222222143e+01 1.300000000000000000e+01
1.280000000000000000e+02 7.825370675453047653e+00 3.333333333333332860e+01 5.555555555555555358e+00 1.200000000000000000e+01
1.290000000000000000e+02 8.113673805601317568e+00 2.500000000000000000e+01 0.000000000000000000e+00 9.000000000000000000e+00
1.300000000000000000e+02 7.454695222405272048e+00 3.055555555555555358e+01 0.000000000000000000e+00 1.100000000000000000e+01
1.310000000000000000e+02 7.084019769357495555e+00 3.333333333333332860e+01 2.777777777777777679e+00 1.200000000000000000e+01
1.320000000000000000e+02 7.619439868204283428e+00 2.500000000000000000e+01 2.777777777777777679e+00 9.000000000000000000e+00
1.330000000000000000e+02 7.619439868204283428e+00 2.777777777777777857e+01 5.555555555555555358e+00 1.000000000000000000e+01
1.340000000000000000e+02 7.413509060955518315e+00 1.944444444444444642e+01 2.777777777777777679e+00 7.000000000000000000e+00
1.350000000000000000e+02 7.084019769357495555e+00 3.333333333333332860e+01 0.000000000000000000e+00 1.200000000000000000e+01
1.360000000000000000e+02 7.784184514003294808e+00 2.222222222222222143e+01 0.000000000000000000e+00 8.000000000000000000e+00
1.370000000000000000e+02 7.660626029654035385e+00 3.055555555555555358e+01 0.000000000000000000e+00 1.100000000000000000e+01
1.380000000000000000e+02 8.484349258649094949e+00 2.500000000000000000e+01 2.777777777777777679e+00 9.000000000000000000e+00
1.390000000000000000e+02 7.907742998352553343e+00 3.611111111111110716e+01 2.777777777777777679e+00 1.300000000000000000e+01
1.400000000000000000e+02 8.154859967051070413e+00 2.222222222222222143e+01 5.555555555555555358e+00 8.000000000000000000e+00
1.410000000000000000e+02 8.113673805601317568e+00 2.500000000000000000e+01 0.000000000000000000e+00 9.000000000000000000e+00
1.420000000000000000e+02 7.660626029654035385e+00 3.611111111111110716e+01 0.000000000000000000e+00 1.300000000000000000e+01
1.430000000000000000e+02 8.113673805601317568e+00 1.944444444444444642e+01 2.777777777777777679e+00 7.000000000000000000e+00
1.440000000000000000e+02 7.907742998352553343e+00 2.222222222222222143e+01 0.000000000000000000e+00 8.000000000000000000e+00
1.450000000000000000e+02 8.649093904448106329e+00 1.944444444444444642e+01 0.000000000000000000e+00 7.000000000000000000e+00
1.460000000000000000e+02 8.443163097199340328e+00 2.777777777777777857e+01 0.000000000000000000e+00 1.000000000000000000e+01
1.470000000000000000e+02 8.360790774299834638e+00 2.222222222222222143e+01 0.000000000000000000e+00 8.000000000000000000e+00
1.480000000000000000e+02 7.413509060955518315e+00 2.500000000000000000e+01 0.000000000000000000e+00 9.000000000000000000e+00
1.490000000000000000e+02 6.672158154859967105e+00 2.500000000000000000e+01 0.000000000000000000e+00 9.000000000000000000e+00
1.500000000000000000e+02 7.331136738056012625e+00 1.944444444444444642e+01 0.000000000000000000e+00 7.000000000000000000e+00
1.510000000000000000e+02 6.260296540362437767e+00 1.666666666666666430e+01 0.000000000000000000e+00 6.000000000000000000e+00
1.520000000000000000e+02 5.971993410214167852e+00 3.333333333333332860e+01 0.000000000000000000e+00 1.200000000000000000e+01
1.530000000000000000e+02 5.436573311367380867e+00 2.222222222222222143e+01 0.000000000000000000e+00 8.000000000000000000e+00
1.540000000000000000e+02 5.889621087314662162e+00 1.944444444444444642e+01 0.000000000000000000e+00 7.000000000000000000e+00
1.550000000000000000e+02 5.601317957166392247e+00 1.666666666666666430e+01 2.777777777777777679e+00 6.000000000000000000e+00
1.560000000000000000e+02 5.930807248764415007e+00 1.666666666666666430e+01 0.000000000000000000e+00 6.000000000000000000e+00
1.570000000000000000e+02 5.642504118616145092e+00 1.944444444444444642e+01 2.777777777777777679e+00 7.000000000000000000e+00
1.580000000000000000e+02 6.548599670510708570e+00 2.222222222222222143e+01 8.333333333333332149e+00 8.000000000000000000e+00
1.590000000000000000e+02 5.848434925864909317e+00 3.055555555555555358e+01 8.333333333333332149e+00 1.100000000000000000e+01
1.600000000000000000e+02 5.930807248764415007e+00 2.500000000000000000e+01 8.333333333333332149e+00 9.000000000000000000e+00
1.610000000000000000e+02 4.530477759472817390e+00 3.611111111111110716e+01 1.111111111111111072e+01 1.300000000000000000e+01
1.620000000000000000e+02 4.077429983525535206e+00 3.055555555555555358e+01 1.111111111111111072e+01 1.100000000000000000e+01
1.630000000000000000e+02 4.159802306425040896e+00 3.611111111111110716e+01 1.111111111111111072e+01 1.300000000000000000e+01
1.640000000000000000e+02 4.242174629324547475e+00 2.777777777777777857e+01 1.111111111111111072e+01 1.000000000000000000e+01
1.650000000000000000e+02 4.200988467874794630e+00 5.000000000000000000e+01 1.111111111111111072e+01 1.800000000000000000e+01
1.660000000000000000e+02 4.159802306425040896e+00 1.944444444444444642e+01 1.111111111111111072e+01 7.000000000000000000e+00
1.670000000000000000e+02 4.406919275123558855e+00 1.944444444444444642e+01 1.111111111111111072e+01 7.000000000000000000e+00
1.680000000000000000e+02 3.459637561779242088e+00 2.222222222222222143e+01 1.111111111111111072e+01 8.000000000000000000e+00
1.690000000000000000e+02 3.377265238879736398e+00 1.944444444444444642e+01 1.111111111111111072e+01 7.000000000000000000e+00
1.700000000000000000e+02 3.459637561779242088e+00 2.222222222222222143e+01 1.111111111111111072e+01 8.000000000000000000e+00
1.710000000000000000e+02 3.336079077429983553e+00 3.055555555555555358e+01 1.111111111111111072e+01 1.100000000000000000e+01
1.720000000000000000e+02 3.542009884678747778e+00 2.500000000000000000e+01 1.111111111111111072e+01 9.000000000000000000e+00
1.730000000000000000e+02 3.336079077429983553e+00 3.055555555555555358e+01 1.111111111111111072e+01 1.100000000000000000e+01
1.740000000000000000e+02 4.489291598023064545e+00 1.666666666666666430e+01 1.111111111111111072e+01 6.000000000000000000e+00
1.750000000000000000e+02 3.871499176276770537e+00 2.222222222222222143e+01 1.111111111111111072e+01 8.000000000000000000e+00
1.760000000000000000e+02 4.736408566721581614e+00 2.222222222222222143e+01 1.111111111111111072e+01 8.000000000000000000e+00
1.770000000000000000e+02 4.283360790774300320e+00 1.666666666666666430e+01 1.111111111111111072e+01 6.000000000000000000e+00
1.780000000000000000e+02 5.189456342668863797e+00 2.222222222222222143e+01 1.111111111111111072e+01 8.000000000000000000e+00
1.790000000000000000e+02 4.406919275123558855e+00 3.333333333333332860e+01 1.111111111111111072e+01 1.200000000000000000e+01
1.800000000000000000e+02 4.942339373970345839e+00 3.888888888888889284e+01 1.111111111111111072e+01 1.400000000000000000e+01
1.810000000000000000e+02 5.477759472817133712e+00 3.333333333333332860e+01 1.111111111111111072e+01 1.200000000000000000e+01
1.820000000000000000e+02 4.983525535420098684e+00 3.333333333333332860e+01 1.111111111111111072e+01 1.200000000000000000e+01
1.830000000000000000e+02 4.695222405271828769e+00 3.611111111111110716e+01 1.111111111111111072e+01 1.300000000000000000e+01
1.840000000000000000e+02 4.901153212520592994e+00 2.777777777777777857e+01 1.111111111111111072e+01 1.000000000000000000e+01
1.850000000000000000e+02 5.271828665568369487e+00 4.166666666666667140e+01 1.111111111111111072e+01 1.500000000000000000e+01
1.860000000000000000e+02 4.901153212520592994e+00 2.500000000000000000e+01 1.111111111111111072e+01 9.000000000000000000e+00
1.870000000000000000e+02 5.560131795716639402e+00 2.222222222222222143e+01 1.111111111111111072e+01 8.000000000000000000e+00
1.880000000000000000e+02 5.024711696869851529e+00 1.388888888888888928e+01 1.111111111111111072e+01 5.000000000000000000e+00
1.890000000000000000e+02 5.477759472817133712e+00 1.388888888888888928e+01 1.111111111111111072e+01 5.000000000000000000e+00
1.900000000000000000e+02 5.271828665568369487e+00 1.111111111111111072e+01 1.111111111111111072e+01 4.000000000000000000e+00
1.910000000000000000e+02 4.942339373970345839e+00 1.111111111111111072e+01 1.111111111111111072e+01 4.000000000000000000e+00
1.920000000000000000e+02 5.683690280065897937e+00 1.666666666666666430e+01 1.111111111111111072e+01 6.000000000000000000e+00
1.930000000000000000e+02 5.518945634266886557e+00 1.111111111111111072e+01 1.111111111111111072e+01 4.000000000000000000e+00
1.940000000000000000e+02 5.148270181219110064e+00 2.222222222222222143e+01 1.111111111111111072e+01 8.000000000000000000e+00
1.950000000000000000e+02 5.313014827018122332e+00 1.666666666666666430e+01 1.111111111111111072e+01 6.000000000000000000e+00
1.960000000000000000e+02 5.354200988467875177e+00 1.944444444444444642e+01 1.111111111111111072e+01 7.000000000000000000e+00
1.970000000000000000e+02 6.054365733113673542e+00 1.666666666666666430e+01 1.111111111111111072e+01 6.000000000000000000e+00
1.980000000000000000e+02 5.807248764415156472e+00 1.388888888888888928e+01 1.111111111111111072e+01 5.000000000000000000e+00
1.990000000000000000e+02 5.560131795716639402e+00 1.666666666666666430e+01 1.111111111111111072e+01 6.000000000000000000e+00
2.000000000000000000e+02 5.395387149917628022e+00 1.944444444444444642e+01 1.111111111111111072e+01 7.000000000000000000e+00
2.010000000000000000e+02 5.724876441515650782e+00 1.666666666666666430e+01 1.111111111111111072e+01 6.000000000000000000e+00
2.020000000000000000e+02 6.177924217462932077e+00 1.944444444444444642e+01 1.111111111111111072e+01 7.000000000000000000e+00
2.030000000000000000e+02 5.971993410214167852e+00 1.388888888888888928e+01 1.111111111111111072e+01 5.000000000000000000e+00
2.040000000000000000e+02 6.589785831960461415e+00 1.944444444444444642e+01 1.111111111111111072e+01 7.000000000000000000e+00
2.050000000000000000e+02 5.395387149917628022e+00 1.944444444444444642e+01 1.111111111111111072e+01 7.000000000000000000e+00
2.060000000000000000e+02 6.136738056013179232e+00 8.333333333333332149e+00 1.111111111111111072e+01 3.000000000000000000e+00
2.070000000000000000e+02 4.654036243822075924e+00 1.666666666666666430e+01 1.111111111111111072e+01 6.000000000000000000e+00
2.080000000000000000e+02 4.777594728171334459e+00 8.333333333333332149e+00 1.111111111111111072e+01 3.000000000000000000e+00
2.090000000000000000e+02 5.148270181219110064e+00 5.555555555555555358e+00 1.111111111111111072e+01 2.000000000000000000e+00
2.100000000000000000e+02 4.612850082372323079e+00 1.111111111111111072e+01 1.111111111111111072e+01 4.000000000000000000e+00
2.110000000000000000e+02 3.747940691927512002e+00 1.388888888888888928e+01 1.111111111111111072e+01 5.000000000000000000e+00
2.120000000000000000e+02 3.912685337726523827e+00 1.111111111111111072e+01 1.111111111111111072e+01 4.000000000000000000e+00
2.130000000000000000e+02 4.118616144975288051e+00 5.555555555555555358e+00 1.111111111111111072e+01 2.000000000000000000e+00
2.140000000000000000e+02 3.747940691927512002e+00 0.000000000000000000e+00 1.111111111111111072e+01 -6.000000000000000000e+03
