# step, world, group,control
0.000000000000000000e+00 2.500000000000000000e+01 2.777777777777777857e+01 3.888888888888889284e+01 1.000000000000000000e+01
1.000000000000000000e+00 2.129324546952224040e+01 3.611111111111110716e+01 2.500000000000000000e+01 1.300000000000000000e+01
2.000000000000000000e+00 2.314662273476112020e+01 2.777777777777777857e+01 2.222222222222222143e+01 1.000000000000000000e+01
3.000000000000000000e+00 1.952224052718286629e+01 3.611111111111110716e+01 2.777777777777777857e+01 1.300000000000000000e+01
4.000000000000000000e+00 2.055189456342668919e+01 2.500000000000000000e+01 2.222222222222222143e+01 9.000000000000000000e+00
5.000000000000000000e+00 1.890444810543657184e+01 5.000000000000000000e+01 2.222222222222222143e+01 1.800000000000000000e+01
6.000000000000000000e+00 1.882207578253706615e+01 3.611111111111110716e+01 2.222222222222222143e+01 1.300000000000000000e+01
7.000000000000000000e+00 1.935749588138385491e+01 2.500000000000000000e+01 1.111111111111111072e+01 9.000000000000000000e+00
8.000000000000000000e+00 1.688632619439868066e+01 4.166666666666667140e+01 8.333333333333332149e+00 1.500000000000000000e+01
9.000000000000000000e+00 1.927512355848434922e+01 1.666666666666666430e+01 2.777777777777777679e+00 6.000000000000000000e+00
1.000000000000000000e+01 1.746293245469522404e+01 1.666666666666666430e+01 0.000000000000000000e+00 6.000000000000000000e+00
1.100000000000000000e+01 1.857495881383854908e+01 1.666666666666666430e+01 0.000000000000000000e+00 6.000000000000000000e+00
1.200000000000000000e+01 1.791598023064250356e+01 2.222222222222222143e+01 0.000000000000000000e+00 8.000000000000000000e+00
1.300000000000000000e+01 1.845140032948929232e+01 2.777777777777777857e+01 0.000000000000000000e+00 1.000000000000000000e+01
1.400000000000000000e+01 1.717462932454695235e+01 2.222222222222222143e+01 0.000000000000000000e+00 8.000000000000000000e+00
1.500000000000000000e+01 1.733937397034596373e+01 1.944444444444444642e+01 2.777777777777777679e+00 7.000000000000000000e+00
1.600000000000000000e+01 1.746293245469522404e+01 2.222222222222222143e+01 2.777777777777777679e+00 8.000000000000000000e+00
1.700000000000000000e+01 1.733937397034596373e+01 3.055555555555555358e+01 5.555555555555555358e+00 1.100000000000000000e+01
1.800000000000000000e+01 1.733937397034596373e+01 2.500000000000000000e+01 5.555555555555555358e+00 9.000000000000000000e+00
1.900000000000000000e+01 1.779242174629324680e+01 3.055555555555555358e+01 5.555555555555555358e+00 1.100000000000000000e+01
2.000000000000000000e+01 1.721581548599670342e+01 2.777777777777777857e+01 5.555555555555555358e+00 1.000000000000000000e+01
2.100000000000000000e+01 1.799835255354200925e+01 2.777777777777777857e+01 8.333333333333332149e+00 1.000000000000000000e+01
2.200000000000000000e+01 1.626853377265238976e+01 3.055555555555555358e+01 1.666666666666666430e+01 1.100000000000000000e+01
2.300000000000000000e+01 1.733937397034596373e+01 3.888888888888889284e+01 2.222222222222222143e+01 1.400000000000000000e+01
2.400000000000000000e+01 1.622734761120263514e+01 2.222222222222222143e+01 1.944444444444444642e+01 8.000000000000000000e+00
2.500000000000000000e+01 1.556836902800658962e+01 4.166666666666667140e+01 1.666666666666666430e+01 1.500000000000000000e+01
2.600000000000000000e+01 1.700988467874794097e+01 3.055555555555555358e+01 2.222222222222222143e+01 1.100000000000000000e+01
2.700000000000000000e+01 1.618616144975288407e+01 2.222222222222222143e+01 2.222222222222222143e+01 8.000000000000000000e+00
2.800000000000000000e+01 1.692751235584843528e+01 2.222222222222222143e+01 2.500000000000000000e+01 8.000000000000000000e+00
2.900000000000000000e+01 1.684514003294892959e+01 2.500000000000000000e+01 1.666666666666666430e+01 9.000000000000000000e+00
3.000000000000000000e+01 1.758649093904448080e+01 3.333333333333332860e+01 2.222222222222222143e+01 1.200000000000000000e+01
3.100000000000000000e+01 1.630971993410214083e+01 1.944444444444444642e+01 2.500000000000000000e+01 7.000000000000000000e+00
3.200000000000000000e+01 1.721581548599670342e+01 3.888888888888889284e+01 1.388888888888888928e+01 1.400000000000000000e+01
3.300000000000000000e+01 1.540362438220757824e+01 1.388888888888888928e+01 1.111111111111111072e+01 5.000000000000000000e+00
3.400000000000000000e+01 1.614497528830312945e+01 1.944444444444444642e+01 2.222222222222222143e+01 7.000000000000000000e+00
3.500000000000000000e+01 1.598023064250411807e+01 1.666666666666666430e+01 1.666666666666666430e+01 6.000000000000000000e+00
3.600000000000000000e+01 1.577429983525535384e+01 2.500000000000000000e+01 8.333333333333332149e+00 9.000000000000000000e+00
3.700000000000000000e+01 1.610378912685337838e+01 1.388888888888888928e+01 8.333333333333332149e+00 5.000000000000000000e+00
3.800000000000000000e+01 1.577429983525535384e+01 1.111111111111111072e+01 2.777777777777777679e+00 4.000000000000000000e+00
3.900000000000000000e+01 1.577429983525535384e+01 1.111111111111111072e+01 5.555555555555555358e+00 4.000000000000000000e+00
4.000000000000000000e+01 1.573311367380560100e+01 1.388888888888888928e+01 1.111111111111111072e+01 5.000000000000000000e+00
4.100000000000000000e+01 1.457990115321252134e+01 1.666666666666666430e+01 0.000000000000000000e+00 6.000000000000000000e+00
4.200000000000000000e+01 1.453871499176276849e+01 2.222222222222222143e+01 0.000000000000000000e+00 8.000000000000000000e+00
4.300000000000000000e+01 1.462108731466227241e+01 1.944444444444444642e+01 0.000000000000000000e+00 7.000000000000000000e+00
4.400000000000000000e+01 1.523887973640856686e+01 1.111111111111111072e+01 0.000000000000000000e+00 4.000000000000000000e+00
4.500000000000000000e+01 1.523887973640856686e+01 1.388888888888888928e+01 0.000000000000000000e+00 5.000000000000000000e+00
4.600000000000000000e+01 1.486820428336079125e+01 1.388888888888888928e+01 0.000000000000000000e+00 5.000000000000000000e+00
4.700000000000000000e+01 1.585667215815486131e+01 5.555555555555555358e+00 0.000000000000000000e+00 2.000000000000000000e+00
4.800000000000000000e+01 1.556836902800658962e+01 1.388888888888888928e+01 0.000000000000000000e+00 5.000000000000000000e+00
4.900000000000000000e+01 1.721581548599670342e+01 1.666666666666666430e+01 2.777777777777777679e+00 6.000000000000000000e+00
5.000000000000000000e+01 1.602141680395387269e+01 1.666666666666666430e+01 5.555555555555555358e+00 6.000000000000000000e+00
5.100000000000000000e+01 1.565074135090609531e+01 2.222222222222222143e+01 5.555555555555555358e+00 8.000000000000000000e+00
5.200000000000000000e+01 1.532125205930807077e+01 2.222222222222222143e+01 5.555555555555555358e+00 8.000000000000000000e+00
5.300000000000000000e+01 1.474464579901153272e+01 3.333333333333332860e+01 8.333333333333332149e+00 1.200000000000000000e+01
5.400000000000000000e+01 1.392092257001647582e+01 3.333333333333332860e+01 1.111111111111111072e+01 1.200000000000000000e+01
5.500000000000000000e+01 1.404448105436573435e+01 1.944444444444444642e+01 1.944444444444444642e+01 7.000000000000000000e+00
5.600000000000000000e+01 1.350906095551894559e+01 1.111111111111111072e+01 1.388888888888888928e+01 4.000000000000000000e+00
5.700000000000000000e+01 1.511532125205930832e+01 1.388888888888888928e+01 1.666666666666666430e+01 5.000000000000000000e+00
5.800000000000000000e+01 1.334431630971993421e+01 2.777777777777777857e+01 1.111111111111111072e+01 1.000000000000000000e+01
5.900000000000000000e+01 1.297364085667215861e+01 1.666666666666666430e+01 1.388888888888888928e+01 6.000000000000000000e+00
6.000000000000000000e+01 1.223228995057660740e+01 3.333333333333332860e+01 1.111111111111111072e+01 1.200000000000000000e+01
6.100000000000000000e+01 1.317957166392092283e+01 5.555555555555555358e+00 8.333333333333332149e+00 2.000000000000000000e+00
6.200000000000000000e+01 1.330313014827018137e+01 5.555555555555555358e+00 1.111111111111111072e+01 2.000000000000000000e+00
6.300000000000000000e+01 1.350906095551894559e+01 5.555555555555555358e+00 1.111111111111111072e+01 2.000000000000000000e+00
6.400000000000000000e+01 1.379736408566721551e+01 5.555555555555555358e+00 1.111111111111111072e+01 2.000000000000000000e+00
6.500000000000000000e+01 1.350906095551894559e+01 8.333333333333332149e+00 1.111111111111111072e+01 3.000000000000000000e+00
6.600000000000000000e+01 1.231466227347611309e+01 1.666666666666666430e+01 1.111111111111111072e+01 6.000000000000000000e+00
6.700000000000000000e+01 1.169686985172981863e+01 8.333333333333332149e+00 1.111111111111111072e+01 3.000000000000000000e+00
6.800000000000000000e+01 1.190280065897858286e+01 1.388888888888888928e+01 1.111111111111111072e+01 5.000000000000000000e+00
6.900000000000000000e+01 1.103789126853377311e+01 1.111111111111111072e+01 1.111111111111111072e+01 4.000000000000000000e+00
7.000000000000000000e+01 1.186161449752883001e+01 8.333333333333332149e+00 1.111111111111111072e+01 3.000000000000000000e+00
7.100000000000000000e+01 1.062602965403624466e+01 2.777777777777777679e+00 1.111111111111111072e+01 1.000000000000000000e+00
7.200000000000000000e+01 1.058484349258649004e+01 2.777777777777777679e+00 1.111111111111111072e+01 1.000000000000000000e+00
7.300000000000000000e+01 1.021416803953871444e+01 0.000000000000000000e+00 1.111111111111111072e+01 -6.000000000000000000e+03
