# step, world, group,control
0.000000000000000000e+00 2.874794069192751422e+01 2.500000000000000000e+01 3.055555555555555358e+01 9.000000000000000000e+00
1.000000000000000000e+00 2.491762767710049431e+01 2.500000000000000000e+01 2.777777777777777857e+01 9.000000000000000000e+00
2.000000000000000000e+00 2.479406919275123755e+01 2.777777777777777857e+01 2.500000000000000000e+01 1.000000000000000000e+01
3.000000000000000000e+00 2.228171334431630868e+01 2.222222222222222143e+01 2.222222222222222143e+01 8.000000000000000000e+00
4.000000000000000000e+00 2.088138385502471195e+01 1.944444444444444642e+01 1.388888888888888928e+01 7.000000000000000000e+00
5.000000000000000000e+00 2.108731466227347795e+01 3.333333333333332860e+01 1.388888888888888928e+01 1.200000000000000000e+01
6.000000000000000000e+00 2.186985172981878023e+01 2.222222222222222143e+01 1.666666666666666430e+01 8.000000000000000000e+00
7.000000000000000000e+00 1.915156507413509246e+01 2.222222222222222143e+01 1.666666666666666430e+01 8.000000000000000000e+00
8.000000000000000000e+00 1.882207578253706615e+01 3.333333333333332860e+01 8.333333333333332149e+00 1.200000000000000000e+01
9.000000000000000000e+00 1.791598023064250356e+01 2.500000000000000000e+01 5.555555555555555358e+00 9.000000000000000000e+00
1.000000000000000000e+01 1.783360790774299787e+01 2.222222222222222143e+01 8.333333333333332149e+00 8.000000000000000000e+00
1.100000000000000000e+01 1.684514003294892959e+01 1.388888888888888928e+01 1.111111111111111072e+01 5.000000000000000000e+00
1.200000000000000000e+01 1.482701812191103663e+01 1.944444444444444642e+01 1.388888888888888928e+01 7.000000000000000000e+00
1.300000000000000000e+01 1.507413509060955548e+01 1.666666666666666430e+01 2.500000000000000000e+01 6.000000000000000000e+00
1.400000000000000000e+01 1.486820428336079125e+01 2.500000000000000000e+01 1.388888888888888928e+01 9.000000000000000000e+00
1.500000000000000000e+01 1.565074135090609531e+01 2.222222222222222143e+01 5.555555555555555358e+00 8.000000000000000000e+00
1.600000000000000000e+01 1.581548599670510669e+01 2.500000000000000000e+01 0.000000000000000000e+00 9.000000000000000000e+00
1.700000000000000000e+01 1.560955518945634246e+01 2.222222222222222143e+01 0.000000000000000000e+00 8.000000000000000000e+00
1.800000000000000000e+01 1.540362438220757824e+01 3.333333333333332860e+01 0.000000000000000000e+00 1.200000000000000000e+01
1.900000000000000000e+01 1.523887973640856686e+01 3.055555555555555358e+01 0.000000000000000000e+00 1.100000000000000000e+01
2.000000000000000000e+01 1.544481054365733108e+01 2.222222222222222143e+01 2.777777777777777679e+00 8.000000000000000000e+00
2.100000000000000000e+01 1.511532125205930832e+01 3.055555555555555358e+01 2.777777777777777679e+00 1.100000000000000000e+01
2.200000000000000000e+01 1.614497528830312945e+01 3.611111111111110716e+01 5.555555555555555358e+00 1.300000000000000000e+01
2.300000000000000000e+01 1.495057660626029694e+01 3.055555555555555358e+01 2.777777777777777679e+00 1.100000000000000000e+01
2.400000000000000000e+01 1.560955518945634246e+01 3.888888888888889284e+01 0.000000000000000000e+00 1.400000000000000000e+01
2.500000000000000000e+01 1.511532125205930832e+01 2.500000000000000000e+01 0.000000000000000000e+00 9.000000000000000000e+00
2.600000000000000000e+01 1.507413509060955548e+01 2.777777777777777857e+01 2.777777777777777679e+00 1.000000000000000000e+01
2.700000000000000000e+01 1.515650741350905939e+01 2.500000000000000000e+01 5.555555555555555358e+00 9.000000000000000000e+00
2.800000000000000000e+01 1.536243822075782717e+01 3.333333333333332860e+01 5.555555555555555358e+00 1.200000000000000000e+01
2.900000000000000000e+01 1.346787479406919275e+01 2.777777777777777857e+01 5.555555555555555358e+00 1.000000000000000000e+01
3.000000000000000000e+01 1.387973640856671942e+01 5.833333333333333570e+01 5.555555555555555358e+00 2.100000000000000000e+01
3.100000000000000000e+01 1.416803953871499111e+01 1.666666666666666430e+01 5.555555555555555358e+00 6.000000000000000000e+00
3.200000000000000000e+01 1.416803953871499111e+01 1.666666666666666430e+01 8.333333333333332149e+00 6.000000000000000000e+00
3.300000000000000000e+01 1.322075782537067390e+01 1.666666666666666430e+01 1.388888888888888928e+01 6.000000000000000000e+00
3.400000000000000000e+01 1.416803953871499111e+01 8.333333333333332149e+00 1.666666666666666430e+01 3.000000000000000000e+00
3.500000000000000000e+01 1.519769357495881579e+01 8.333333333333332149e+00 1.666666666666666430e+01 3.000000000000000000e+00
3.600000000000000000e+01 1.544481054365733108e+01 8.333333333333332149e+00 1.944444444444444642e+01 3.000000000000000000e+00
3.700000000000000000e+01 1.462108731466227241e+01 1.388888888888888928e+01 1.666666666666666430e+01 5.000000000000000000e+00
3.800000000000000000e+01 1.420922570016474573e+01 1.388888888888888928e+01 1.666666666666666430e+01 5.000000000000000000e+00
3.900000000000000000e+01 1.359143327841845306e+01 1.388888888888888928e+01 1.944444444444444642e+01 5.000000000000000000e+00
4.000000000000000000e+01 1.355024711696869666e+01 1.666666666666666430e+01 2.500000000000000000e+01 6.000000000000000000e+00
4.100000000000000000e+01 1.379736408566721551e+01 1.666666666666666430e+01 2.500000000000000000e+01 6.000000000000000000e+00
4.200000000000000000e+01 1.338550247116968528e+01 1.666666666666666430e+01 2.500000000000000000e+01 6.000000000000000000e+00
4.300000000000000000e+01 1.322075782537067390e+01 2.500000000000000000e+01 2.777777777777777857e+01 9.000000000000000000e+00
4.400000000000000000e+01 1.206754530477759602e+01 2.222222222222222143e+01 2.777777777777777857e+01 8.000000000000000000e+00
4.500000000000000000e+01 1.260296540362438300e+01 2.500000000000000000e+01 2.222222222222222143e+01 9.000000000000000000e+00
4.600000000000000000e+01 1.285008237232289829e+01 3.055555555555555358e+01 1.944444444444444642e+01 1.100000000000000000e+01
4.700000000000000000e+01 1.231466227347611309e+01 2.222222222222222143e+01 1.944444444444444642e+01 8.000000000000000000e+00
4.800000000000000000e+01 1.276771004942339438e+01 2.500000000000000000e+01 1.666666666666666430e+01 9.000000000000000000e+00
4.900000000000000000e+01 1.223228995057660740e+01 1.944444444444444642e+01 1.944444444444444642e+01 7.000000000000000000e+00
5.000000000000000000e+01 1.280889621087314723e+01 3.055555555555555358e+01 2.222222222222222143e+01 1.100000000000000000e+01
5.100000000000000000e+01 1.235584843492586415e+01 2.222222222222222143e+01 1.944444444444444642e+01 8.000000000000000000e+00
5.200000000000000000e+01 1.223228995057660740e+01 2.222222222222222143e+01 1.388888888888888928e+01 8.000000000000000000e+00
5.300000000000000000e+01 1.334431630971993421e+01 1.944444444444444642e+01 1.388888888888888928e+01 7.000000000000000000e+00
5.400000000000000000e+01 1.243822075782536984e+01 2.222222222222222143e+01 8.333333333333332149e+00 8.000000000000000000e+00
5.500000000000000000e+01 1.219110378912685277e+01 2.777777777777777857e+01 5.555555555555555358e+00 1.000000000000000000e+01
5.600000000000000000e+01 1.136738056013179587e+01 1.388888888888888928e+01 8.333333333333332149e+00 5.000000000000000000e+00
5.700000000000000000e+01 1.128500823723229018e+01 2.222222222222222143e+01 1.111111111111111072e+01 8.000000000000000000e+00
5.800000000000000000e+01 1.157331136738056010e+01 1.666666666666666430e+01 8.333333333333332149e+00 6.000000000000000000e+00
5.900000000000000000e+01 1.013179571663920875e+01 1.944444444444444642e+01 5.555555555555555358e+00 7.000000000000000000e+00
6.000000000000000000e+01 1.079077429983525604e+01 1.944444444444444642e+01 8.333333333333332149e+00 7.000000000000000000e+00
6.100000000000000000e+01 1.004942339373970306e+01 2.777777777777777679e+00 5.555555555555555358e+00 1.000000000000000000e+00
6.200000000000000000e+01 1.054365733113673897e+01 5.555555555555555358e+00 8.333333333333332149e+00 2.000000000000000000e+00
6.300000000000000000e+01 1.124382207578253734e+01 5.555555555555555358e+00 5.555555555555555358e+00 2.000000000000000000e+00
6.400000000000000000e+01 1.029654036243822013e+01 8.333333333333332149e+00 8.333333333333332149e+00 3.000000000000000000e+00
6.500000000000000000e+01 1.157331136738056010e+01 1.666666666666666430e+01 5.555555555555555358e+00 6.000000000000000000e+00
6.600000000000000000e+01 9.843492586490938834e+00 1.111111111111111072e+01 8.333333333333332149e+00 4.000000000000000000e+00
6.700000000000000000e+01 1.050247116968698435e+01 2.500000000000000000e+01 5.555555555555555358e+00 9.000000000000000000e+00
6.800000000000000000e+01 9.678747940691927454e+00 8.333333333333332149e+00 8.333333333333332149e+00 3.000000000000000000e+00
6.900000000000000000e+01 9.637561779242174609e+00 0.000000000000000000e+00 5.555555555555555358e+00 -6.000000000000000000e+03
