# step, world, group,control
0.000000000000000000e+00 2.343492586490938834e+01 5.000000000000000000e+01 3.055555555555555358e+01 1.800000000000000000e+01
1.000000000000000000e+00 2.075782537067545519e+01 2.777777777777777857e+01 3.055555555555555358e+01 1.000000000000000000e+01
2.000000000000000000e+00 2.154036243822075747e+01 3.333333333333332860e+01 3.611111111111110716e+01 1.200000000000000000e+01
3.000000000000000000e+00 2.038714991762767781e+01 3.611111111111110716e+01 2.777777777777777857e+01 1.300000000000000000e+01
4.000000000000000000e+00 1.902800658978583215e+01 3.055555555555555358e+01 3.055555555555555358e+01 1.100000000000000000e+01
5.000000000000000000e+00 1.906919275123558322e+01 3.333333333333332860e+01 3.611111111111110716e+01 1.200000000000000000e+01
6.000000000000000000e+00 1.725700164744645804e+01 1.944444444444444642e+01 3.055555555555555358e+01 7.000000000000000000e+00
7.000000000000000000e+00 1.643327841845140114e+01 2.777777777777777857e+01 4.166666666666667140e+01 1.000000000000000000e+01
8.000000000000000000e+00 1.630971993410214083e+01 3.611111111111110716e+01 4.166666666666667140e+01 1.300000000000000000e+01
9.000000000000000000e+00 1.437397034596375711e+01 4.444444444444444287e+01 3.888888888888889284e+01 1.600000000000000000e+01
1.000000000000000000e+01 1.355024711696869666e+01 2.777777777777777857e+01 2.777777777777777857e+01 1.000000000000000000e+01
1.100000000000000000e+01 1.260296540362438300e+01 4.166666666666667140e+01 2.500000000000000000e+01 1.500000000000000000e+01
1.200000000000000000e+01 1.272652388797363976e+01 3.055555555555555358e+01 1.944444444444444642e+01 1.100000000000000000e+01
1.300000000000000000e+01 1.247940691927512447e+01 4.444444444444444287e+01 1.388888888888888928e+01 1.600000000000000000e+01
1.400000000000000000e+01 1.280889621087314723e+01 2.500000000000000000e+01 1.666666666666666430e+01 9.000000000000000000e+00
1.500000000000000000e+01 1.194398682042833570e+01 3.611111111111110716e+01 1.666666666666666430e+01 1.300000000000000000e+01
1.600000000000000000e+01 1.317957166392092283e+01 2.777777777777777857e+01 1.666666666666666430e+01 1.000000000000000000e+01
1.700000000000000000e+01 1.334431630971993421e+01 2.222222222222222143e+01 2.500000000000000000e+01 8.000000000000000000e+00
1.800000000000000000e+01 1.350906095551894559e+01 8.333333333333332149e+00 3.055555555555555358e+01 3.000000000000000000e+00
1.900000000000000000e+01 1.379736408566721551e+01 2.777777777777777679e+00 4.444444444444444287e+01 1.000000000000000000e+00
2.000000000000000000e+01 1.346787479406919275e+01 0.000000000000000000e+00 2.500000000000000000e+01 -6.000000000000000000e+03
