# step, world, group,control
0.000000000000000000e+00 2.841845140032949146e+01 4.166666666666667140e+01 2.222222222222222143e+01 1.500000000000000000e+01
1.000000000000000000e+00 2.594728171334431721e+01 3.055555555555555358e+01 2.500000000000000000e+01 1.100000000000000000e+01
2.000000000000000000e+00 2.532948929159802276e+01 3.611111111111110716e+01 3.333333333333332860e+01 1.300000000000000000e+01
3.000000000000000000e+00 2.359967051070839972e+01 2.777777777777777857e+01 1.944444444444444642e+01 1.000000000000000000e+01
4.000000000000000000e+00 2.343492586490938834e+01 3.611111111111110716e+01 2.222222222222222143e+01 1.300000000000000000e+01
5.000000000000000000e+00 2.121087314662273471e+01 3.055555555555555358e+01 2.222222222222222143e+01 1.100000000000000000e+01
6.000000000000000000e+00 2.224052718286655761e+01 3.333333333333332860e+01 1.388888888888888928e+01 1.200000000000000000e+01
7.000000000000000000e+00 2.116968698517298009e+01 1.944444444444444642e+01 1.944444444444444642e+01 7.000000000000000000e+00
8.000000000000000000e+00 2.207578253706754623e+01 3.055555555555555358e+01 1.944444444444444642e+01 1.100000000000000000e+01
9.000000000000000000e+00 2.022240527182866643e+01 2.777777777777777857e+01 4.444444444444444287e+01 1.000000000000000000e+01
1.000000000000000000e+01 2.154036243822075747e+01 1.388888888888888928e+01 2.222222222222222143e+01 5.000000000000000000e+00
1.100000000000000000e+01 2.079901153212520626e+01 1.666666666666666430e+01 1.944444444444444642e+01 6.000000000000000000e+00
1.200000000000000000e+01 2.108731466227347795e+01 2.500000000000000000e+01 1.388888888888888928e+01 9.000000000000000000e+00
1.300000000000000000e+01 2.067545304777594595e+01 1.944444444444444642e+01 2.222222222222222143e+01 7.000000000000000000e+00
1.400000000000000000e+01 2.162273476112026316e+01 8.333333333333332149e+00 3.333333333333332860e+01 3.000000000000000000e+00
1.500000000000000000e+01 1.886326194398682077e+01 1.111111111111111072e+01 3.888888888888889284e+01 4.000000000000000000e+00
1.600000000000000000e+01 1.956342668863262091e+01 1.944444444444444642e+01 1.944444444444444642e+01 7.000000000000000000e+00
1.700000000000000000e+01 1.993410214168039474e+01 1.388888888888888928e+01 1.666666666666666430e+01 5.000000000000000000e+00
1.800000000000000000e+01 1.931630971993410384e+01 1.388888888888888928e+01 1.944444444444444642e+01 5.000000000000000000e+00
1.900000000000000000e+01 1.779242174629324680e+01 1.388888888888888928e+01 1.388888888888888928e+01 5.000000000000000000e+00
2.000000000000000000e+01 1.754530477759472973e+01 1.388888888888888928e+01 8.333333333333332149e+00 5.000000000000000000e+00
2.100000000000000000e+01 1.692751235584843528e+01 1.944444444444444642e+01 5.555555555555555358e+00 7.000000000000000000e+00
2.200000000000000000e+01 1.754530477759472973e+01 2.500000000000000000e+01 2.777777777777777679e+00 9.000000000000000000e+00
2.300000000000000000e+01 1.635090609555189545e+01 3.055555555555555358e+01 0.000000000000000000e+00 1.100000000000000000e+01
2.400000000000000000e+01 1.651565074135090683e+01 2.500000000000000000e+01 2.777777777777777679e+00 9.000000000000000000e+00
2.500000000000000000e+01 1.618616144975288407e+01 1.944444444444444642e+01 8.333333333333332149e+00 7.000000000000000000e+00
2.600000000000000000e+01 1.449752883031301387e+01 1.388888888888888928e+01 8.333333333333332149e+00 5.000000000000000000e+00
2.700000000000000000e+01 1.544481054365733108e+01 2.777777777777777857e+01 1.111111111111111072e+01 1.000000000000000000e+01
2.800000000000000000e+01 1.511532125205930832e+01 1.666666666666666430e+01 8.333333333333332149e+00 6.000000000000000000e+00
2.900000000000000000e+01 1.486820428336079125e+01 2.500000000000000000e+01 8.333333333333332149e+00 9.000000000000000000e+00
3.000000000000000000e+01 1.425041186161449858e+01 2.500000000000000000e+01 8.333333333333332149e+00 9.000000000000000000e+00
3.100000000000000000e+01 1.462108731466227241e+01 4.166666666666667140e+01 1.666666666666666430e+01 1.500000000000000000e+01
3.200000000000000000e+01 1.433278418451400249e+01 3.055555555555555358e+01 1.111111111111111072e+01 1.100000000000000000e+01
3.300000000000000000e+01 1.466227347611202525e+01 1.944444444444444642e+01 1.388888888888888928e+01 7.000000000000000000e+00
3.400000000000000000e+01 1.478583196046128556e+01 2.777777777777777857e+01 1.111111111111111072e+01 1.000000000000000000e+01
3.500000000000000000e+01 1.334431630971993421e+01 2.500000000000000000e+01 1.944444444444444642e+01 9.000000000000000000e+00
3.600000000000000000e+01 1.536243822075782717e+01 1.666666666666666430e+01 2.500000000000000000e+01 6.000000000000000000e+00
3.700000000000000000e+01 1.449752883031301387e+01 8.333333333333332149e+00 2.777777777777777857e+01 3.000000000000000000e+00
3.800000000000000000e+01 1.495057660626029694e+01 1.111111111111111072e+01 3.611111111111110716e+01 4.000000000000000000e+00
3.900000000000000000e+01 1.528006589785831970e+01 1.388888888888888928e+01 2.500000000000000000e+01 5.000000000000000000e+00
4.000000000000000000e+01 1.503294892915980263e+01 1.666666666666666430e+01 3.611111111111110716e+01 6.000000000000000000e+00
4.100000000000000000e+01 1.462108731466227241e+01 2.222222222222222143e+01 3.611111111111110716e+01 8.000000000000000000e+00
4.200000000000000000e+01 1.507413509060955548e+01 1.944444444444444642e+01 3.055555555555555358e+01 7.000000000000000000e+00
4.300000000000000000e+01 1.392092257001647582e+01 2.222222222222222143e+01 4.166666666666667140e+01 8.000000000000000000e+00
4.400000000000000000e+01 1.326194398682042852e+01 1.388888888888888928e+01 3.055555555555555358e+01 5.000000000000000000e+00
4.500000000000000000e+01 1.285008237232289829e+01 1.388888888888888928e+01 3.611111111111110716e+01 5.000000000000000000e+00
4.600000000000000000e+01 1.371499176276770804e+01 1.111111111111111072e+01 5.000000000000000000e+01 4.000000000000000000e+00
4.700000000000000000e+01 1.293245469522240576e+01 2.500000000000000000e+01 2.500000000000000000e+01 9.000000000000000000e+00
4.800000000000000000e+01 1.437397034596375711e+01 1.666666666666666430e+01 3.333333333333332860e+01 6.000000000000000000e+00
4.900000000000000000e+01 1.400329489291597973e+01 8.333333333333332149e+00 1.944444444444444642e+01 3.000000000000000000e+00
5.000000000000000000e+01 1.346787479406919275e+01 8.333333333333332149e+00 8.333333333333332149e+00 3.000000000000000000e+00
5.100000000000000000e+01 1.379736408566721551e+01 8.333333333333332149e+00 5.555555555555555358e+00 3.000000000000000000e+00
5.200000000000000000e+01 1.490939044481054410e+01 8.333333333333332149e+00 0.000000000000000000e+00 3.000000000000000000e+00
5.300000000000000000e+01 1.383855024711696835e+01 8.333333333333332149e+00 0.000000000000000000e+00 3.000000000000000000e+00
5.400000000000000000e+01 1.519769357495881579e+01 8.333333333333332149e+00 0.000000000000000000e+00 3.000000000000000000e+00
5.500000000000000000e+01 1.412685337726523827e+01 8.333333333333332149e+00 0.000000000000000000e+00 3.000000000000000000e+00
5.600000000000000000e+01 1.285008237232289829e+01 1.111111111111111072e+01 2.777777777777777679e+00 4.000000000000000000e+00
5.700000000000000000e+01 1.309719934102141714e+01 1.666666666666666430e+01 2.777777777777777679e+00 6.000000000000000000e+00
5.800000000000000000e+01 1.309719934102141714e+01 1.944444444444444642e+01 5.555555555555555358e+00 7.000000000000000000e+00
5.900000000000000000e+01 1.371499176276770804e+01 3.333333333333332860e+01 5.555555555555555358e+00 1.200000000000000000e+01
6.000000000000000000e+01 1.132619439868204303e+01 1.944444444444444642e+01 5.555555555555555358e+00 7.000000000000000000e+00
6.100000000000000000e+01 1.260296540362438300e+01 8.333333333333332149e+00 5.555555555555555358e+00 3.000000000000000000e+00
6.200000000000000000e+01 1.190280065897858286e+01 5.555555555555555358e+00 5.555555555555555358e+00 2.000000000000000000e+00
6.300000000000000000e+01 1.202635914332784139e+01 8.333333333333332149e+00 8.333333333333332149e+00 3.000000000000000000e+00
6.400000000000000000e+01 1.116144975288303165e+01 1.388888888888888928e+01 8.333333333333332149e+00 5.000000000000000000e+00
6.500000000000000000e+01 1.112026359143327880e+01 1.111111111111111072e+01 1.111111111111111072e+01 4.000000000000000000e+00
6.600000000000000000e+01 1.066721581548599573e+01 2.222222222222222143e+01 1.388888888888888928e+01 8.000000000000000000e+00
6.700000000000000000e+01 9.925864909390444524e+00 1.388888888888888928e+01 1.388888888888888928e+01 5.000000000000000000e+00
6.800000000000000000e+01 9.472817133443163229e+00 2.222222222222222143e+01 1.666666666666666430e+01 8.000000000000000000e+00
6.900000000000000000e+01 9.843492586490938834e+00 1.666666666666666430e+01 2.222222222222222143e+01 6.000000000000000000e+00
7.000000000000000000e+01 8.896210873146623399e+00 2.222222222222222143e+01 1.388888888888888928e+01 8.000000000000000000e+00
7.100000000000000000e+01 8.855024711696870554e+00 1.111111111111111072e+01 1.666666666666666430e+01 4.000000000000000000e+00
7.200000000000000000e+01 9.225700164744646159e+00 1.388888888888888928e+01 1.944444444444444642e+01 5.000000000000000000e+00
7.300000000000000000e+01 9.637561779242174609e+00 1.388888888888888928e+01 1.944444444444444642e+01 5.000000000000000000e+00
7.400000000000000000e+01 9.431630971993410384e+00 8.333333333333332149e+00 3.055555555555555358e+01 3.000000000000000000e+00
7.500000000000000000e+01 9.678747940691927454e+00 1.388888888888888928e+01 2.500000000000000000e+01 5.000000000000000000e+00
7.600000000000000000e+01 8.649093904448106329e+00 1.666666666666666430e+01 3.055555555555555358e+01 6.000000000000000000e+00
7.700000000000000000e+01 9.678747940691927454e+00 1.944444444444444642e+01 3.055555555555555358e+01 7.000000000000000000e+00
7.800000000000000000e+01 9.143327841845140469e+00 1.944444444444444642e+01 4.444444444444444287e+01 7.000000000000000000e+00
7.900000000000000000e+01 9.308072487644151849e+00 3.055555555555555358e+01 2.500000000000000000e+01 1.100000000000000000e+01
8.000000000000000000e+01 1.021416803953871444e+01 1.666666666666666430e+01 3.333333333333332860e+01 6.000000000000000000e+00
8.100000000000000000e+01 1.013179571663920875e+01 1.944444444444444642e+01 3.055555555555555358e+01 7.000000000000000000e+00
8.200000000000000000e+01 1.058484349258649004e+01 1.944444444444444642e+01 2.500000000000000000e+01 7.000000000000000000e+00
8.300000000000000000e+01 1.033772652388797297e+01 1.388888888888888928e+01 1.944444444444444642e+01 5.000000000000000000e+00
8.400000000000000000e+01 1.025535420098846728e+01 2.500000000000000000e+01 1.111111111111111072e+01 9.000000000000000000e+00
8.500000000000000000e+01 1.004942339373970306e+01 1.388888888888888928e+01 1.944444444444444642e+01 5.000000000000000000e+00
8.600000000000000000e+01 1.054365733113673897e+01 8.333333333333332149e+00 1.666666666666666430e+01 3.000000000000000000e+00
8.700000000000000000e+01 1.050247116968698435e+01 5.555555555555555358e+00 1.944444444444444642e+01 2.000000000000000000e+00
8.800000000000000000e+01 9.843492586490938834e+00 1.111111111111111072e+01 1.388888888888888928e+01 4.000000000000000000e+00
8.900000000000000000e+01 9.884678747940691679e+00 1.111111111111111072e+01 1.388888888888888928e+01 4.000000000000000000e+00
9.000000000000000000e+01 9.143327841845140469e+00 1.111111111111111072e+01 1.666666666666666430e+01 4.000000000000000000e+00
9.100000000000000000e+01 1.021416803953871444e+01 1.388888888888888928e+01 1.944444444444444642e+01 5.000000000000000000e+00
9.200000000000000000e+01 1.025535420098846728e+01 8.333333333333332149e+00 1.944444444444444642e+01 3.000000000000000000e+00
9.300000000000000000e+01 1.062602965403624466e+01 5.555555555555555358e+00 2.222222222222222143e+01 2.000000000000000000e+00
9.400000000000000000e+01 1.037891268533772759e+01 0.000000000000000000e+00 1.944444444444444642e+01 -6.000000000000000000e+03
