# step, world, group,control
0.000000000000000000e+00 2.265238879736408606e+01 4.444444444444444287e+01 3.611111111111110716e+01 1.600000000000000000e+01
1.000000000000000000e+00 2.244645799011532006e+01 2.777777777777777857e+01 2.500000000000000000e+01 1.000000000000000000e+01
2.000000000000000000e+00 2.331136738056013158e+01 4.166666666666667140e+01 1.944444444444444642e+01 1.500000000000000000e+01
3.000000000000000000e+00 2.121087314662273471e+01 3.055555555555555358e+01 5.000000000000000000e+01 1.100000000000000000e+01
4.000000000000000000e+00 2.112850082372322902e+01 1.944444444444444642e+01 3.055555555555555358e+01 7.000000000000000000e+00
5.000000000000000000e+00 2.084019769357495733e+01 3.888888888888889284e+01 1.666666666666666430e+01 1.400000000000000000e+01
6.000000000000000000e+00 1.981054365733113798e+01 3.333333333333332860e+01 2.500000000000000000e+01 1.200000000000000000e+01
7.000000000000000000e+00 2.030477759472817212e+01 3.055555555555555358e+01 1.944444444444444642e+01 1.100000000000000000e+01
8.000000000000000000e+00 1.746293245469522404e+01 3.888888888888889284e+01 1.666666666666666430e+01 1.400000000000000000e+01
9.000000000000000000e+00 1.927512355848434922e+01 1.666666666666666430e+01 8.333333333333332149e+00 6.000000000000000000e+00
1.000000000000000000e+01 1.820428336079077525e+01 1.666666666666666430e+01 5.555555555555555358e+00 6.000000000000000000e+00
1.100000000000000000e+01 1.771004942339374111e+01 2.222222222222222143e+01 2.777777777777777679e+00 8.000000000000000000e+00
1.200000000000000000e+01 1.857495881383854908e+01 2.777777777777777857e+01 0.000000000000000000e+00 1.000000000000000000e+01
1.300000000000000000e+01 1.733937397034596373e+01 2.500000000000000000e+01 2.777777777777777679e+00 9.000000000000000000e+00
1.400000000000000000e+01 1.754530477759472973e+01 3.611111111111110716e+01 2.777777777777777679e+00 1.300000000000000000e+01
1.500000000000000000e+01 1.754530477759472973e+01 3.055555555555555358e+01 0.000000000000000000e+00 1.100000000000000000e+01
1.600000000000000000e+01 1.700988467874794097e+01 1.944444444444444642e+01 0.000000000000000000e+00 7.000000000000000000e+00
1.700000000000000000e+01 1.647446457990115221e+01 1.944444444444444642e+01 0.000000000000000000e+00 7.000000000000000000e+00
1.800000000000000000e+01 1.643327841845140114e+01 1.944444444444444642e+01 0.000000000000000000e+00 7.000000000000000000e+00
1.900000000000000000e+01 1.647446457990115221e+01 1.666666666666666430e+01 0.000000000000000000e+00 6.000000000000000000e+00
2.000000000000000000e+01 1.482701812191103663e+01 8.333333333333332149e+00 0.000000000000000000e+00 3.000000000000000000e+00
2.100000000000000000e+01 1.511532125205930832e+01 0.000000000000000000e+00 0.000000000000000000e+00 -6.000000000000000000e+03
