# step, world, group,control
0.000000000000000000e+00 2.516474464579901493e+01 3.333333333333332860e+01 1.388888888888888928e+01 1.200000000000000000e+01
1.000000000000000000e+00 2.405271828665568279e+01 2.222222222222222143e+01 8.333333333333332149e+00 8.000000000000000000e+00
2.000000000000000000e+00 2.557660626029654338e+01 3.888888888888889284e+01 1.666666666666666430e+01 1.400000000000000000e+01
3.000000000000000000e+00 2.277594728171334282e+01 3.333333333333332860e+01 1.666666666666666430e+01 1.200000000000000000e+01
4.000000000000000000e+00 2.154036243822075747e+01 3.333333333333332860e+01 1.666666666666666430e+01 1.200000000000000000e+01
5.000000000000000000e+00 2.170510708401976885e+01 3.333333333333332860e+01 1.666666666666666430e+01 1.200000000000000000e+01
6.000000000000000000e+00 2.042833607907742888e+01 1.944444444444444642e+01 1.666666666666666430e+01 7.000000000000000000e+00
7.000000000000000000e+00 1.902800658978583215e+01 2.777777777777777857e+01 2.500000000000000000e+01 1.000000000000000000e+01
8.000000000000000000e+00 1.783360790774299787e+01 2.777777777777777857e+01 1.388888888888888928e+01 1.000000000000000000e+01
9.000000000000000000e+00 1.775123558484349218e+01 3.611111111111110716e+01 1.666666666666666430e+01 1.300000000000000000e+01
1.000000000000000000e+01 1.672158154859966928e+01 3.611111111111110716e+01 1.944444444444444642e+01 1.300000000000000000e+01
1.100000000000000000e+01 1.705107084019769204e+01 2.500000000000000000e+01 2.777777777777777857e+01 9.000000000000000000e+00
1.200000000000000000e+01 1.659802306425041252e+01 2.777777777777777857e+01 1.944444444444444642e+01 1.000000000000000000e+01
1.300000000000000000e+01 1.700988467874794097e+01 3.333333333333332860e+01 1.944444444444444642e+01 1.200000000000000000e+01
1.400000000000000000e+01 1.779242174629324680e+01 3.333333333333332860e+01 2.500000000000000000e+01 1.200000000000000000e+01
1.500000000000000000e+01 1.680395387149917852e+01 3.333333333333332860e+01 2.222222222222222143e+01 1.200000000000000000e+01
1.600000000000000000e+01 1.647446457990115221e+01 4.722222222222222854e+01 2.777777777777777857e+01 1.700000000000000000e+01
1.700000000000000000e+01 1.663920922570016359e+01 3.611111111111110716e+01 1.944444444444444642e+01 1.300000000000000000e+01
1.800000000000000000e+01 1.618616144975288407e+01 3.333333333333332860e+01 3.333333333333332860e+01 1.200000000000000000e+01
1.900000000000000000e+01 1.775123558484349218e+01 3.888888888888889284e+01 1.111111111111111072e+01 1.400000000000000000e+01
2.000000000000000000e+01 1.610378912685337838e+01 3.055555555555555358e+01 5.555555555555555358e+00 1.100000000000000000e+01
2.100000000000000000e+01 1.820428336079077525e+01 3.055555555555555358e+01 0.000000000000000000e+00 1.100000000000000000e+01
2.200000000000000000e+01 1.750411861614497511e+01 2.222222222222222143e+01 0.000000000000000000e+00 8.000000000000000000e+00
2.300000000000000000e+01 1.816309719934102063e+01 2.777777777777777857e+01 0.000000000000000000e+00 1.000000000000000000e+01
2.400000000000000000e+01 1.865733113673805477e+01 1.666666666666666430e+01 2.777777777777777679e+00 6.000000000000000000e+00
2.500000000000000000e+01 1.845140032948929232e+01 2.222222222222222143e+01 5.555555555555555358e+00 8.000000000000000000e+00
2.600000000000000000e+01 1.915156507413509246e+01 2.222222222222222143e+01 5.555555555555555358e+00 8.000000000000000000e+00
2.700000000000000000e+01 1.857495881383854908e+01 2.777777777777777857e+01 8.333333333333332149e+00 1.000000000000000000e+01
2.800000000000000000e+01 1.795716639209225818e+01 3.055555555555555358e+01 1.111111111111111072e+01 1.100000000000000000e+01
2.900000000000000000e+01 1.795716639209225818e+01 4.722222222222222854e+01 1.111111111111111072e+01 1.700000000000000000e+01
3.000000000000000000e+01 1.717462932454695235e+01 1.666666666666666430e+01 1.944444444444444642e+01 6.000000000000000000e+00
3.100000000000000000e+01 1.676276771004942390e+01 1.666666666666666430e+01 1.388888888888888928e+01 6.000000000000000000e+00
3.200000000000000000e+01 1.680395387149917852e+01 1.111111111111111072e+01 2.500000000000000000e+01 4.000000000000000000e+00
3.300000000000000000e+01 1.684514003294892959e+01 2.777777777777777857e+01 1.666666666666666430e+01 1.000000000000000000e+01
3.400000000000000000e+01 1.713344316309720128e+01 3.333333333333332860e+01 2.222222222222222143e+01 1.200000000000000000e+01
3.500000000000000000e+01 1.598023064250411807e+01 3.055555555555555358e+01 1.388888888888888928e+01 1.100000000000000000e+01
3.600000000000000000e+01 1.536243822075782717e+01 3.333333333333332860e+01 1.666666666666666430e+01 1.200000000000000000e+01
3.700000000000000000e+01 1.478583196046128556e+01 2.777777777777777857e+01 2.222222222222222143e+01 1.000000000000000000e+01
3.800000000000000000e+01 1.507413509060955548e+01 3.888888888888889284e+01 2.222222222222222143e+01 1.400000000000000000e+01
3.900000000000000000e+01 1.540362438220757824e+01 1.666666666666666430e+01 1.944444444444444642e+01 6.000000000000000000e+00
4.000000000000000000e+01 1.540362438220757824e+01 2.222222222222222143e+01 3.333333333333332860e+01 8.000000000000000000e+00
4.100000000000000000e+01 1.573311367380560100e+01 1.944444444444444642e+01 1.666666666666666430e+01 7.000000000000000000e+00
4.200000000000000000e+01 1.651565074135090683e+01 3.055555555555555358e+01 2.500000000000000000e+01 1.100000000000000000e+01
4.300000000000000000e+01 1.573311367380560100e+01 3.055555555555555358e+01 2.222222222222222143e+01 1.100000000000000000e+01
4.400000000000000000e+01 1.528006589785831970e+01 3.888888888888889284e+01 2.777777777777777857e+01 1.400000000000000000e+01
4.500000000000000000e+01 1.503294892915980263e+01 2.500000000000000000e+01 3.055555555555555358e+01 9.000000000000000000e+00
4.600000000000000000e+01 1.412685337726523827e+01 4.166666666666667140e+01 3.333333333333332860e+01 1.500000000000000000e+01
4.700000000000000000e+01 1.536243822075782717e+01 3.611111111111110716e+01 3.333333333333332860e+01 1.300000000000000000e+01
4.800000000000000000e+01 1.515650741350905939e+01 3.888888888888889284e+01 4.722222222222222854e+01 1.400000000000000000e+01
4.900000000000000000e+01 1.433278418451400249e+01 2.777777777777777857e+01 3.888888888888889284e+01 1.000000000000000000e+01
5.000000000000000000e+01 1.523887973640856686e+01 4.166666666666667140e+01 4.722222222222222854e+01 1.500000000000000000e+01
5.100000000000000000e+01 1.548599670510708215e+01 2.500000000000000000e+01 1.666666666666666430e+01 9.000000000000000000e+00
5.200000000000000000e+01 1.449752883031301387e+01 2.222222222222222143e+01 1.666666666666666430e+01 8.000000000000000000e+00
5.300000000000000000e+01 1.457990115321252134e+01 3.333333333333332860e+01 8.333333333333332149e+00 1.200000000000000000e+01
5.400000000000000000e+01 1.499176276771004801e+01 3.888888888888889284e+01 2.777777777777777679e+00 1.400000000000000000e+01
5.500000000000000000e+01 1.359143327841845306e+01 5.555555555555555713e+01 2.777777777777777679e+00 2.000000000000000000e+01
5.600000000000000000e+01 1.445634266886326103e+01 3.611111111111110716e+01 2.777777777777777679e+00 1.300000000000000000e+01
5.700000000000000000e+01 1.437397034596375711e+01 3.333333333333332860e+01 0.000000000000000000e+00 1.200000000000000000e+01
5.800000000000000000e+01 1.408566721581548720e+01 3.611111111111110716e+01 0.000000000000000000e+00 1.300000000000000000e+01
5.900000000000000000e+01 1.429159802306424965e+01 2.222222222222222143e+01 8.333333333333332149e+00 8.000000000000000000e+00
6.000000000000000000e+01 1.355024711696869666e+01 3.055555555555555358e+01 1.666666666666666430e+01 1.100000000000000000e+01
6.100000000000000000e+01 1.346787479406919275e+01 4.166666666666667140e+01 8.333333333333332149e+00 1.500000000000000000e+01
6.200000000000000000e+01 1.330313014827018137e+01 2.777777777777777857e+01 5.555555555555555358e+00 1.000000000000000000e+01
6.300000000000000000e+01 1.169686985172981863e+01 1.111111111111111072e+01 2.777777777777777679e+00 4.000000000000000000e+00
6.400000000000000000e+01 1.322075782537067390e+01 8.333333333333332149e+00 0.000000000000000000e+00 3.000000000000000000e+00
6.500000000000000000e+01 1.231466227347611309e+01 1.388888888888888928e+01 2.777777777777777679e+00 5.000000000000000000e+00
6.600000000000000000e+01 1.293245469522240576e+01 1.111111111111111072e+01 2.777777777777777679e+00 4.000000000000000000e+00
6.700000000000000000e+01 1.182042833607907717e+01 5.555555555555555358e+00 0.000000000000000000e+00 2.000000000000000000e+00
6.800000000000000000e+01 1.182042833607907717e+01 0.000000000000000000e+00 2.777777777777777679e+00 -6.000000000000000000e+03
