# step, world, group,control
0.000000000000000000e+00 2.837726523887973329e+01 3.333333333333332860e+01 2.222222222222222143e+01 1.200000000000000000e+01
1.000000000000000000e+00 2.701812191103789118e+01 2.222222222222222143e+01 2.500000000000000000e+01 8.000000000000000000e+00
2.000000000000000000e+00 2.780065897858319701e+01 3.055555555555555358e+01 2.222222222222222143e+01 1.100000000000000000e+01
3.000000000000000000e+00 2.532948929159802276e+01 2.222222222222222143e+01 3.055555555555555358e+01 8.000000000000000000e+00
4.000000000000000000e+00 2.409390444810543386e+01 2.777777777777777857e+01 1.388888888888888928e+01 1.000000000000000000e+01
5.000000000000000000e+00 2.479406919275123755e+01 2.500000000000000000e+01 1.666666666666666430e+01 9.000000000000000000e+00
6.000000000000000000e+00 2.343492586490938834e+01 4.166666666666667140e+01 1.111111111111111072e+01 1.500000000000000000e+01
7.000000000000000000e+00 2.182866556836902561e+01 5.555555555555555358e+00 1.111111111111111072e+01 2.000000000000000000e+00
8.000000000000000000e+00 2.166392092257001423e+01 1.666666666666666430e+01 1.388888888888888928e+01 6.000000000000000000e+00
9.000000000000000000e+00 2.022240527182866643e+01 2.222222222222222143e+01 2.222222222222222143e+01 8.000000000000000000e+00
1.000000000000000000e+01 1.968698517298187767e+01 1.944444444444444642e+01 2.777777777777777857e+01 7.000000000000000000e+00
1.100000000000000000e+01 1.787479406919275249e+01 2.500000000000000000e+01 1.666666666666666430e+01 9.000000000000000000e+00
1.200000000000000000e+01 1.680395387149917852e+01 3.611111111111110716e+01 1.111111111111111072e+01 1.300000000000000000e+01
1.300000000000000000e+01 1.610378912685337838e+01 3.888888888888889284e+01 5.555555555555555358e+00 1.400000000000000000e+01
1.400000000000000000e+01 1.503294892915980263e+01 2.777777777777777857e+01 0.000000000000000000e+00 1.000000000000000000e+01
1.500000000000000000e+01 1.457990115321252134e+01 4.166666666666667140e+01 0.000000000000000000e+00 1.500000000000000000e+01
1.600000000000000000e+01 1.375617792421746444e+01 3.611111111111110716e+01 0.000000000000000000e+00 1.300000000000000000e+01
1.700000000000000000e+01 1.350906095551894559e+01 3.055555555555555358e+01 0.000000000000000000e+00 1.100000000000000000e+01
1.800000000000000000e+01 1.317957166392092283e+01 2.500000000000000000e+01 0.000000000000000000e+00 9.000000000000000000e+00
1.900000000000000000e+01 1.317957166392092283e+01 3.611111111111110716e+01 0.000000000000000000e+00 1.300000000000000000e+01
2.000000000000000000e+01 1.392092257001647582e+01 2.777777777777777857e+01 0.000000000000000000e+00 1.000000000000000000e+01
2.100000000000000000e+01 1.383855024711696835e+01 4.722222222222222854e+01 0.000000000000000000e+00 1.700000000000000000e+01
2.200000000000000000e+01 1.466227347611202525e+01 1.944444444444444642e+01 0.000000000000000000e+00 7.000000000000000000e+00
2.300000000000000000e+01 1.486820428336079125e+01 1.944444444444444642e+01 0.000000000000000000e+00 7.000000000000000000e+00
2.400000000000000000e+01 1.400329489291597973e+01 1.666666666666666430e+01 0.000000000000000000e+00 6.000000000000000000e+00
2.500000000000000000e+01 1.548599670510708215e+01 2.500000000000000000e+01 0.000000000000000000e+00 9.000000000000000000e+00
2.600000000000000000e+01 1.247940691927512447e+01 3.055555555555555358e+01 0.000000000000000000e+00 1.100000000000000000e+01
2.700000000000000000e+01 1.429159802306424965e+01 1.944444444444444642e+01 0.000000000000000000e+00 7.000000000000000000e+00
2.800000000000000000e+01 1.416803953871499111e+01 3.611111111111110716e+01 0.000000000000000000e+00 1.300000000000000000e+01
2.900000000000000000e+01 1.453871499176276849e+01 1.388888888888888928e+01 0.000000000000000000e+00 5.000000000000000000e+00
3.000000000000000000e+01 1.495057660626029694e+01 1.666666666666666430e+01 0.000000000000000000e+00 6.000000000000000000e+00
3.100000000000000000e+01 1.326194398682042852e+01 2.222222222222222143e+01 0.000000000000000000e+00 8.000000000000000000e+00
3.200000000000000000e+01 1.330313014827018137e+01 1.944444444444444642e+01 0.000000000000000000e+00 7.000000000000000000e+00
3.300000000000000000e+01 1.107907742998352418e+01 1.944444444444444642e+01 0.000000000000000000e+00 7.000000000000000000e+00
3.400000000000000000e+01 1.099670510708401849e+01 1.388888888888888928e+01 0.000000000000000000e+00 5.000000000000000000e+00
3.500000000000000000e+01 1.042009884678747866e+01 2.777777777777777679e+00 0.000000000000000000e+00 1.000000000000000000e+00
3.600000000000000000e+01 1.046128500823723328e+01 0.000000000000000000e+00 0.000000000000000000e+00 -6.000000000000000000e+03
