# step, world, group,control
0.000000000000000000e+00 2.710049423393739332e+01 2.222222222222222143e+01 3.888888888888889284e+01 8.000000000000000000e+00
1.000000000000000000e+00 2.355848434925864865e+01 2.222222222222222143e+01 3.055555555555555358e+01 8.000000000000000000e+00
2.000000000000000000e+00 2.318780889621087482e+01 3.055555555555555358e+01 3.333333333333332860e+01 1.100000000000000000e+01
3.000000000000000000e+00 2.446457990115321479e+01 1.666666666666666430e+01 4.722222222222222854e+01 6.000000000000000000e+00
4.000000000000000000e+00 2.306425041186161451e+01 1.388888888888888928e+01 3.611111111111110716e+01 5.000000000000000000e+00
5.000000000000000000e+00 2.380560131795716572e+01 1.388888888888888928e+01 3.888888888888889284e+01 5.000000000000000000e+00
6.000000000000000000e+00 2.162273476112026316e+01 1.944444444444444642e+01 2.222222222222222143e+01 7.000000000000000000e+00
7.000000000000000000e+00 1.997528830313014936e+01 2.777777777777777857e+01 3.611111111111110716e+01 1.000000000000000000e+01
8.000000000000000000e+00 1.828665568369028094e+01 1.666666666666666430e+01 3.333333333333332860e+01 6.000000000000000000e+00
9.000000000000000000e+00 1.795716639209225818e+01 1.666666666666666430e+01 4.166666666666667140e+01 6.000000000000000000e+00
1.000000000000000000e+01 1.935749588138385491e+01 1.388888888888888928e+01 2.222222222222222143e+01 5.000000000000000000e+00
1.100000000000000000e+01 1.754530477759472973e+01 1.388888888888888928e+01 2.222222222222222143e+01 5.000000000000000000e+00
1.200000000000000000e+01 1.593904448105436522e+01 1.666666666666666430e+01 1.111111111111111072e+01 6.000000000000000000e+00
1.300000000000000000e+01 1.639209225700164652e+01 3.055555555555555358e+01 1.666666666666666430e+01 1.100000000000000000e+01
1.400000000000000000e+01 1.503294892915980263e+01 3.611111111111110716e+01 1.111111111111111072e+01 1.300000000000000000e+01
1.500000000000000000e+01 1.445634266886326103e+01 2.777777777777777857e+01 1.111111111111111072e+01 1.000000000000000000e+01
1.600000000000000000e+01 1.301482701812190967e+01 3.888888888888889284e+01 8.333333333333332149e+00 1.400000000000000000e+01
1.700000000000000000e+01 1.346787479406919275e+01 3.611111111111110716e+01 1.111111111111111072e+01 1.300000000000000000e+01
1.800000000000000000e+01 1.371499176276770804e+01 2.500000000000000000e+01 1.111111111111111072e+01 9.000000000000000000e+00
1.900000000000000000e+01 1.317957166392092283e+01 2.777777777777777857e+01 1.111111111111111072e+01 1.000000000000000000e+01
2.000000000000000000e+01 1.149093904448105441e+01 4.444444444444444287e+01 1.111111111111111072e+01 1.600000000000000000e+01
2.100000000000000000e+01 1.144975288303130156e+01 1.388888888888888928e+01 1.111111111111111072e+01 5.000000000000000000e+00
2.200000000000000000e+01 1.091433278418451280e+01 1.666666666666666430e+01 1.111111111111111072e+01 6.000000000000000000e+00
2.300000000000000000e+01 1.074958813838550142e+01 2.500000000000000000e+01 1.111111111111111072e+01 9.000000000000000000e+00
2.400000000000000000e+01 1.079077429983525604e+01 1.666666666666666430e+01 1.111111111111111072e+01 6.000000000000000000e+00
2.500000000000000000e+01 1.112026359143327880e+01 3.055555555555555358e+01 1.111111111111111072e+01 1.100000000000000000e+01
2.600000000000000000e+01 1.091433278418451280e+01 2.500000000000000000e+01 1.111111111111111072e+01 9.000000000000000000e+00
2.700000000000000000e+01 1.013179571663920875e+01 3.055555555555555358e+01 1.111111111111111072e+01 1.100000000000000000e+01
2.800000000000000000e+01 9.555189456342668919e+00 4.444444444444444287e+01 1.111111111111111072e+01 1.600000000000000000e+01
2.900000000000000000e+01 9.802306425041185989e+00 2.777777777777777857e+01 1.111111111111111072e+01 1.000000000000000000e+01
3.000000000000000000e+01 9.761120263591433144e+00 2.777777777777777857e+01 1.111111111111111072e+01 1.000000000000000000e+01
3.100000000000000000e+01 1.033772652388797297e+01 1.944444444444444642e+01 1.111111111111111072e+01 7.000000000000000000e+00
3.200000000000000000e+01 1.050247116968698435e+01 2.222222222222222143e+01 1.111111111111111072e+01 8.000000000000000000e+00
3.300000000000000000e+01 1.021416803953871444e+01 2.222222222222222143e+01 1.111111111111111072e+01 8.000000000000000000e+00
3.400000000000000000e+01 1.066721581548599573e+01 2.500000000000000000e+01 1.111111111111111072e+01 9.000000000000000000e+00
3.500000000000000000e+01 1.087314662273476173e+01 3.333333333333332860e+01 1.111111111111111072e+01 1.200000000000000000e+01
3.600000000000000000e+01 1.058484349258649004e+01 2.500000000000000000e+01 1.111111111111111072e+01 9.000000000000000000e+00
3.700000000000000000e+01 1.037891268533772759e+01 3.888888888888889284e+01 1.111111111111111072e+01 1.400000000000000000e+01
3.800000000000000000e+01 9.925864909390444524e+00 2.777777777777777857e+01 1.111111111111111072e+01 1.000000000000000000e+01
3.900000000000000000e+01 9.472817133443163229e+00 3.888888888888889284e+01 1.111111111111111072e+01 1.400000000000000000e+01
4.000000000000000000e+01 9.102141680395387624e+00 3.333333333333332860e+01 1.111111111111111072e+01 1.200000000000000000e+01
4.100000000000000000e+01 9.802306425041185989e+00 3.333333333333332860e+01 1.111111111111111072e+01 1.200000000000000000e+01
4.200000000000000000e+01 8.566721581548600639e+00 3.888888888888889284e+01 1.111111111111111072e+01 1.400000000000000000e+01
4.300000000000000000e+01 8.855024711696870554e+00 4.444444444444444287e+01 1.111111111111111072e+01 1.600000000000000000e+01
4.400000000000000000e+01 8.278418451400328948e+00 3.055555555555555358e+01 1.111111111111111072e+01 1.100000000000000000e+01
4.500000000000000000e+01 7.907742998352553343e+00 3.055555555555555358e+01 1.111111111111111072e+01 1.100000000000000000e+01
4.600000000000000000e+01 8.401976935749589259e+00 3.611111111111110716e+01 1.111111111111111072e+01 1.300000000000000000e+01
4.700000000000000000e+01 8.731466227347612019e+00 2.500000000000000000e+01 1.111111111111111072e+01 9.000000000000000000e+00
4.800000000000000000e+01 9.349258649093904694e+00 2.777777777777777857e+01 1.111111111111111072e+01 1.000000000000000000e+01
4.900000000000000000e+01 9.225700164744646159e+00 3.333333333333332860e+01 1.111111111111111072e+01 1.200000000000000000e+01
5.000000000000000000e+01 9.761120263591433144e+00 3.611111111111110716e+01 1.111111111111111072e+01 1.300000000000000000e+01
5.100000000000000000e+01 1.033772652388797297e+01 4.444444444444444287e+01 1.111111111111111072e+01 1.600000000000000000e+01
5.200000000000000000e+01 1.132619439868204303e+01 2.222222222222222143e+01 1.111111111111111072e+01 8.000000000000000000e+00
5.300000000000000000e+01 1.144975288303130156e+01 2.777777777777777857e+01 1.111111111111111072e+01 1.000000000000000000e+01
5.400000000000000000e+01 1.177924217462932432e+01 2.500000000000000000e+01 1.111111111111111072e+01 9.000000000000000000e+00
5.500000000000000000e+01 1.223228995057660740e+01 1.944444444444444642e+01 1.111111111111111072e+01 7.000000000000000000e+00
5.600000000000000000e+01 1.219110378912685277e+01 2.777777777777777857e+01 1.111111111111111072e+01 1.000000000000000000e+01
5.700000000000000000e+01 1.165568369028006579e+01 3.888888888888889284e+01 1.111111111111111072e+01 1.400000000000000000e+01
5.800000000000000000e+01 1.231466227347611309e+01 1.666666666666666430e+01 1.111111111111111072e+01 6.000000000000000000e+00
5.900000000000000000e+01 1.173805601317957148e+01 1.388888888888888928e+01 1.111111111111111072e+01 5.000000000000000000e+00
6.000000000000000000e+01 1.194398682042833570e+01 2.500000000000000000e+01 1.111111111111111072e+01 9.000000000000000000e+00
6.100000000000000000e+01 1.223228995057660740e+01 8.333333333333332149e+00 1.111111111111111072e+01 3.000000000000000000e+00
6.200000000000000000e+01 1.256177924217462838e+01 2.777777777777777679e+00 1.111111111111111072e+01 1.000000000000000000e+00
6.300000000000000000e+01 1.235584843492586415e+01 0.000000000000000000e+00 1.111111111111111072e+01 -6.000000000000000000e+03
