# step, world, group,control
0.000000000000000000e+00 2.524711696869851707e+01 3.888888888888889284e+01 2.777777777777777857e+01 1.400000000000000000e+01
1.000000000000000000e+00 2.294069192751235420e+01 3.888888888888889284e+01 3.611111111111110716e+01 1.400000000000000000e+01
2.000000000000000000e+00 2.252883031301482930e+01 3.888888888888889284e+01 4.166666666666667140e+01 1.400000000000000000e+01
3.000000000000000000e+00 2.574135090609555121e+01 3.055555555555555358e+01 3.888888888888889284e+01 1.100000000000000000e+01
4.000000000000000000e+00 2.236408566721581792e+01 2.222222222222222143e+01 3.888888888888889284e+01 8.000000000000000000e+00
5.000000000000000000e+00 2.351729818780889758e+01 4.166666666666667140e+01 3.055555555555555358e+01 1.500000000000000000e+01
6.000000000000000000e+00 2.141680395387150071e+01 1.111111111111111072e+01 2.222222222222222143e+01 4.000000000000000000e+00
7.000000000000000000e+00 2.380560131795716572e+01 2.500000000000000000e+01 1.944444444444444642e+01 9.000000000000000000e+00
8.000000000000000000e+00 1.919275123558484353e+01 5.833333333333333570e+01 2.222222222222222143e+01 2.100000000000000000e+01
9.000000000000000000e+00 1.898682042833607753e+01 3.888888888888889284e+01 1.666666666666666430e+01 1.400000000000000000e+01
1.000000000000000000e+01 1.902800658978583215e+01 2.222222222222222143e+01 1.388888888888888928e+01 8.000000000000000000e+00
1.100000000000000000e+01 1.795716639209225818e+01 2.222222222222222143e+01 1.111111111111111072e+01 8.000000000000000000e+00
1.200000000000000000e+01 1.911037891268533784e+01 2.222222222222222143e+01 1.666666666666666430e+01 8.000000000000000000e+00
1.300000000000000000e+01 1.894563426688632646e+01 1.944444444444444642e+01 1.666666666666666430e+01 7.000000000000000000e+00
1.400000000000000000e+01 1.832784184514003201e+01 2.777777777777777857e+01 1.944444444444444642e+01 1.000000000000000000e+01
1.500000000000000000e+01 1.771004942339374111e+01 1.388888888888888928e+01 3.333333333333332860e+01 5.000000000000000000e+00
1.600000000000000000e+01 1.602141680395387269e+01 8.333333333333332149e+00 3.055555555555555358e+01 3.000000000000000000e+00
1.700000000000000000e+01 1.602141680395387269e+01 1.111111111111111072e+01 3.055555555555555358e+01 4.000000000000000000e+00
1.800000000000000000e+01 1.618616144975288407e+01 1.388888888888888928e+01 3.333333333333332860e+01 5.000000000000000000e+00
1.900000000000000000e+01 1.449752883031301387e+01 1.388888888888888928e+01 3.333333333333332860e+01 5.000000000000000000e+00
2.000000000000000000e+01 1.585667215815486131e+01 1.666666666666666430e+01 2.222222222222222143e+01 6.000000000000000000e+00
2.100000000000000000e+01 1.392092257001647582e+01 1.388888888888888928e+01 3.055555555555555358e+01 5.000000000000000000e+00
2.200000000000000000e+01 1.503294892915980263e+01 1.666666666666666430e+01 1.666666666666666430e+01 6.000000000000000000e+00
2.300000000000000000e+01 1.420922570016474573e+01 1.944444444444444642e+01 1.111111111111111072e+01 7.000000000000000000e+00
2.400000000000000000e+01 1.560955518945634246e+01 1.944444444444444642e+01 8.333333333333332149e+00 7.000000000000000000e+00
2.500000000000000000e+01 1.474464579901153272e+01 1.944444444444444642e+01 8.333333333333332149e+00 7.000000000000000000e+00
2.600000000000000000e+01 1.528006589785831970e+01 1.388888888888888928e+01 8.333333333333332149e+00 5.000000000000000000e+00
2.700000000000000000e+01 1.367380560131795697e+01 2.222222222222222143e+01 5.555555555555555358e+00 8.000000000000000000e+00
2.800000000000000000e+01 1.408566721581548720e+01 3.333333333333332860e+01 0.000000000000000000e+00 1.200000000000000000e+01
2.900000000000000000e+01 1.495057660626029694e+01 1.944444444444444642e+01 0.000000000000000000e+00 7.000000000000000000e+00
3.000000000000000000e+01 1.511532125205930832e+01 1.666666666666666430e+01 0.000000000000000000e+00 6.000000000000000000e+00
3.100000000000000000e+01 1.466227347611202525e+01 5.555555555555555358e+00 0.000000000000000000e+00 2.000000000000000000e+00
3.200000000000000000e+01 1.515650741350905939e+01 1.111111111111111072e+01 0.000000000000000000e+00 4.000000000000000000e+00
3.300000000000000000e+01 1.532125205930807077e+01 1.388888888888888928e+01 0.000000000000000000e+00 5.000000000000000000e+00
3.400000000000000000e+01 1.560955518945634246e+01 1.666666666666666430e+01 0.000000000000000000e+00 6.000000000000000000e+00
3.500000000000000000e+01 1.626853377265238976e+01 1.666666666666666430e+01 0.000000000000000000e+00 6.000000000000000000e+00
3.600000000000000000e+01 1.585667215815486131e+01 1.111111111111111072e+01 0.000000000000000000e+00 4.000000000000000000e+00
3.700000000000000000e+01 1.519769357495881579e+01 1.944444444444444642e+01 0.000000000000000000e+00 7.000000000000000000e+00
3.800000000000000000e+01 1.482701812191103663e+01 1.111111111111111072e+01 0.000000000000000000e+00 4.000000000000000000e+00
3.900000000000000000e+01 1.445634266886326103e+01 5.555555555555555358e+00 0.000000000000000000e+00 2.000000000000000000e+00
4.000000000000000000e+01 1.457990115321252134e+01 1.111111111111111072e+01 0.000000000000000000e+00 4.000000000000000000e+00
4.100000000000000000e+01 1.383855024711696835e+01 2.222222222222222143e+01 0.000000000000000000e+00 8.000000000000000000e+00
4.200000000000000000e+01 1.338550247116968528e+01 1.388888888888888928e+01 0.000000000000000000e+00 5.000000000000000000e+00
4.300000000000000000e+01 1.478583196046128556e+01 5.555555555555555358e+00 0.000000000000000000e+00 2.000000000000000000e+00
4.400000000000000000e+01 1.569192751235584993e+01 5.555555555555555358e+00 0.000000000000000000e+00 2.000000000000000000e+00
4.500000000000000000e+01 1.445634266886326103e+01 5.555555555555555358e+00 0.000000000000000000e+00 2.000000000000000000e+00
4.600000000000000000e+01 1.528006589785831970e+01 8.333333333333332149e+00 0.000000000000000000e+00 3.000000000000000000e+00
4.700000000000000000e+01 1.552718286655683855e+01 1.111111111111111072e+01 0.000000000000000000e+00 4.000000000000000000e+00
4.800000000000000000e+01 1.367380560131795697e+01 1.666666666666666430e+01 2.777777777777777679e+00 6.000000000000000000e+00
4.900000000000000000e+01 1.317957166392092283e+01 1.388888888888888928e+01 5.555555555555555358e+00 5.000000000000000000e+00
5.000000000000000000e+01 1.317957166392092283e+01 2.777777777777777679e+00 8.333333333333332149e+00 1.000000000000000000e+00
5.100000000000000000e+01 1.346787479406919275e+01 5.555555555555555358e+00 1.388888888888888928e+01 2.000000000000000000e+00
5.200000000000000000e+01 1.264415156507413585e+01 5.555555555555555358e+00 5.555555555555555358e+00 2.000000000000000000e+00
5.300000000000000000e+01 1.227347611202635846e+01 5.555555555555555358e+00 8.333333333333332149e+00 2.000000000000000000e+00
5.400000000000000000e+01 1.264415156507413585e+01 5.555555555555555358e+00 1.111111111111111072e+01 2.000000000000000000e+00
5.500000000000000000e+01 1.326194398682042852e+01 5.555555555555555358e+00 8.333333333333332149e+00 2.000000000000000000e+00
5.600000000000000000e+01 1.309719934102141714e+01 5.555555555555555358e+00 8.333333333333332149e+00 2.000000000000000000e+00
5.700000000000000000e+01 1.313838550247116999e+01 5.555555555555555358e+00 1.111111111111111072e+01 2.000000000000000000e+00
5.800000000000000000e+01 1.408566721581548720e+01 5.555555555555555358e+00 5.555555555555555358e+00 2.000000000000000000e+00
5.900000000000000000e+01 1.322075782537067390e+01 5.555555555555555358e+00 8.333333333333332149e+00 2.000000000000000000e+00
6.000000000000000000e+01 1.350906095551894559e+01 8.333333333333332149e+00 1.388888888888888928e+01 3.000000000000000000e+00
6.100000000000000000e+01 1.350906095551894559e+01 8.333333333333332149e+00 8.333333333333332149e+00 3.000000000000000000e+00
6.200000000000000000e+01 1.355024711696869666e+01 5.555555555555555358e+00 1.388888888888888928e+01 2.000000000000000000e+00
6.300000000000000000e+01 1.367380560131795697e+01 0.000000000000000000e+00 1.666666666666666430e+01 -6.000000000000000000e+03
