# step, world, group,control
0.000000000000000000e+00 2.738879736408566501e+01 3.888888888888889284e+01 1.111111111111111072e+01 1.400000000000000000e+01
1.000000000000000000e+00 2.483525535420098862e+01 4.166666666666667140e+01 8.333333333333332149e+00 1.500000000000000000e+01
2.000000000000000000e+00 2.549423393739703769e+01 4.444444444444444287e+01 1.388888888888888928e+01 1.600000000000000000e+01
3.000000000000000000e+00 2.471169686985172831e+01 4.166666666666667140e+01 8.333333333333332149e+00 1.500000000000000000e+01
4.000000000000000000e+00 2.273476112026359175e+01 3.055555555555555358e+01 2.777777777777777679e+00 1.100000000000000000e+01
5.000000000000000000e+00 2.211696869851729730e+01 2.777777777777777857e+01 2.777777777777777679e+00 1.000000000000000000e+01
6.000000000000000000e+00 2.112850082372322902e+01 4.444444444444444287e+01 0.000000000000000000e+00 1.600000000000000000e+01
7.000000000000000000e+00 2.170510708401976885e+01 4.444444444444444287e+01 2.777777777777777679e+00 1.600000000000000000e+01
8.000000000000000000e+00 2.075782537067545519e+01 4.166666666666667140e+01 2.777777777777777679e+00 1.500000000000000000e+01
9.000000000000000000e+00 2.257001647446458037e+01 3.333333333333332860e+01 2.777777777777777679e+00 1.200000000000000000e+01
1.000000000000000000e+01 2.096375617792421764e+01 5.277777777777777857e+01 2.777777777777777679e+00 1.900000000000000000e+01
1.100000000000000000e+01 2.030477759472817212e+01 3.333333333333332860e+01 5.555555555555555358e+00 1.200000000000000000e+01
1.200000000000000000e+01 1.845140032948929232e+01 3.888888888888889284e+01 5.555555555555555358e+00 1.400000000000000000e+01
1.300000000000000000e+01 1.738056013179571480e+01 3.333333333333332860e+01 8.333333333333332149e+00 1.200000000000000000e+01
1.400000000000000000e+01 1.548599670510708215e+01 4.722222222222222854e+01 5.555555555555555358e+00 1.700000000000000000e+01
1.500000000000000000e+01 1.548599670510708215e+01 2.222222222222222143e+01 5.555555555555555358e+00 8.000000000000000000e+00
1.600000000000000000e+01 1.445634266886326103e+01 1.111111111111111072e+01 2.777777777777777679e+00 4.000000000000000000e+00
1.700000000000000000e+01 1.482701812191103663e+01 1.111111111111111072e+01 2.777777777777777679e+00 4.000000000000000000e+00
1.800000000000000000e+01 1.425041186161449858e+01 1.666666666666666430e+01 2.777777777777777679e+00 6.000000000000000000e+00
1.900000000000000000e+01 1.569192751235584993e+01 1.666666666666666430e+01 2.777777777777777679e+00 6.000000000000000000e+00
2.000000000000000000e+01 1.408566721581548720e+01 1.666666666666666430e+01 5.555555555555555358e+00 6.000000000000000000e+00
2.100000000000000000e+01 1.383855024711696835e+01 2.777777777777777857e+01 2.777777777777777679e+00 1.000000000000000000e+01
2.200000000000000000e+01 1.326194398682042852e+01 1.944444444444444642e+01 2.777777777777777679e+00 7.000000000000000000e+00
2.300000000000000000e+01 1.449752883031301387e+01 2.500000000000000000e+01 5.555555555555555358e+00 9.000000000000000000e+00
2.400000000000000000e+01 1.317957166392092283e+01 1.944444444444444642e+01 5.555555555555555358e+00 7.000000000000000000e+00
2.500000000000000000e+01 1.408566721581548720e+01 2.777777777777777857e+01 8.333333333333332149e+00 1.000000000000000000e+01
2.600000000000000000e+01 1.317957166392092283e+01 2.777777777777777857e+01 8.333333333333332149e+00 1.000000000000000000e+01
2.700000000000000000e+01 1.235584843492586415e+01 3.611111111111110716e+01 1.111111111111111072e+01 1.300000000000000000e+01
2.800000000000000000e+01 1.297364085667215861e+01 4.166666666666667140e+01 1.111111111111111072e+01 1.500000000000000000e+01
2.900000000000000000e+01 1.247940691927512447e+01 4.444444444444444287e+01 1.388888888888888928e+01 1.600000000000000000e+01
3.000000000000000000e+01 1.223228995057660740e+01 3.611111111111110716e+01 1.666666666666666430e+01 1.300000000000000000e+01
3.100000000000000000e+01 1.062602965403624466e+01 4.722222222222222854e+01 1.111111111111111072e+01 1.700000000000000000e+01
3.200000000000000000e+01 1.173805601317957148e+01 3.055555555555555358e+01 1.388888888888888928e+01 1.100000000000000000e+01
3.300000000000000000e+01 1.050247116968698435e+01 3.055555555555555358e+01 1.944444444444444642e+01 1.100000000000000000e+01
3.400000000000000000e+01 9.719934102141680299e+00 3.333333333333332860e+01 1.388888888888888928e+01 1.200000000000000000e+01
3.500000000000000000e+01 9.925864909390444524e+00 4.444444444444444287e+01 1.666666666666666430e+01 1.600000000000000000e+01
3.600000000000000000e+01 1.021416803953871444e+01 3.055555555555555358e+01 2.777777777777777857e+01 1.100000000000000000e+01
3.700000000000000000e+01 1.091433278418451280e+01 3.333333333333332860e+01 3.055555555555555358e+01 1.200000000000000000e+01
3.800000000000000000e+01 1.066721581548599573e+01 3.611111111111110716e+01 3.333333333333332860e+01 1.300000000000000000e+01
3.900000000000000000e+01 1.182042833607907717e+01 1.388888888888888928e+01 2.500000000000000000e+01 5.000000000000000000e+00
4.000000000000000000e+01 1.103789126853377311e+01 2.777777777777777857e+01 3.888888888888889284e+01 1.000000000000000000e+01
4.100000000000000000e+01 1.099670510708401849e+01 2.222222222222222143e+01 3.888888888888889284e+01 8.000000000000000000e+00
4.200000000000000000e+01 1.058484349258649004e+01 4.444444444444444287e+01 3.611111111111110716e+01 1.600000000000000000e+01
4.300000000000000000e+01 1.132619439868204303e+01 2.777777777777777857e+01 4.166666666666667140e+01 1.000000000000000000e+01
4.400000000000000000e+01 1.140856672158154872e+01 1.111111111111111072e+01 3.888888888888889284e+01 4.000000000000000000e+00
4.500000000000000000e+01 1.173805601317957148e+01 1.388888888888888928e+01 3.888888888888889284e+01 5.000000000000000000e+00
4.600000000000000000e+01 1.227347611202635846e+01 1.666666666666666430e+01 3.611111111111110716e+01 6.000000000000000000e+00
4.700000000000000000e+01 8.937397034596376244e+00 2.222222222222222143e+01 3.611111111111110716e+01 8.000000000000000000e+00
4.800000000000000000e+01 8.443163097199340328e+00 1.944444444444444642e+01 5.000000000000000000e+01 7.000000000000000000e+00
4.900000000000000000e+01 7.784184514003294808e+00 2.500000000000000000e+01 3.333333333333332860e+01 9.000000000000000000e+00
5.000000000000000000e+01 7.578253706754529695e+00 1.111111111111111072e+01 2.777777777777777857e+01 4.000000000000000000e+00
5.100000000000000000e+01 7.948929159802306188e+00 1.388888888888888928e+01 3.055555555555555358e+01 5.000000000000000000e+00
5.200000000000000000e+01 6.919275123558484175e+00 1.388888888888888928e+01 3.611111111111110716e+01 5.000000000000000000e+00
5.300000000000000000e+01 7.289950576606260668e+00 1.666666666666666430e+01 2.500000000000000000e+01 6.000000000000000000e+00
5.400000000000000000e+01 6.548599670510708570e+00 1.944444444444444642e+01 2.777777777777777857e+01 7.000000000000000000e+00
5.500000000000000000e+01 7.289950576606260668e+00 1.388888888888888928e+01 3.055555555555555358e+01 5.000000000000000000e+00
5.600000000000000000e+01 7.042833607907743598e+00 2.500000000000000000e+01 3.055555555555555358e+01 9.000000000000000000e+00
5.700000000000000000e+01 6.878088962108732218e+00 2.777777777777777857e+01 5.555555555555555713e+01 1.000000000000000000e+01
5.800000000000000000e+01 7.495881383855024005e+00 2.222222222222222143e+01 2.500000000000000000e+01 8.000000000000000000e+00
5.900000000000000000e+01 8.196046128500823258e+00 1.388888888888888928e+01 1.111111111111111072e+01 5.000000000000000000e+00
6.000000000000000000e+01 7.619439868204283428e+00 1.388888888888888928e+01 8.333333333333332149e+00 5.000000000000000000e+00
6.100000000000000000e+01 8.855024711696870554e+00 1.666666666666666430e+01 8.333333333333332149e+00 6.000000000000000000e+00
6.200000000000000000e+01 8.319604612850081793e+00 3.611111111111110716e+01 1.111111111111111072e+01 1.300000000000000000e+01
6.300000000000000000e+01 9.390444810543657539e+00 1.944444444444444642e+01 1.111111111111111072e+01 7.000000000000000000e+00
6.400000000000000000e+01 9.555189456342668919e+00 2.777777777777777857e+01 1.666666666666666430e+01 1.000000000000000000e+01
6.500000000000000000e+01 9.308072487644151849e+00 5.000000000000000000e+01 1.944444444444444642e+01 1.800000000000000000e+01
6.600000000000000000e+01 9.266886326194399004e+00 2.500000000000000000e+01 2.222222222222222143e+01 9.000000000000000000e+00
6.700000000000000000e+01 8.731466227347612019e+00 2.500000000000000000e+01 1.944444444444444642e+01 9.000000000000000000e+00
6.800000000000000000e+01 8.813838550247117709e+00 1.944444444444444642e+01 1.111111111111111072e+01 7.000000000000000000e+00
6.900000000000000000e+01 8.978583196046129089e+00 1.111111111111111072e+01 1.388888888888888928e+01 4.000000000000000000e+00
7.000000000000000000e+01 8.978583196046129089e+00 1.666666666666666430e+01 1.111111111111111072e+01 6.000000000000000000e+00
7.100000000000000000e+01 8.772652388797364864e+00 1.388888888888888928e+01 1.944444444444444642e+01 5.000000000000000000e+00
7.200000000000000000e+01 7.948929159802306188e+00 8.333333333333332149e+00 1.111111111111111072e+01 3.000000000000000000e+00
7.300000000000000000e+01 8.154859967051070413e+00 0.000000000000000000e+00 1.666666666666666430e+01 -6.000000000000000000e+03
