# step, world, group,control
0.000000000000000000e+00 2.771828665568368777e+01 2.500000000000000000e+01 1.666666666666666430e+01 9.000000000000000000e+00
1.000000000000000000e+00 2.574135090609555121e+01 3.888888888888889284e+01 2.222222222222222143e+01 1.400000000000000000e+01
2.000000000000000000e+00 2.483525535420098862e+01 5.000000000000000000e+01 1.944444444444444642e+01 1.800000000000000000e+01
3.000000000000000000e+00 2.154036243822075747e+01 3.333333333333332860e+01 1.944444444444444642e+01 1.200000000000000000e+01
4.000000000000000000e+00 2.244645799011532006e+01 4.444444444444444287e+01 1.944444444444444642e+01 1.600000000000000000e+01
5.000000000000000000e+00 2.009884678747940612e+01 3.333333333333332860e+01 3.611111111111110716e+01 1.200000000000000000e+01
6.000000000000000000e+00 2.051070840197693457e+01 2.500000000000000000e+01 1.944444444444444642e+01 9.000000000000000000e+00
7.000000000000000000e+00 1.976935749588138336e+01 1.388888888888888928e+01 2.500000000000000000e+01 5.000000000000000000e+00
8.000000000000000000e+00 1.931630971993410384e+01 1.944444444444444642e+01 1.388888888888888928e+01 7.000000000000000000e+00
9.000000000000000000e+00 1.717462932454695235e+01 2.222222222222222143e+01 5.555555555555555358e+00 8.000000000000000000e+00
1.000000000000000000e+01 1.639209225700164652e+01 2.222222222222222143e+01 1.388888888888888928e+01 8.000000000000000000e+00
1.100000000000000000e+01 1.511532125205930832e+01 3.055555555555555358e+01 1.388888888888888928e+01 1.100000000000000000e+01
1.200000000000000000e+01 1.635090609555189545e+01 2.222222222222222143e+01 2.222222222222222143e+01 8.000000000000000000e+00
1.300000000000000000e+01 1.556836902800658962e+01 2.500000000000000000e+01 1.111111111111111072e+01 9.000000000000000000e+00
1.400000000000000000e+01 1.618616144975288407e+01 2.222222222222222143e+01 1.111111111111111072e+01 8.000000000000000000e+00
1.500000000000000000e+01 1.528006589785831970e+01 2.222222222222222143e+01 1.111111111111111072e+01 8.000000000000000000e+00
1.600000000000000000e+01 1.573311367380560100e+01 1.388888888888888928e+01 1.666666666666666430e+01 5.000000000000000000e+00
1.700000000000000000e+01 1.466227347611202525e+01 2.222222222222222143e+01 1.666666666666666430e+01 8.000000000000000000e+00
1.800000000000000000e+01 1.396210873146622689e+01 3.055555555555555358e+01 1.666666666666666430e+01 1.100000000000000000e+01
1.900000000000000000e+01 1.379736408566721551e+01 1.944444444444444642e+01 1.666666666666666430e+01 7.000000000000000000e+00
2.000000000000000000e+01 1.350906095551894559e+01 2.222222222222222143e+01 1.666666666666666430e+01 8.000000000000000000e+00
2.100000000000000000e+01 1.363261943986820413e+01 2.500000000000000000e+01 1.666666666666666430e+01 9.000000000000000000e+00
2.200000000000000000e+01 1.350906095551894559e+01 1.666666666666666430e+01 1.666666666666666430e+01 6.000000000000000000e+00
2.300000000000000000e+01 1.334431630971993421e+01 2.500000000000000000e+01 1.666666666666666430e+01 9.000000000000000000e+00
2.400000000000000000e+01 1.330313014827018137e+01 2.777777777777777857e+01 1.666666666666666430e+01 1.000000000000000000e+01
2.500000000000000000e+01 1.482701812191103663e+01 4.444444444444444287e+01 1.666666666666666430e+01 1.600000000000000000e+01
2.600000000000000000e+01 1.223228995057660740e+01 2.222222222222222143e+01 1.944444444444444642e+01 8.000000000000000000e+00
2.700000000000000000e+01 1.416803953871499111e+01 1.944444444444444642e+01 1.111111111111111072e+01 7.000000000000000000e+00
2.800000000000000000e+01 1.346787479406919275e+01 2.222222222222222143e+01 5.555555555555555358e+00 8.000000000000000000e+00
2.900000000000000000e+01 1.396210873146622689e+01 2.222222222222222143e+01 0.000000000000000000e+00 8.000000000000000000e+00
3.000000000000000000e+01 1.276771004942339438e+01 2.222222222222222143e+01 2.777777777777777679e+00 8.000000000000000000e+00
3.100000000000000000e+01 1.334431630971993421e+01 2.777777777777777857e+01 5.555555555555555358e+00 1.000000000000000000e+01
3.200000000000000000e+01 1.095551894563426742e+01 3.055555555555555358e+01 5.555555555555555358e+00 1.100000000000000000e+01
3.300000000000000000e+01 1.190280065897858286e+01 3.333333333333332860e+01 0.000000000000000000e+00 1.200000000000000000e+01
3.400000000000000000e+01 1.120263591433278449e+01 1.666666666666666430e+01 0.000000000000000000e+00 6.000000000000000000e+00
3.500000000000000000e+01 1.132619439868204303e+01 1.111111111111111072e+01 0.000000000000000000e+00 4.000000000000000000e+00
3.600000000000000000e+01 1.165568369028006579e+01 2.777777777777777679e+00 2.777777777777777679e+00 1.000000000000000000e+00
3.700000000000000000e+01 1.124382207578253734e+01 2.777777777777777679e+00 2.777777777777777679e+00 1.000000000000000000e+00
3.800000000000000000e+01 1.128500823723229018e+01 2.777777777777777679e+00 0.000000000000000000e+00 1.000000000000000000e+00
3.900000000000000000e+01 1.173805601317957148e+01 8.333333333333332149e+00 0.000000000000000000e+00 3.000000000000000000e+00
4.000000000000000000e+01 1.223228995057660740e+01 2.777777777777777679e+00 0.000000000000000000e+00 1.000000000000000000e+00
4.100000000000000000e+01 1.214991762767710171e+01 8.333333333333332149e+00 0.000000000000000000e+00 3.000000000000000000e+00
4.200000000000000000e+01 1.198517298187809033e+01 1.111111111111111072e+01 0.000000000000000000e+00 4.000000000000000000e+00
4.300000000000000000e+01 1.280889621087314723e+01 1.666666666666666430e+01 0.000000000000000000e+00 6.000000000000000000e+00
4.400000000000000000e+01 1.099670510708401849e+01 1.111111111111111072e+01 0.000000000000000000e+00 4.000000000000000000e+00
4.500000000000000000e+01 9.925864909390444524e+00 1.666666666666666430e+01 0.000000000000000000e+00 6.000000000000000000e+00
4.600000000000000000e+01 9.761120263591433144e+00 1.388888888888888928e+01 0.000000000000000000e+00 5.000000000000000000e+00
4.700000000000000000e+01 9.308072487644151849e+00 2.500000000000000000e+01 0.000000000000000000e+00 9.000000000000000000e+00
4.800000000000000000e+01 9.802306425041185989e+00 2.222222222222222143e+01 0.000000000000000000e+00 8.000000000000000000e+00
4.900000000000000000e+01 9.308072487644151849e+00 3.333333333333332860e+01 0.000000000000000000e+00 1.200000000000000000e+01
5.000000000000000000e+01 1.079077429983525604e+01 3.055555555555555358e+01 0.000000000000000000e+00 1.100000000000000000e+01
5.100000000000000000e+01 9.761120263591433144e+00 4.166666666666667140e+01 0.000000000000000000e+00 1.500000000000000000e+01
5.200000000000000000e+01 1.165568369028006579e+01 1.944444444444444642e+01 0.000000000000000000e+00 7.000000000000000000e+00
5.300000000000000000e+01 1.029654036243822013e+01 3.055555555555555358e+01 0.000000000000000000e+00 1.100000000000000000e+01
5.400000000000000000e+01 1.079077429983525604e+01 2.500000000000000000e+01 0.000000000000000000e+00 9.000000000000000000e+00
5.500000000000000000e+01 1.046128500823723328e+01 2.777777777777777857e+01 0.000000000000000000e+00 1.000000000000000000e+01
5.600000000000000000e+01 9.596375617792421764e+00 5.000000000000000000e+01 0.000000000000000000e+00 1.800000000000000000e+01
5.700000000000000000e+01 9.843492586490938834e+00 3.333333333333332860e+01 0.000000000000000000e+00 1.200000000000000000e+01
5.800000000000000000e+01 9.719934102141680299e+00 2.222222222222222143e+01 0.000000000000000000e+00 8.000000000000000000e+00
5.900000000000000000e+01 1.000823723228995021e+01 1.944444444444444642e+01 0.000000000000000000e+00 7.000000000000000000e+00
6.000000000000000000e+01 1.009060955518945590e+01 2.222222222222222143e+01 0.000000000000000000e+00 8.000000000000000000e+00
6.100000000000000000e+01 9.925864909390444524e+00 2.777777777777777857e+01 0.000000000000000000e+00 1.000000000000000000e+01
6.200000000000000000e+01 9.843492586490938834e+00 3.055555555555555358e+01 0.000000000000000000e+00 1.100000000000000000e+01
6.300000000000000000e+01 8.649093904448106329e+00 3.333333333333332860e+01 0.000000000000000000e+00 1.200000000000000000e+01
6.400000000000000000e+01 8.690280065897857398e+00 2.222222222222222143e+01 0.000000000000000000e+00 8.000000000000000000e+00
6.500000000000000000e+01 8.566721581548600639e+00 3.055555555555555358e+01 0.000000000000000000e+00 1.100000000000000000e+01
6.600000000000000000e+01 9.390444810543657539e+00 3.055555555555555358e+01 5.555555555555555358e+00 1.100000000000000000e+01
6.700000000000000000e+01 9.472817133443163229e+00 3.888888888888889284e+01 2.777777777777777679e+00 1.400000000000000000e+01
6.800000000000000000e+01 9.431630971993410384e+00 3.611111111111110716e+01 5.555555555555555358e+00 1.300000000000000000e+01
6.900000000000000000e+01 9.143327841845140469e+00 4.166666666666667140e+01 5.555555555555555358e+00 1.500000000000000000e+01
7.000000000000000000e+01 8.690280065897857398e+00 3.611111111111110716e+01 8.333333333333332149e+00 1.300000000000000000e+01
7.100000000000000000e+01 9.349258649093904694e+00 3.611111111111110716e+01 1.111111111111111072e+01 1.300000000000000000e+01
7.200000000000000000e+01 9.761120263591433144e+00 2.777777777777777857e+01 8.333333333333332149e+00 1.000000000000000000e+01
7.300000000000000000e+01 8.855024711696870554e+00 4.166666666666667140e+01 1.111111111111111072e+01 1.500000000000000000e+01
7.400000000000000000e+01 8.731466227347612019e+00 3.333333333333332860e+01 1.111111111111111072e+01 1.200000000000000000e+01
7.500000000000000000e+01 9.349258649093904694e+00 2.500000000000000000e+01 1.666666666666666430e+01 9.000000000000000000e+00
7.600000000000000000e+01 7.578253706754529695e+00 3.888888888888889284e+01 8.333333333333332149e+00 1.400000000000000000e+01
7.700000000000000000e+01 8.154859967051070413e+00 1.666666666666666430e+01 8.333333333333332149e+00 6.000000000000000000e+00
7.800000000000000000e+01 8.072487644151564723e+00 1.666666666666666430e+01 1.388888888888888928e+01 6.000000000000000000e+00
7.900000000000000000e+01 7.495881383855024005e+00 2.500000000000000000e+01 1.111111111111111072e+01 9.000000000000000000e+00
8.000000000000000000e+01 7.537067545304777738e+00 2.222222222222222143e+01 8.333333333333332149e+00 8.000000000000000000e+00
8.100000000000000000e+01 6.754530477759472795e+00 1.388888888888888928e+01 8.333333333333332149e+00 5.000000000000000000e+00
8.200000000000000000e+01 6.013179571663920697e+00 1.666666666666666430e+01 8.333333333333332149e+00 6.000000000000000000e+00
8.300000000000000000e+01 6.054365733113673542e+00 1.944444444444444642e+01 1.111111111111111072e+01 7.000000000000000000e+00
8.400000000000000000e+01 6.383855024711697190e+00 1.666666666666666430e+01 1.111111111111111072e+01 6.000000000000000000e+00
8.500000000000000000e+01 5.766062602965403627e+00 1.666666666666666430e+01 1.388888888888888928e+01 6.000000000000000000e+00
8.600000000000000000e+01 6.383855024711697190e+00 2.222222222222222143e+01 8.333333333333332149e+00 8.000000000000000000e+00
8.700000000000000000e+01 6.342668863261943457e+00 2.222222222222222143e+01 8.333333333333332149e+00 8.000000000000000000e+00
8.800000000000000000e+01 6.754530477759472795e+00 3.611111111111110716e+01 8.333333333333332149e+00 1.300000000000000000e+01
8.900000000000000000e+01 7.331136738056012625e+00 2.777777777777777857e+01 1.388888888888888928e+01 1.000000000000000000e+01
9.000000000000000000e+01 7.537067545304777738e+00 3.611111111111110716e+01 2.222222222222222143e+01 1.300000000000000000e+01
9.100000000000000000e+01 8.360790774299834638e+00 2.500000000000000000e+01 1.111111111111111072e+01 9.000000000000000000e+00
9.200000000000000000e+01 8.196046128500823258e+00 2.500000000000000000e+01 8.333333333333332149e+00 9.000000000000000000e+00
9.300000000000000000e+01 8.443163097199340328e+00 2.500000000000000000e+01 1.111111111111111072e+01 9.000000000000000000e+00
9.400000000000000000e+01 8.278418451400328948e+00 3.333333333333332860e+01 1.111111111111111072e+01 1.200000000000000000e+01
9.500000000000000000e+01 8.278418451400328948e+00 2.222222222222222143e+01 1.111111111111111072e+01 8.000000000000000000e+00
9.600000000000000000e+01 7.701812191103789118e+00 2.222222222222222143e+01 1.111111111111111072e+01 8.000000000000000000e+00
9.700000000000000000e+01 7.948929159802306188e+00 1.388888888888888928e+01 1.111111111111111072e+01 5.000000000000000000e+00
9.800000000000000000e+01 8.649093904448106329e+00 1.666666666666666430e+01 1.111111111111111072e+01 6.000000000000000000e+00
9.900000000000000000e+01 8.649093904448106329e+00 1.666666666666666430e+01 1.111111111111111072e+01 6.000000000000000000e+00
1.000000000000000000e+02 8.525535420098846018e+00 8.333333333333332149e+00 1.111111111111111072e+01 3.000000000000000000e+00
1.010000000000000000e+02 7.990115321252059033e+00 2.777777777777777679e+00 1.111111111111111072e+01 1.000000000000000000e+00
1.020000000000000000e+02 7.578253706754529695e+00 5.555555555555555358e+00 1.111111111111111072e+01 2.000000000000000000e+00
1.030000000000000000e+02 8.031301482701811878e+00 5.555555555555555358e+00 1.111111111111111072e+01 2.000000000000000000e+00
1.040000000000000000e+02 7.990115321252059033e+00 5.555555555555555358e+00 1.111111111111111072e+01 2.000000000000000000e+00
1.050000000000000000e+02 8.896210873146623399e+00 8.333333333333332149e+00 1.111111111111111072e+01 3.000000000000000000e+00
1.060000000000000000e+02 8.319604612850081793e+00 8.333333333333332149e+00 1.111111111111111072e+01 3.000000000000000000e+00
1.070000000000000000e+02 8.690280065897857398e+00 1.111111111111111072e+01 1.111111111111111072e+01 4.000000000000000000e+00
1.080000000000000000e+02 8.113673805601317568e+00 1.111111111111111072e+01 1.111111111111111072e+01 4.000000000000000000e+00
1.090000000000000000e+02 7.990115321252059033e+00 2.777777777777777857e+01 1.111111111111111072e+01 1.000000000000000000e+01
1.100000000000000000e+02 8.196046128500823258e+00 1.666666666666666430e+01 1.111111111111111072e+01 6.000000000000000000e+00
1.110000000000000000e+02 8.072487644151564723e+00 1.944444444444444642e+01 1.111111111111111072e+01 7.000000000000000000e+00
1.120000000000000000e+02 7.207578253706754978e+00 2.222222222222222143e+01 1.111111111111111072e+01 8.000000000000000000e+00
1.130000000000000000e+02 7.125205930807249288e+00 2.777777777777777857e+01 1.111111111111111072e+01 1.000000000000000000e+01
1.140000000000000000e+02 7.331136738056012625e+00 2.500000000000000000e+01 1.111111111111111072e+01 9.000000000000000000e+00
1.150000000000000000e+02 6.548599670510708570e+00 3.611111111111110716e+01 1.111111111111111072e+01 1.300000000000000000e+01
1.160000000000000000e+02 6.054365733113673542e+00 2.500000000000000000e+01 1.111111111111111072e+01 9.000000000000000000e+00
1.170000000000000000e+02 6.425041186161449147e+00 1.944444444444444642e+01 1.111111111111111072e+01 7.000000000000000000e+00
1.180000000000000000e+02 5.766062602965403627e+00 1.388888888888888928e+01 1.111111111111111072e+01 5.000000000000000000e+00
1.190000000000000000e+02 5.930807248764415007e+00 1.666666666666666430e+01 1.111111111111111072e+01 6.000000000000000000e+00
1.200000000000000000e+02 4.859967051070840149e+00 1.944444444444444642e+01 1.111111111111111072e+01 7.000000000000000000e+00
1.210000000000000000e+02 4.736408566721581614e+00 2.222222222222222143e+01 1.111111111111111072e+01 8.000000000000000000e+00
1.220000000000000000e+02 4.942339373970345839e+00 1.944444444444444642e+01 1.111111111111111072e+01 7.000000000000000000e+00
1.230000000000000000e+02 5.148270181219110064e+00 2.222222222222222143e+01 1.111111111111111072e+01 8.000000000000000000e+00
1.240000000000000000e+02 5.518945634266886557e+00 2.500000000000000000e+01 1.111111111111111072e+01 9.000000000000000000e+00
1.250000000000000000e+02 5.560131795716639402e+00 2.500000000000000000e+01 1.111111111111111072e+01 9.000000000000000000e+00
1.260000000000000000e+02 5.930807248764415007e+00 2.500000000000000000e+01 1.111111111111111072e+01 9.000000000000000000e+00
1.270000000000000000e+02 5.642504118616145092e+00 2.222222222222222143e+01 1.111111111111111072e+01 8.000000000000000000e+00
1.280000000000000000e+02 6.960461285008237908e+00 3.888888888888889284e+01 1.111111111111111072e+01 1.400000000000000000e+01
1.290000000000000000e+02 5.766062602965403627e+00 1.666666666666666430e+01 1.111111111111111072e+01 6.000000000000000000e+00
1.300000000000000000e+02 6.095551894563426387e+00 2.777777777777777679e+00 1.388888888888888928e+01 1.000000000000000000e+00
1.310000000000000000e+02 6.095551894563426387e+00 0.000000000000000000e+00 1.944444444444444642e+01 -6.000000000000000000e+03
