# step, world, group,control
0.000000000000000000e+00 2.800658978583195946e+01 3.055555555555555358e+01 4.166666666666667140e+01 1.100000000000000000e+01
1.000000000000000000e+00 2.429983525535420341e+01 2.222222222222222143e+01 3.333333333333332860e+01 8.000000000000000000e+00
2.000000000000000000e+00 2.368204283360790896e+01 2.500000000000000000e+01 5.277777777777777857e+01 9.000000000000000000e+00
3.000000000000000000e+00 2.413509060955519203e+01 2.777777777777777857e+01 2.777777777777777857e+01 1.000000000000000000e+01
4.000000000000000000e+00 2.372322899505766003e+01 3.333333333333332860e+01 4.444444444444444287e+01 1.200000000000000000e+01
5.000000000000000000e+00 2.359967051070839972e+01 2.222222222222222143e+01 8.333333333333332149e+00 8.000000000000000000e+00
6.000000000000000000e+00 2.450576606260296586e+01 1.666666666666666430e+01 8.333333333333332149e+00 6.000000000000000000e+00
7.000000000000000000e+00 2.462932454695222617e+01 8.333333333333332149e+00 8.333333333333332149e+00 3.000000000000000000e+00
8.000000000000000000e+00 2.339373970345963727e+01 8.333333333333332149e+00 5.555555555555555358e+00 3.000000000000000000e+00
9.000000000000000000e+00 2.228171334431630868e+01 5.555555555555555358e+00 0.000000000000000000e+00 2.000000000000000000e+00
1.000000000000000000e+01 2.149917627677100285e+01 8.333333333333332149e+00 0.000000000000000000e+00 3.000000000000000000e+00
1.100000000000000000e+01 2.096375617792421764e+01 1.388888888888888928e+01 0.000000000000000000e+00 5.000000000000000000e+00
1.200000000000000000e+01 2.186985172981878023e+01 1.111111111111111072e+01 2.777777777777777679e+00 4.000000000000000000e+00
1.300000000000000000e+01 1.935749588138385491e+01 1.388888888888888928e+01 0.000000000000000000e+00 5.000000000000000000e+00
1.400000000000000000e+01 1.956342668863262091e+01 1.944444444444444642e+01 2.777777777777777679e+00 7.000000000000000000e+00
1.500000000000000000e+01 1.915156507413509246e+01 1.666666666666666430e+01 0.000000000000000000e+00 6.000000000000000000e+00
1.600000000000000000e+01 1.906919275123558322e+01 1.111111111111111072e+01 2.777777777777777679e+00 4.000000000000000000e+00
1.700000000000000000e+01 1.828665568369028094e+01 1.111111111111111072e+01 1.388888888888888928e+01 4.000000000000000000e+00
1.800000000000000000e+01 1.746293245469522404e+01 1.944444444444444642e+01 1.388888888888888928e+01 7.000000000000000000e+00
1.900000000000000000e+01 1.820428336079077525e+01 1.944444444444444642e+01 1.944444444444444642e+01 7.000000000000000000e+00
2.000000000000000000e+01 1.873970345963756046e+01 2.500000000000000000e+01 1.944444444444444642e+01 9.000000000000000000e+00
2.100000000000000000e+01 1.754530477759472973e+01 3.333333333333332860e+01 1.944444444444444642e+01 1.200000000000000000e+01
2.200000000000000000e+01 1.824546952224052632e+01 1.944444444444444642e+01 2.500000000000000000e+01 7.000000000000000000e+00
2.300000000000000000e+01 1.733937397034596373e+01 1.111111111111111072e+01 3.611111111111110716e+01 4.000000000000000000e+00
2.400000000000000000e+01 1.577429983525535384e+01 5.555555555555555358e+00 4.444444444444444287e+01 2.000000000000000000e+00
2.500000000000000000e+01 1.445634266886326103e+01 5.555555555555555358e+00 2.777777777777777857e+01 2.000000000000000000e+00
2.600000000000000000e+01 1.503294892915980263e+01 8.333333333333332149e+00 3.888888888888889284e+01 3.000000000000000000e+00
2.700000000000000000e+01 1.474464579901153272e+01 1.111111111111111072e+01 3.055555555555555358e+01 4.000000000000000000e+00
2.800000000000000000e+01 1.445634266886326103e+01 1.666666666666666430e+01 4.166666666666667140e+01 6.000000000000000000e+00
2.900000000000000000e+01 1.462108731466227241e+01 1.944444444444444642e+01 2.777777777777777857e+01 7.000000000000000000e+00
3.000000000000000000e+01 1.449752883031301387e+01 2.777777777777777857e+01 2.777777777777777857e+01 1.000000000000000000e+01
3.100000000000000000e+01 1.598023064250411807e+01 5.555555555555555358e+00 2.222222222222222143e+01 2.000000000000000000e+00
3.200000000000000000e+01 1.433278418451400249e+01 8.333333333333332149e+00 2.222222222222222143e+01 3.000000000000000000e+00
3.300000000000000000e+01 1.346787479406919275e+01 1.111111111111111072e+01 2.777777777777777857e+01 4.000000000000000000e+00
3.400000000000000000e+01 1.289126853377265114e+01 1.388888888888888928e+01 3.055555555555555358e+01 5.000000000000000000e+00
3.500000000000000000e+01 1.186161449752883001e+01 8.333333333333332149e+00 4.166666666666667140e+01 3.000000000000000000e+00
3.600000000000000000e+01 1.116144975288303165e+01 1.388888888888888928e+01 2.777777777777777857e+01 5.000000000000000000e+00
3.700000000000000000e+01 1.136738056013179587e+01 8.333333333333332149e+00 3.611111111111110716e+01 3.000000000000000000e+00
3.800000000000000000e+01 1.149093904448105441e+01 5.555555555555555358e+00 2.500000000000000000e+01 2.000000000000000000e+00
3.900000000000000000e+01 1.087314662273476173e+01 0.000000000000000000e+00 2.500000000000000000e+01 -6.000000000000000000e+03
