# step, world, group,control
0.000000000000000000e+00 2.532948929159802276e+01 6.111111111111110716e+01 3.611111111111110716e+01 2.200000000000000000e+01
1.000000000000000000e+00 2.578253706754530228e+01 1.388888888888888928e+01 2.500000000000000000e+01 5.000000000000000000e+00
2.000000000000000000e+00 2.602965403624381935e+01 1.666666666666666430e+01 1.666666666666666430e+01 6.000000000000000000e+00
3.000000000000000000e+00 2.545304777594727952e+01 1.388888888888888928e+01 2.777777777777777857e+01 5.000000000000000000e+00
4.000000000000000000e+00 2.376441515650741110e+01 1.111111111111111072e+01 3.055555555555555358e+01 4.000000000000000000e+00
5.000000000000000000e+00 2.298187808896210882e+01 1.111111111111111072e+01 3.055555555555555358e+01 4.000000000000000000e+00
6.000000000000000000e+00 2.154036243822075747e+01 1.944444444444444642e+01 2.500000000000000000e+01 7.000000000000000000e+00
7.000000000000000000e+00 1.981054365733113798e+01 1.944444444444444642e+01 4.166666666666667140e+01 7.000000000000000000e+00
8.000000000000000000e+00 1.935749588138385491e+01 2.500000000000000000e+01 2.500000000000000000e+01 9.000000000000000000e+00
9.000000000000000000e+00 1.865733113673805477e+01 1.666666666666666430e+01 1.944444444444444642e+01 6.000000000000000000e+00
1.000000000000000000e+01 1.787479406919275249e+01 1.388888888888888928e+01 2.500000000000000000e+01 5.000000000000000000e+00
1.100000000000000000e+01 1.668039538714991821e+01 1.388888888888888928e+01 1.388888888888888928e+01 5.000000000000000000e+00
1.200000000000000000e+01 1.606260296540362376e+01 1.388888888888888928e+01 1.111111111111111072e+01 5.000000000000000000e+00
1.300000000000000000e+01 1.676276771004942390e+01 1.944444444444444642e+01 2.777777777777777679e+00 7.000000000000000000e+00
1.400000000000000000e+01 1.618616144975288407e+01 2.500000000000000000e+01 0.000000000000000000e+00 9.000000000000000000e+00
1.500000000000000000e+01 1.581548599670510669e+01 1.944444444444444642e+01 0.000000000000000000e+00 7.000000000000000000e+00
1.600000000000000000e+01 1.614497528830312945e+01 2.222222222222222143e+01 0.000000000000000000e+00 8.000000000000000000e+00
1.700000000000000000e+01 1.598023064250411807e+01 2.222222222222222143e+01 0.000000000000000000e+00 8.000000000000000000e+00
1.800000000000000000e+01 1.606260296540362376e+01 2.500000000000000000e+01 2.777777777777777679e+00 9.000000000000000000e+00
1.900000000000000000e+01 1.651565074135090683e+01 4.722222222222222854e+01 8.333333333333332149e+00 1.700000000000000000e+01
2.000000000000000000e+01 1.499176276771004801e+01 1.944444444444444642e+01 8.333333333333332149e+00 7.000000000000000000e+00
2.100000000000000000e+01 1.581548599670510669e+01 1.944444444444444642e+01 1.111111111111111072e+01 7.000000000000000000e+00
2.200000000000000000e+01 1.441515650741350996e+01 1.388888888888888928e+01 1.111111111111111072e+01 5.000000000000000000e+00
2.300000000000000000e+01 1.507413509060955548e+01 1.944444444444444642e+01 1.111111111111111072e+01 7.000000000000000000e+00
2.400000000000000000e+01 1.544481054365733108e+01 1.111111111111111072e+01 8.333333333333332149e+00 4.000000000000000000e+00
2.500000000000000000e+01 1.589785831960461238e+01 1.944444444444444642e+01 5.555555555555555358e+00 7.000000000000000000e+00
2.600000000000000000e+01 1.486820428336079125e+01 1.666666666666666430e+01 0.000000000000000000e+00 6.000000000000000000e+00
2.700000000000000000e+01 1.552718286655683855e+01 2.222222222222222143e+01 0.000000000000000000e+00 8.000000000000000000e+00
2.800000000000000000e+01 1.478583196046128556e+01 1.111111111111111072e+01 0.000000000000000000e+00 4.000000000000000000e+00
2.900000000000000000e+01 1.453871499176276849e+01 2.777777777777777857e+01 0.000000000000000000e+00 1.000000000000000000e+01
3.000000000000000000e+01 1.470345963756177987e+01 2.777777777777777857e+01 0.000000000000000000e+00 1.000000000000000000e+01
3.100000000000000000e+01 1.383855024711696835e+01 2.777777777777777857e+01 0.000000000000000000e+00 1.000000000000000000e+01
3.200000000000000000e+01 1.309719934102141714e+01 2.777777777777777857e+01 0.000000000000000000e+00 1.000000000000000000e+01
3.300000000000000000e+01 1.272652388797363976e+01 3.888888888888889284e+01 0.000000000000000000e+00 1.400000000000000000e+01
3.400000000000000000e+01 1.214991762767710171e+01 1.388888888888888928e+01 0.000000000000000000e+00 5.000000000000000000e+00
3.500000000000000000e+01 1.293245469522240576e+01 1.111111111111111072e+01 0.000000000000000000e+00 4.000000000000000000e+00
3.600000000000000000e+01 1.198517298187809033e+01 1.944444444444444642e+01 0.000000000000000000e+00 7.000000000000000000e+00
3.700000000000000000e+01 1.194398682042833570e+01 2.222222222222222143e+01 0.000000000000000000e+00 8.000000000000000000e+00
3.800000000000000000e+01 1.272652388797363976e+01 1.388888888888888928e+01 0.000000000000000000e+00 5.000000000000000000e+00
3.900000000000000000e+01 1.301482701812190967e+01 3.055555555555555358e+01 0.000000000000000000e+00 1.100000000000000000e+01
4.000000000000000000e+01 1.326194398682042852e+01 1.111111111111111072e+01 0.000000000000000000e+00 4.000000000000000000e+00
4.100000000000000000e+01 1.420922570016474573e+01 2.777777777777777857e+01 0.000000000000000000e+00 1.000000000000000000e+01
4.200000000000000000e+01 1.408566721581548720e+01 2.222222222222222143e+01 0.000000000000000000e+00 8.000000000000000000e+00
4.300000000000000000e+01 1.462108731466227241e+01 2.222222222222222143e+01 0.000000000000000000e+00 8.000000000000000000e+00
4.400000000000000000e+01 1.404448105436573435e+01 3.055555555555555358e+01 0.000000000000000000e+00 1.100000000000000000e+01
4.500000000000000000e+01 1.453871499176276849e+01 3.333333333333332860e+01 0.000000000000000000e+00 1.200000000000000000e+01
4.600000000000000000e+01 1.404448105436573435e+01 4.166666666666667140e+01 0.000000000000000000e+00 1.500000000000000000e+01
4.700000000000000000e+01 1.420922570016474573e+01 4.444444444444444287e+01 0.000000000000000000e+00 1.600000000000000000e+01
4.800000000000000000e+01 1.457990115321252134e+01 4.444444444444444287e+01 0.000000000000000000e+00 1.600000000000000000e+01
4.900000000000000000e+01 1.453871499176276849e+01 3.611111111111110716e+01 0.000000000000000000e+00 1.300000000000000000e+01
5.000000000000000000e+01 1.523887973640856686e+01 4.444444444444444287e+01 0.000000000000000000e+00 1.600000000000000000e+01
5.100000000000000000e+01 1.490939044481054410e+01 5.833333333333333570e+01 0.000000000000000000e+00 2.100000000000000000e+01
5.200000000000000000e+01 1.528006589785831970e+01 1.388888888888888928e+01 0.000000000000000000e+00 5.000000000000000000e+00
5.300000000000000000e+01 1.490939044481054410e+01 1.111111111111111072e+01 0.000000000000000000e+00 4.000000000000000000e+00
5.400000000000000000e+01 1.470345963756177987e+01 1.388888888888888928e+01 0.000000000000000000e+00 5.000000000000000000e+00
5.500000000000000000e+01 1.425041186161449858e+01 1.388888888888888928e+01 0.000000000000000000e+00 5.000000000000000000e+00
5.600000000000000000e+01 1.379736408566721551e+01 1.666666666666666430e+01 0.000000000000000000e+00 6.000000000000000000e+00
5.700000000000000000e+01 1.387973640856671942e+01 1.666666666666666430e+01 0.000000000000000000e+00 6.000000000000000000e+00
5.800000000000000000e+01 1.260296540362438300e+01 1.666666666666666430e+01 0.000000000000000000e+00 6.000000000000000000e+00
5.900000000000000000e+01 1.322075782537067390e+01 1.388888888888888928e+01 0.000000000000000000e+00 5.000000000000000000e+00
6.000000000000000000e+01 1.260296540362438300e+01 2.500000000000000000e+01 0.000000000000000000e+00 9.000000000000000000e+00
6.100000000000000000e+01 1.157331136738056010e+01 2.777777777777777857e+01 0.000000000000000000e+00 1.000000000000000000e+01
6.200000000000000000e+01 1.116144975288303165e+01 2.500000000000000000e+01 0.000000000000000000e+00 9.000000000000000000e+00
6.300000000000000000e+01 1.144975288303130156e+01 2.500000000000000000e+01 0.000000000000000000e+00 9.000000000000000000e+00
6.400000000000000000e+01 1.042009884678747866e+01 2.500000000000000000e+01 0.000000000000000000e+00 9.000000000000000000e+00
6.500000000000000000e+01 1.095551894563426742e+01 3.333333333333332860e+01 0.000000000000000000e+00 1.200000000000000000e+01
6.600000000000000000e+01 1.124382207578253734e+01 2.222222222222222143e+01 0.000000000000000000e+00 8.000000000000000000e+00
6.700000000000000000e+01 1.144975288303130156e+01 3.611111111111110716e+01 0.000000000000000000e+00 1.300000000000000000e+01
6.800000000000000000e+01 1.177924217462932432e+01 1.388888888888888928e+01 0.000000000000000000e+00 5.000000000000000000e+00
6.900000000000000000e+01 1.285008237232289829e+01 3.333333333333332860e+01 0.000000000000000000e+00 1.200000000000000000e+01
7.000000000000000000e+01 1.103789126853377311e+01 3.055555555555555358e+01 0.000000000000000000e+00 1.100000000000000000e+01
7.100000000000000000e+01 1.009060955518945590e+01 3.333333333333332860e+01 0.000000000000000000e+00 1.200000000000000000e+01
7.200000000000000000e+01 1.046128500823723328e+01 3.333333333333332860e+01 0.000000000000000000e+00 1.200000000000000000e+01
7.300000000000000000e+01 1.058484349258649004e+01 2.777777777777777857e+01 0.000000000000000000e+00 1.000000000000000000e+01
7.400000000000000000e+01 1.087314662273476173e+01 2.222222222222222143e+01 0.000000000000000000e+00 8.000000000000000000e+00
7.500000000000000000e+01 1.070840197693575035e+01 3.055555555555555358e+01 0.000000000000000000e+00 1.100000000000000000e+01
7.600000000000000000e+01 9.555189456342668919e+00 3.055555555555555358e+01 0.000000000000000000e+00 1.100000000000000000e+01
7.700000000000000000e+01 9.390444810543657539e+00 3.611111111111110716e+01 0.000000000000000000e+00 1.300000000000000000e+01
7.800000000000000000e+01 9.019769357495881934e+00 3.333333333333332860e+01 0.000000000000000000e+00 1.200000000000000000e+01
7.900000000000000000e+01 9.719934102141680299e+00 4.722222222222222854e+01 0.000000000000000000e+00 1.700000000000000000e+01
8.000000000000000000e+01 8.937397034596376244e+00 3.611111111111110716e+01 0.000000000000000000e+00 1.300000000000000000e+01
8.100000000000000000e+01 9.761120263591433144e+00 2.500000000000000000e+01 0.000000000000000000e+00 9.000000000000000000e+00
8.200000000000000000e+01 1.000823723228995021e+01 2.500000000000000000e+01 0.000000000000000000e+00 9.000000000000000000e+00
8.300000000000000000e+01 1.070840197693575035e+01 1.666666666666666430e+01 0.000000000000000000e+00 6.000000000000000000e+00
8.400000000000000000e+01 9.514003294892916074e+00 1.388888888888888928e+01 0.000000000000000000e+00 5.000000000000000000e+00
8.500000000000000000e+01 9.308072487644151849e+00 1.666666666666666430e+01 0.000000000000000000e+00 6.000000000000000000e+00
8.600000000000000000e+01 9.637561779242174609e+00 1.111111111111111072e+01 0.000000000000000000e+00 4.000000000000000000e+00
8.700000000000000000e+01 1.000823723228995021e+01 1.388888888888888928e+01 0.000000000000000000e+00 5.000000000000000000e+00
8.800000000000000000e+01 1.013179571663920875e+01 1.944444444444444642e+01 0.000000000000000000e+00 7.000000000000000000e+00
8.900000000000000000e+01 9.225700164744646159e+00 8.333333333333332149e+00 0.000000000000000000e+00 3.000000000000000000e+00
9.000000000000000000e+01 1.062602965403624466e+01 1.388888888888888928e+01 0.000000000000000000e+00 5.000000000000000000e+00
9.100000000000000000e+01 1.066721581548599573e+01 1.388888888888888928e+01 0.000000000000000000e+00 5.000000000000000000e+00
9.200000000000000000e+01 1.074958813838550142e+01 1.666666666666666430e+01 0.000000000000000000e+00 6.000000000000000000e+00
9.300000000000000000e+01 1.070840197693575035e+01 8.333333333333332149e+00 0.000000000000000000e+00 3.000000000000000000e+00
9.400000000000000000e+01 1.091433278418451280e+01 1.666666666666666430e+01 0.000000000000000000e+00 6.000000000000000000e+00
9.500000000000000000e+01 1.050247116968698435e+01 1.388888888888888928e+01 0.000000000000000000e+00 5.000000000000000000e+00
9.600000000000000000e+01 1.037891268533772759e+01 1.944444444444444642e+01 0.000000000000000000e+00 7.000000000000000000e+00
9.700000000000000000e+01 9.266886326194399004e+00 2.500000000000000000e+01 0.000000000000000000e+00 9.000000000000000000e+00
9.800000000000000000e+01 1.149093904448105441e+01 1.111111111111111072e+01 0.000000000000000000e+00 4.000000000000000000e+00
9.900000000000000000e+01 9.102141680395387624e+00 1.944444444444444642e+01 0.000000000000000000e+00 7.000000000000000000e+00
1.000000000000000000e+02 9.761120263591433144e+00 1.388888888888888928e+01 0.000000000000000000e+00 5.000000000000000000e+00
1.010000000000000000e+02 8.937397034596376244e+00 2.222222222222222143e+01 0.000000000000000000e+00 8.000000000000000000e+00
1.020000000000000000e+02 8.690280065897857398e+00 1.666666666666666430e+01 0.000000000000000000e+00 6.000000000000000000e+00
1.030000000000000000e+02 8.113673805601317568e+00 3.055555555555555358e+01 0.000000000000000000e+00 1.100000000000000000e+01
1.040000000000000000e+02 9.266886326194399004e+00 2.777777777777777857e+01 0.000000000000000000e+00 1.000000000000000000e+01
1.050000000000000000e+02 9.472817133443163229e+00 1.944444444444444642e+01 0.000000000000000000e+00 7.000000000000000000e+00
1.060000000000000000e+02 9.431630971993410384e+00 1.388888888888888928e+01 0.000000000000000000e+00 5.000000000000000000e+00
1.070000000000000000e+02 9.102141680395387624e+00 8.333333333333332149e+00 0.000000000000000000e+00 3.000000000000000000e+00
1.080000000000000000e+02 9.431630971993410384e+00 8.333333333333332149e+00 0.000000000000000000e+00 3.000000000000000000e+00
1.090000000000000000e+02 9.225700164744646159e+00 1.111111111111111072e+01 0.000000000000000000e+00 4.000000000000000000e+00
1.100000000000000000e+02 1.033772652388797297e+01 1.111111111111111072e+01 0.000000000000000000e+00 4.000000000000000000e+00
1.110000000000000000e+02 8.607907742998351708e+00 8.333333333333332149e+00 0.000000000000000000e+00 3.000000000000000000e+00
1.120000000000000000e+02 8.772652388797364864e+00 1.388888888888888928e+01 0.000000000000000000e+00 5.000000000000000000e+00
1.130000000000000000e+02 8.113673805601317568e+00 5.555555555555555358e+00 0.000000000000000000e+00 2.000000000000000000e+00
1.140000000000000000e+02 8.855024711696870554e+00 0.000000000000000000e+00 0.000000000000000000e+00 -6.000000000000000000e+03
