# step, world, group,control
0.000000000000000000e+00 2.458813838550247155e+01 1.666666666666666430e+01 2.777777777777777857e+01 6.000000000000000000e+00
1.000000000000000000e+00 2.042833607907742888e+01 1.944444444444444642e+01 4.166666666666667140e+01 7.000000000000000000e+00
2.000000000000000000e+00 2.170510708401976885e+01 1.944444444444444642e+01 2.222222222222222143e+01 7.000000000000000000e+00
3.000000000000000000e+00 1.935749588138385491e+01 2.500000000000000000e+01 1.666666666666666430e+01 9.000000000000000000e+00
4.000000000000000000e+00 1.812191103789126956e+01 2.500000000000000000e+01 5.555555555555555358e+00 9.000000000000000000e+00
5.000000000000000000e+00 1.709225700164744666e+01 2.777777777777777857e+01 2.777777777777777679e+00 1.000000000000000000e+01
6.000000000000000000e+00 1.750411861614497511e+01 2.500000000000000000e+01 0.000000000000000000e+00 9.000000000000000000e+00
7.000000000000000000e+00 1.433278418451400249e+01 3.055555555555555358e+01 0.000000000000000000e+00 1.100000000000000000e+01
8.000000000000000000e+00 1.548599670510708215e+01 3.055555555555555358e+01 0.000000000000000000e+00 1.100000000000000000e+01
9.000000000000000000e+00 1.523887973640856686e+01 2.222222222222222143e+01 0.000000000000000000e+00 8.000000000000000000e+00
1.000000000000000000e+01 1.433278418451400249e+01 1.111111111111111072e+01 0.000000000000000000e+00 4.000000000000000000e+00
1.100000000000000000e+01 1.363261943986820413e+01 1.666666666666666430e+01 0.000000000000000000e+00 6.000000000000000000e+00
1.200000000000000000e+01 1.420922570016474573e+01 2.222222222222222143e+01 2.777777777777777679e+00 8.000000000000000000e+00
1.300000000000000000e+01 1.425041186161449858e+01 4.166666666666667140e+01 2.777777777777777679e+00 1.500000000000000000e+01
1.400000000000000000e+01 1.420922570016474573e+01 2.777777777777777857e+01 8.333333333333332149e+00 1.000000000000000000e+01
1.500000000000000000e+01 1.379736408566721551e+01 2.777777777777777857e+01 8.333333333333332149e+00 1.000000000000000000e+01
1.600000000000000000e+01 1.297364085667215861e+01 1.944444444444444642e+01 1.388888888888888928e+01 7.000000000000000000e+00
1.700000000000000000e+01 1.194398682042833570e+01 3.888888888888889284e+01 1.388888888888888928e+01 1.400000000000000000e+01
1.800000000000000000e+01 1.116144975288303165e+01 3.888888888888889284e+01 1.944444444444444642e+01 1.400000000000000000e+01
1.900000000000000000e+01 1.054365733113673897e+01 3.333333333333332860e+01 1.388888888888888928e+01 1.200000000000000000e+01
2.000000000000000000e+01 1.087314662273476173e+01 3.611111111111110716e+01 1.388888888888888928e+01 1.300000000000000000e+01
2.100000000000000000e+01 1.132619439868204303e+01 2.777777777777777857e+01 1.666666666666666430e+01 1.000000000000000000e+01
2.200000000000000000e+01 1.128500823723229018e+01 3.611111111111110716e+01 8.333333333333332149e+00 1.300000000000000000e+01
2.300000000000000000e+01 1.153212520593080725e+01 3.888888888888889284e+01 1.111111111111111072e+01 1.400000000000000000e+01
2.400000000000000000e+01 1.091433278418451280e+01 2.500000000000000000e+01 1.111111111111111072e+01 9.000000000000000000e+00
2.500000000000000000e+01 1.025535420098846728e+01 4.444444444444444287e+01 1.111111111111111072e+01 1.600000000000000000e+01
2.600000000000000000e+01 1.000823723228995021e+01 3.055555555555555358e+01 1.111111111111111072e+01 1.100000000000000000e+01
2.700000000000000000e+01 1.062602965403624466e+01 2.222222222222222143e+01 1.111111111111111072e+01 8.000000000000000000e+00
2.800000000000000000e+01 9.967051070840197369e+00 1.944444444444444642e+01 1.111111111111111072e+01 7.000000000000000000e+00
2.900000000000000000e+01 1.120263591433278449e+01 2.500000000000000000e+01 1.111111111111111072e+01 9.000000000000000000e+00
3.000000000000000000e+01 1.074958813838550142e+01 3.055555555555555358e+01 1.388888888888888928e+01 1.100000000000000000e+01
3.100000000000000000e+01 1.120263591433278449e+01 2.500000000000000000e+01 2.222222222222222143e+01 9.000000000000000000e+00
3.200000000000000000e+01 1.272652388797363976e+01 2.500000000000000000e+01 1.111111111111111072e+01 9.000000000000000000e+00
3.300000000000000000e+01 1.169686985172981863e+01 2.222222222222222143e+01 2.777777777777777679e+00 8.000000000000000000e+00
3.400000000000000000e+01 1.165568369028006579e+01 2.777777777777777857e+01 8.333333333333332149e+00 1.000000000000000000e+01
3.500000000000000000e+01 1.161449752883031294e+01 1.666666666666666430e+01 2.777777777777777679e+00 6.000000000000000000e+00
3.600000000000000000e+01 1.149093904448105441e+01 1.388888888888888928e+01 0.000000000000000000e+00 5.000000000000000000e+00
3.700000000000000000e+01 1.112026359143327880e+01 1.388888888888888928e+01 0.000000000000000000e+00 5.000000000000000000e+00
3.800000000000000000e+01 1.165568369028006579e+01 1.388888888888888928e+01 0.000000000000000000e+00 5.000000000000000000e+00
3.900000000000000000e+01 1.099670510708401849e+01 2.222222222222222143e+01 0.000000000000000000e+00 8.000000000000000000e+00
4.000000000000000000e+01 1.042009884678747866e+01 1.944444444444444642e+01 0.000000000000000000e+00 7.000000000000000000e+00
4.100000000000000000e+01 1.009060955518945590e+01 1.111111111111111072e+01 8.333333333333332149e+00 4.000000000000000000e+00
4.200000000000000000e+01 1.058484349258649004e+01 8.333333333333332149e+00 1.388888888888888928e+01 3.000000000000000000e+00
4.300000000000000000e+01 1.004942339373970306e+01 5.555555555555555358e+00 8.333333333333332149e+00 2.000000000000000000e+00
4.400000000000000000e+01 1.033772652388797297e+01 2.777777777777777679e+00 5.555555555555555358e+00 1.000000000000000000e+00
4.500000000000000000e+01 1.074958813838550142e+01 0.000000000000000000e+00 8.333333333333332149e+00 -6.000000000000000000e+03
