# step, world, group,control
0.000000000000000000e+00 2.405271828665568279e+01 3.055555555555555358e+01 2.222222222222222143e+01 1.100000000000000000e+01
1.000000000000000000e+00 2.207578253706754623e+01 3.888888888888889284e+01 3.888888888888889284e+01 1.400000000000000000e+01
2.000000000000000000e+00 2.075782537067545519e+01 3.055555555555555358e+01 2.222222222222222143e+01 1.100000000000000000e+01
3.000000000000000000e+00 1.993410214168039474e+01 3.888888888888889284e+01 1.666666666666666430e+01 1.400000000000000000e+01
4.000000000000000000e+00 2.100494233937396871e+01 4.166666666666667140e+01 1.666666666666666430e+01 1.500000000000000000e+01
5.000000000000000000e+00 1.997528830313014936e+01 4.444444444444444287e+01 2.222222222222222143e+01 1.600000000000000000e+01
6.000000000000000000e+00 2.088138385502471195e+01 3.333333333333332860e+01 2.222222222222222143e+01 1.200000000000000000e+01
7.000000000000000000e+00 2.051070840197693457e+01 2.777777777777777857e+01 2.500000000000000000e+01 1.000000000000000000e+01
8.000000000000000000e+00 2.063426688632619488e+01 2.777777777777777857e+01 2.500000000000000000e+01 1.000000000000000000e+01
9.000000000000000000e+00 2.009884678747940612e+01 2.777777777777777857e+01 2.777777777777777857e+01 1.000000000000000000e+01
1.000000000000000000e+01 2.133443163097199147e+01 2.777777777777777857e+01 3.333333333333332860e+01 1.000000000000000000e+01
1.100000000000000000e+01 1.939868204283360598e+01 4.166666666666667140e+01 2.500000000000000000e+01 1.500000000000000000e+01
1.200000000000000000e+01 1.820428336079077525e+01 3.333333333333332860e+01 1.666666666666666430e+01 1.200000000000000000e+01
1.300000000000000000e+01 1.968698517298187767e+01 4.166666666666667140e+01 1.944444444444444642e+01 1.500000000000000000e+01
1.400000000000000000e+01 1.824546952224052632e+01 4.722222222222222854e+01 2.222222222222222143e+01 1.700000000000000000e+01
1.500000000000000000e+01 1.771004942339374111e+01 3.888888888888889284e+01 3.055555555555555358e+01 1.400000000000000000e+01
1.600000000000000000e+01 1.729818780889621266e+01 4.722222222222222854e+01 1.666666666666666430e+01 1.700000000000000000e+01
1.700000000000000000e+01 1.725700164744645804e+01 3.055555555555555358e+01 2.777777777777777857e+01 1.100000000000000000e+01
1.800000000000000000e+01 1.639209225700164652e+01 3.055555555555555358e+01 1.944444444444444642e+01 1.100000000000000000e+01
1.900000000000000000e+01 1.602141680395387269e+01 2.777777777777777857e+01 2.222222222222222143e+01 1.000000000000000000e+01
2.000000000000000000e+01 1.655683690280065790e+01 3.611111111111110716e+01 1.666666666666666430e+01 1.300000000000000000e+01
2.100000000000000000e+01 1.589785831960461238e+01 2.500000000000000000e+01 1.944444444444444642e+01 9.000000000000000000e+00
2.200000000000000000e+01 1.474464579901153272e+01 4.166666666666667140e+01 1.666666666666666430e+01 1.500000000000000000e+01
2.300000000000000000e+01 1.416803953871499111e+01 4.166666666666667140e+01 1.944444444444444642e+01 1.500000000000000000e+01
2.400000000000000000e+01 1.420922570016474573e+01 4.722222222222222854e+01 3.055555555555555358e+01 1.700000000000000000e+01
2.500000000000000000e+01 1.507413509060955548e+01 3.055555555555555358e+01 3.055555555555555358e+01 1.100000000000000000e+01
2.600000000000000000e+01 1.630971993410214083e+01 2.500000000000000000e+01 4.444444444444444287e+01 9.000000000000000000e+00
2.700000000000000000e+01 1.441515650741350996e+01 3.611111111111110716e+01 2.777777777777777857e+01 1.300000000000000000e+01
2.800000000000000000e+01 1.449752883031301387e+01 3.055555555555555358e+01 4.166666666666667140e+01 1.100000000000000000e+01
2.900000000000000000e+01 1.560955518945634246e+01 3.888888888888889284e+01 1.388888888888888928e+01 1.400000000000000000e+01
3.000000000000000000e+01 1.593904448105436522e+01 2.777777777777777857e+01 8.333333333333332149e+00 1.000000000000000000e+01
3.100000000000000000e+01 1.503294892915980263e+01 3.888888888888889284e+01 5.555555555555555358e+00 1.400000000000000000e+01
3.200000000000000000e+01 1.511532125205930832e+01 3.888888888888889284e+01 1.111111111111111072e+01 1.400000000000000000e+01
3.300000000000000000e+01 1.379736408566721551e+01 6.388888888888889284e+01 8.333333333333332149e+00 2.300000000000000000e+01
3.400000000000000000e+01 1.519769357495881579e+01 1.666666666666666430e+01 8.333333333333332149e+00 6.000000000000000000e+00
3.500000000000000000e+01 1.548599670510708215e+01 2.777777777777777857e+01 1.388888888888888928e+01 1.000000000000000000e+01
3.600000000000000000e+01 1.462108731466227241e+01 1.666666666666666430e+01 1.388888888888888928e+01 6.000000000000000000e+00
3.700000000000000000e+01 1.470345963756177987e+01 1.388888888888888928e+01 1.666666666666666430e+01 5.000000000000000000e+00
3.800000000000000000e+01 1.404448105436573435e+01 2.222222222222222143e+01 1.944444444444444642e+01 8.000000000000000000e+00
3.900000000000000000e+01 1.433278418451400249e+01 1.944444444444444642e+01 3.055555555555555358e+01 7.000000000000000000e+00
4.000000000000000000e+01 1.420922570016474573e+01 1.666666666666666430e+01 1.944444444444444642e+01 6.000000000000000000e+00
4.100000000000000000e+01 1.379736408566721551e+01 1.666666666666666430e+01 2.500000000000000000e+01 6.000000000000000000e+00
4.200000000000000000e+01 1.371499176276770804e+01 1.388888888888888928e+01 1.388888888888888928e+01 5.000000000000000000e+00
4.300000000000000000e+01 1.338550247116968528e+01 8.333333333333332149e+00 1.111111111111111072e+01 3.000000000000000000e+00
4.400000000000000000e+01 1.322075782537067390e+01 2.500000000000000000e+01 8.333333333333332149e+00 9.000000000000000000e+00
4.500000000000000000e+01 1.305601317957166252e+01 1.944444444444444642e+01 5.555555555555555358e+00 7.000000000000000000e+00
4.600000000000000000e+01 1.289126853377265114e+01 3.333333333333332860e+01 5.555555555555555358e+00 1.200000000000000000e+01
4.700000000000000000e+01 1.416803953871499111e+01 3.055555555555555358e+01 5.555555555555555358e+00 1.100000000000000000e+01
4.800000000000000000e+01 1.289126853377265114e+01 5.555555555555555713e+01 8.333333333333332149e+00 2.000000000000000000e+01
4.900000000000000000e+01 1.260296540362438300e+01 3.611111111111110716e+01 8.333333333333332149e+00 1.300000000000000000e+01
5.000000000000000000e+01 1.272652388797363976e+01 3.888888888888889284e+01 8.333333333333332149e+00 1.400000000000000000e+01
5.100000000000000000e+01 1.206754530477759602e+01 3.055555555555555358e+01 8.333333333333332149e+00 1.100000000000000000e+01
5.200000000000000000e+01 1.235584843492586415e+01 4.166666666666667140e+01 8.333333333333332149e+00 1.500000000000000000e+01
5.300000000000000000e+01 1.173805601317957148e+01 4.444444444444444287e+01 5.555555555555555358e+00 1.600000000000000000e+01
5.400000000000000000e+01 1.116144975288303165e+01 4.444444444444444287e+01 0.000000000000000000e+00 1.600000000000000000e+01
5.500000000000000000e+01 1.124382207578253734e+01 5.277777777777777857e+01 0.000000000000000000e+00 1.900000000000000000e+01
5.600000000000000000e+01 1.149093904448105441e+01 1.666666666666666430e+01 0.000000000000000000e+00 6.000000000000000000e+00
5.700000000000000000e+01 1.165568369028006579e+01 2.500000000000000000e+01 0.000000000000000000e+00 9.000000000000000000e+00
5.800000000000000000e+01 1.198517298187809033e+01 1.944444444444444642e+01 0.000000000000000000e+00 7.000000000000000000e+00
5.900000000000000000e+01 1.235584843492586415e+01 3.333333333333332860e+01 0.000000000000000000e+00 1.200000000000000000e+01
6.000000000000000000e+01 1.091433278418451280e+01 3.888888888888889284e+01 0.000000000000000000e+00 1.400000000000000000e+01
6.100000000000000000e+01 1.165568369028006579e+01 3.888888888888889284e+01 0.000000000000000000e+00 1.400000000000000000e+01
6.200000000000000000e+01 1.107907742998352418e+01 2.500000000000000000e+01 0.000000000000000000e+00 9.000000000000000000e+00
6.300000000000000000e+01 1.099670510708401849e+01 3.055555555555555358e+01 0.000000000000000000e+00 1.100000000000000000e+01
6.400000000000000000e+01 1.153212520593080725e+01 5.000000000000000000e+01 0.000000000000000000e+00 1.800000000000000000e+01
6.500000000000000000e+01 1.268533772652388691e+01 1.944444444444444642e+01 0.000000000000000000e+00 7.000000000000000000e+00
6.600000000000000000e+01 1.367380560131795697e+01 3.055555555555555358e+01 0.000000000000000000e+00 1.100000000000000000e+01
6.700000000000000000e+01 1.256177924217462838e+01 1.388888888888888928e+01 0.000000000000000000e+00 5.000000000000000000e+00
6.800000000000000000e+01 1.260296540362438300e+01 1.666666666666666430e+01 0.000000000000000000e+00 6.000000000000000000e+00
6.900000000000000000e+01 1.243822075782536984e+01 2.500000000000000000e+01 0.000000000000000000e+00 9.000000000000000000e+00
7.000000000000000000e+01 1.239703459637561878e+01 3.888888888888889284e+01 0.000000000000000000e+00 1.400000000000000000e+01
7.100000000000000000e+01 1.186161449752883001e+01 2.777777777777777857e+01 0.000000000000000000e+00 1.000000000000000000e+01
7.200000000000000000e+01 1.186161449752883001e+01 4.722222222222222854e+01 0.000000000000000000e+00 1.700000000000000000e+01
7.300000000000000000e+01 1.202635914332784139e+01 3.333333333333332860e+01 0.000000000000000000e+00 1.200000000000000000e+01
7.400000000000000000e+01 1.338550247116968528e+01 3.055555555555555358e+01 0.000000000000000000e+00 1.100000000000000000e+01
7.500000000000000000e+01 1.190280065897858286e+01 3.055555555555555358e+01 0.000000000000000000e+00 1.100000000000000000e+01
7.600000000000000000e+01 1.264415156507413585e+01 3.333333333333332860e+01 0.000000000000000000e+00 1.200000000000000000e+01
7.700000000000000000e+01 1.231466227347611309e+01 4.722222222222222854e+01 0.000000000000000000e+00 1.700000000000000000e+01
7.800000000000000000e+01 1.280889621087314723e+01 3.333333333333332860e+01 0.000000000000000000e+00 1.200000000000000000e+01
7.900000000000000000e+01 1.177924217462932432e+01 4.722222222222222854e+01 0.000000000000000000e+00 1.700000000000000000e+01
8.000000000000000000e+01 1.223228995057660740e+01 3.333333333333332860e+01 0.000000000000000000e+00 1.200000000000000000e+01
8.100000000000000000e+01 1.116144975288303165e+01 4.166666666666667140e+01 0.000000000000000000e+00 1.500000000000000000e+01
8.200000000000000000e+01 1.223228995057660740e+01 3.888888888888889284e+01 0.000000000000000000e+00 1.400000000000000000e+01
8.300000000000000000e+01 1.169686985172981863e+01 4.722222222222222854e+01 0.000000000000000000e+00 1.700000000000000000e+01
8.400000000000000000e+01 1.214991762767710171e+01 3.888888888888889284e+01 0.000000000000000000e+00 1.400000000000000000e+01
8.500000000000000000e+01 1.210873146622734708e+01 4.722222222222222854e+01 0.000000000000000000e+00 1.700000000000000000e+01
8.600000000000000000e+01 1.095551894563426742e+01 2.500000000000000000e+01 0.000000000000000000e+00 9.000000000000000000e+00
8.700000000000000000e+01 1.066721581548599573e+01 2.777777777777777857e+01 0.000000000000000000e+00 1.000000000000000000e+01
8.800000000000000000e+01 1.004942339373970306e+01 4.166666666666667140e+01 0.000000000000000000e+00 1.500000000000000000e+01
8.900000000000000000e+01 1.161449752883031294e+01 4.166666666666667140e+01 0.000000000000000000e+00 1.500000000000000000e+01
9.000000000000000000e+01 1.095551894563426742e+01 3.888888888888889284e+01 0.000000000000000000e+00 1.400000000000000000e+01
9.100000000000000000e+01 1.219110378912685277e+01 4.444444444444444287e+01 0.000000000000000000e+00 1.600000000000000000e+01
9.200000000000000000e+01 1.190280065897858286e+01 2.777777777777777857e+01 0.000000000000000000e+00 1.000000000000000000e+01
9.300000000000000000e+01 1.239703459637561878e+01 5.277777777777777857e+01 0.000000000000000000e+00 1.900000000000000000e+01
9.400000000000000000e+01 1.149093904448105441e+01 1.666666666666666430e+01 0.000000000000000000e+00 6.000000000000000000e+00
9.500000000000000000e+01 1.231466227347611309e+01 1.944444444444444642e+01 0.000000000000000000e+00 7.000000000000000000e+00
9.600000000000000000e+01 1.083196046128500711e+01 1.944444444444444642e+01 0.000000000000000000e+00 7.000000000000000000e+00
9.700000000000000000e+01 1.128500823723229018e+01 2.500000000000000000e+01 0.000000000000000000e+00 9.000000000000000000e+00
9.800000000000000000e+01 1.091433278418451280e+01 2.222222222222222143e+01 0.000000000000000000e+00 8.000000000000000000e+00
9.900000000000000000e+01 1.042009884678747866e+01 3.055555555555555358e+01 0.000000000000000000e+00 1.100000000000000000e+01
1.000000000000000000e+02 1.062602965403624466e+01 2.500000000000000000e+01 0.000000000000000000e+00 9.000000000000000000e+00
1.010000000000000000e+02 1.169686985172981863e+01 2.222222222222222143e+01 0.000000000000000000e+00 8.000000000000000000e+00
1.020000000000000000e+02 1.013179571663920875e+01 2.500000000000000000e+01 0.000000000000000000e+00 9.000000000000000000e+00
1.030000000000000000e+02 1.103789126853377311e+01 3.333333333333332860e+01 0.000000000000000000e+00 1.200000000000000000e+01
1.040000000000000000e+02 1.037891268533772759e+01 3.055555555555555358e+01 0.000000000000000000e+00 1.100000000000000000e+01
1.050000000000000000e+02 1.025535420098846728e+01 2.777777777777777857e+01 0.000000000000000000e+00 1.000000000000000000e+01
1.060000000000000000e+02 9.967051070840197369e+00 3.333333333333332860e+01 0.000000000000000000e+00 1.200000000000000000e+01
1.070000000000000000e+02 8.978583196046129089e+00 2.222222222222222143e+01 0.000000000000000000e+00 8.000000000000000000e+00
1.080000000000000000e+02 9.184514003294893314e+00 2.777777777777777857e+01 0.000000000000000000e+00 1.000000000000000000e+01
1.090000000000000000e+02 8.731466227347612019e+00 3.333333333333332860e+01 0.000000000000000000e+00 1.200000000000000000e+01
1.100000000000000000e+02 9.678747940691927454e+00 2.777777777777777857e+01 0.000000000000000000e+00 1.000000000000000000e+01
1.110000000000000000e+02 8.978583196046129089e+00 3.055555555555555358e+01 2.777777777777777679e+00 1.100000000000000000e+01
1.120000000000000000e+02 9.719934102141680299e+00 1.944444444444444642e+01 2.777777777777777679e+00 7.000000000000000000e+00
1.130000000000000000e+02 9.678747940691927454e+00 2.222222222222222143e+01 5.555555555555555358e+00 8.000000000000000000e+00
1.140000000000000000e+02 1.128500823723229018e+01 1.111111111111111072e+01 8.333333333333332149e+00 4.000000000000000000e+00
1.150000000000000000e+02 1.004942339373970306e+01 1.666666666666666430e+01 8.333333333333332149e+00 6.000000000000000000e+00
1.160000000000000000e+02 1.017298187808896159e+01 1.666666666666666430e+01 1.111111111111111072e+01 6.000000000000000000e+00
1.170000000000000000e+02 1.120263591433278449e+01 8.333333333333332149e+00 1.111111111111111072e+01 3.000000000000000000e+00
1.180000000000000000e+02 9.843492586490938834e+00 8.333333333333332149e+00 2.222222222222222143e+01 3.000000000000000000e+00
1.190000000000000000e+02 9.019769357495881934e+00 1.388888888888888928e+01 1.111111111111111072e+01 5.000000000000000000e+00
1.200000000000000000e+02 9.349258649093904694e+00 1.944444444444444642e+01 5.555555555555555358e+00 7.000000000000000000e+00
1.210000000000000000e+02 9.390444810543657539e+00 2.500000000000000000e+01 0.000000000000000000e+00 9.000000000000000000e+00
1.220000000000000000e+02 9.925864909390444524e+00 3.055555555555555358e+01 0.000000000000000000e+00 1.100000000000000000e+01
1.230000000000000000e+02 1.074958813838550142e+01 1.944444444444444642e+01 0.000000000000000000e+00 7.000000000000000000e+00
1.240000000000000000e+02 9.019769357495881934e+00 4.166666666666667140e+01 0.000000000000000000e+00 1.500000000000000000e+01
1.250000000000000000e+02 8.896210873146623399e+00 2.222222222222222143e+01 0.000000000000000000e+00 8.000000000000000000e+00
1.260000000000000000e+02 8.278418451400328948e+00 3.055555555555555358e+01 0.000000000000000000e+00 1.100000000000000000e+01
1.270000000000000000e+02 8.649093904448106329e+00 2.222222222222222143e+01 0.000000000000000000e+00 8.000000000000000000e+00
1.280000000000000000e+02 9.102141680395387624e+00 2.500000000000000000e+01 0.000000000000000000e+00 9.000000000000000000e+00
1.290000000000000000e+02 8.113673805601317568e+00 2.500000000000000000e+01 0.000000000000000000e+00 9.000000000000000000e+00
1.300000000000000000e+02 7.578253706754529695e+00 3.055555555555555358e+01 0.000000000000000000e+00 1.100000000000000000e+01
1.310000000000000000e+02 7.742998352553541075e+00 2.777777777777777857e+01 0.000000000000000000e+00 1.000000000000000000e+01
1.320000000000000000e+02 8.031301482701811878e+00 2.500000000000000000e+01 0.000000000000000000e+00 9.000000000000000000e+00
1.330000000000000000e+02 7.495881383855024005e+00 2.222222222222222143e+01 0.000000000000000000e+00 8.000000000000000000e+00
1.340000000000000000e+02 7.495881383855024005e+00 1.666666666666666430e+01 0.000000000000000000e+00 6.000000000000000000e+00
1.350000000000000000e+02 7.413509060955518315e+00 1.944444444444444642e+01 0.000000000000000000e+00 7.000000000000000000e+00
1.360000000000000000e+02 7.990115321252059033e+00 1.944444444444444642e+01 0.000000000000000000e+00 7.000000000000000000e+00
1.370000000000000000e+02 7.413509060955518315e+00 2.222222222222222143e+01 0.000000000000000000e+00 8.000000000000000000e+00
1.380000000000000000e+02 6.919275123558484175e+00 3.333333333333332860e+01 0.000000000000000000e+00 1.200000000000000000e+01
1.390000000000000000e+02 7.125205930807249288e+00 2.777777777777777857e+01 0.000000000000000000e+00 1.000000000000000000e+01
1.400000000000000000e+02 6.630971993410214260e+00 5.555555555555555713e+01 0.000000000000000000e+00 2.000000000000000000e+01
1.410000000000000000e+02 7.907742998352553343e+00 1.388888888888888928e+01 0.000000000000000000e+00 5.000000000000000000e+00
1.420000000000000000e+02 8.154859967051070413e+00 0.000000000000000000e+00 0.000000000000000000e+00 -6.000000000000000000e+03
