# step, world, group,control
0.000000000000000000e+00 2.602965403624381935e+01 2.777777777777777857e+01 2.500000000000000000e+01 1.000000000000000000e+01
1.000000000000000000e+00 2.359967051070839972e+01 3.611111111111110716e+01 3.055555555555555358e+01 1.300000000000000000e+01
2.000000000000000000e+00 2.322899505766062589e+01 2.777777777777777857e+01 3.888888888888889284e+01 1.000000000000000000e+01
3.000000000000000000e+00 2.174629324546952347e+01 2.777777777777777857e+01 3.611111111111110716e+01 1.000000000000000000e+01
4.000000000000000000e+00 2.096375617792421764e+01 3.888888888888889284e+01 4.444444444444444287e+01 1.400000000000000000e+01
5.000000000000000000e+00 2.071663920922570057e+01 1.388888888888888928e+01 3.333333333333332860e+01 5.000000000000000000e+00
6.000000000000000000e+00 1.845140032948929232e+01 1.944444444444444642e+01 3.611111111111110716e+01 7.000000000000000000e+00
7.000000000000000000e+00 1.692751235584843528e+01 3.055555555555555358e+01 4.166666666666667140e+01 1.100000000000000000e+01
8.000000000000000000e+00 1.820428336079077525e+01 3.055555555555555358e+01 2.222222222222222143e+01 1.100000000000000000e+01
9.000000000000000000e+00 1.622734761120263514e+01 2.222222222222222143e+01 2.500000000000000000e+01 8.000000000000000000e+00
1.000000000000000000e+01 1.709225700164744666e+01 3.611111111111110716e+01 3.333333333333332860e+01 1.300000000000000000e+01
1.100000000000000000e+01 1.643327841845140114e+01 2.500000000000000000e+01 4.166666666666667140e+01 9.000000000000000000e+00
1.200000000000000000e+01 1.672158154859966928e+01 3.611111111111110716e+01 2.777777777777777857e+01 1.300000000000000000e+01
1.300000000000000000e+01 1.495057660626029694e+01 3.611111111111110716e+01 3.333333333333332860e+01 1.300000000000000000e+01
1.400000000000000000e+01 1.482701812191103663e+01 1.944444444444444642e+01 2.777777777777777857e+01 7.000000000000000000e+00
1.500000000000000000e+01 1.412685337726523827e+01 2.777777777777777857e+01 2.777777777777777857e+01 1.000000000000000000e+01
1.600000000000000000e+01 1.392092257001647582e+01 3.055555555555555358e+01 3.055555555555555358e+01 1.100000000000000000e+01
1.700000000000000000e+01 1.305601317957166252e+01 2.500000000000000000e+01 4.166666666666667140e+01 9.000000000000000000e+00
1.800000000000000000e+01 1.272652388797363976e+01 2.500000000000000000e+01 3.888888888888889284e+01 9.000000000000000000e+00
1.900000000000000000e+01 1.396210873146622689e+01 3.333333333333332860e+01 2.777777777777777857e+01 1.200000000000000000e+01
2.000000000000000000e+01 1.400329489291597973e+01 3.611111111111110716e+01 4.722222222222222854e+01 1.300000000000000000e+01
2.100000000000000000e+01 1.363261943986820413e+01 1.944444444444444642e+01 2.500000000000000000e+01 7.000000000000000000e+00
2.200000000000000000e+01 1.470345963756177987e+01 2.500000000000000000e+01 1.388888888888888928e+01 9.000000000000000000e+00
2.300000000000000000e+01 1.462108731466227241e+01 1.944444444444444642e+01 2.222222222222222143e+01 7.000000000000000000e+00
2.400000000000000000e+01 1.499176276771004801e+01 3.888888888888889284e+01 2.777777777777777857e+01 1.400000000000000000e+01
2.500000000000000000e+01 1.313838550247116999e+01 3.055555555555555358e+01 1.388888888888888928e+01 1.100000000000000000e+01
2.600000000000000000e+01 1.359143327841845306e+01 3.611111111111110716e+01 1.666666666666666430e+01 1.300000000000000000e+01
2.700000000000000000e+01 1.293245469522240576e+01 2.500000000000000000e+01 1.388888888888888928e+01 9.000000000000000000e+00
2.800000000000000000e+01 1.334431630971993421e+01 1.944444444444444642e+01 1.388888888888888928e+01 7.000000000000000000e+00
2.900000000000000000e+01 1.305601317957166252e+01 3.055555555555555358e+01 1.944444444444444642e+01 1.100000000000000000e+01
3.000000000000000000e+01 1.387973640856671942e+01 2.222222222222222143e+01 2.500000000000000000e+01 8.000000000000000000e+00
3.100000000000000000e+01 1.416803953871499111e+01 1.944444444444444642e+01 2.222222222222222143e+01 7.000000000000000000e+00
3.200000000000000000e+01 1.420922570016474573e+01 2.222222222222222143e+01 2.777777777777777857e+01 8.000000000000000000e+00
3.300000000000000000e+01 1.429159802306424965e+01 1.388888888888888928e+01 1.944444444444444642e+01 5.000000000000000000e+00
3.400000000000000000e+01 1.396210873146622689e+01 1.944444444444444642e+01 3.333333333333332860e+01 7.000000000000000000e+00
3.500000000000000000e+01 1.416803953871499111e+01 1.111111111111111072e+01 1.666666666666666430e+01 4.000000000000000000e+00
3.600000000000000000e+01 1.264415156507413585e+01 1.111111111111111072e+01 1.944444444444444642e+01 4.000000000000000000e+00
3.700000000000000000e+01 1.330313014827018137e+01 1.944444444444444642e+01 2.500000000000000000e+01 7.000000000000000000e+00
3.800000000000000000e+01 1.227347611202635846e+01 1.111111111111111072e+01 2.777777777777777857e+01 4.000000000000000000e+00
3.900000000000000000e+01 1.342668863261943990e+01 1.666666666666666430e+01 1.944444444444444642e+01 6.000000000000000000e+00
4.000000000000000000e+01 1.095551894563426742e+01 1.944444444444444642e+01 3.611111111111110716e+01 7.000000000000000000e+00
4.100000000000000000e+01 1.029654036243822013e+01 2.222222222222222143e+01 4.722222222222222854e+01 8.000000000000000000e+00
4.200000000000000000e+01 1.124382207578253734e+01 3.055555555555555358e+01 1.944444444444444642e+01 1.100000000000000000e+01
4.300000000000000000e+01 1.161449752883031294e+01 3.888888888888889284e+01 1.111111111111111072e+01 1.400000000000000000e+01
4.400000000000000000e+01 1.107907742998352418e+01 3.333333333333332860e+01 2.222222222222222143e+01 1.200000000000000000e+01
4.500000000000000000e+01 1.252059308072487553e+01 2.777777777777777857e+01 1.111111111111111072e+01 1.000000000000000000e+01
4.600000000000000000e+01 1.256177924217462838e+01 2.500000000000000000e+01 0.000000000000000000e+00 9.000000000000000000e+00
4.700000000000000000e+01 1.375617792421746444e+01 3.333333333333332860e+01 0.000000000000000000e+00 1.200000000000000000e+01
4.800000000000000000e+01 1.371499176276770804e+01 2.777777777777777857e+01 5.555555555555555358e+00 1.000000000000000000e+01
4.900000000000000000e+01 1.396210873146622689e+01 4.722222222222222854e+01 8.333333333333332149e+00 1.700000000000000000e+01
5.000000000000000000e+01 1.457990115321252134e+01 3.333333333333332860e+01 8.333333333333332149e+00 1.200000000000000000e+01
5.100000000000000000e+01 1.309719934102141714e+01 5.277777777777777857e+01 5.555555555555555358e+00 1.900000000000000000e+01
5.200000000000000000e+01 1.342668863261943990e+01 2.777777777777777857e+01 0.000000000000000000e+00 1.000000000000000000e+01
5.300000000000000000e+01 1.396210873146622689e+01 3.611111111111110716e+01 0.000000000000000000e+00 1.300000000000000000e+01
5.400000000000000000e+01 1.556836902800658962e+01 3.333333333333332860e+01 1.388888888888888928e+01 1.200000000000000000e+01
5.500000000000000000e+01 1.363261943986820413e+01 2.777777777777777857e+01 8.333333333333332149e+00 1.000000000000000000e+01
5.600000000000000000e+01 1.379736408566721551e+01 4.444444444444444287e+01 1.111111111111111072e+01 1.600000000000000000e+01
5.700000000000000000e+01 1.326194398682042852e+01 2.500000000000000000e+01 1.388888888888888928e+01 9.000000000000000000e+00
5.800000000000000000e+01 1.371499176276770804e+01 3.611111111111110716e+01 2.222222222222222143e+01 1.300000000000000000e+01
5.900000000000000000e+01 1.326194398682042852e+01 3.055555555555555358e+01 1.944444444444444642e+01 1.100000000000000000e+01
6.000000000000000000e+01 1.252059308072487553e+01 3.888888888888889284e+01 3.333333333333332860e+01 1.400000000000000000e+01
6.100000000000000000e+01 1.330313014827018137e+01 3.611111111111110716e+01 1.944444444444444642e+01 1.300000000000000000e+01
6.200000000000000000e+01 1.239703459637561878e+01 5.277777777777777857e+01 3.055555555555555358e+01 1.900000000000000000e+01
6.300000000000000000e+01 1.260296540362438300e+01 1.944444444444444642e+01 1.944444444444444642e+01 7.000000000000000000e+00
6.400000000000000000e+01 1.198517298187809033e+01 2.222222222222222143e+01 3.611111111111110716e+01 8.000000000000000000e+00
6.500000000000000000e+01 1.293245469522240576e+01 1.666666666666666430e+01 1.666666666666666430e+01 6.000000000000000000e+00
6.600000000000000000e+01 1.194398682042833570e+01 1.944444444444444642e+01 8.333333333333332149e+00 7.000000000000000000e+00
6.700000000000000000e+01 1.227347611202635846e+01 2.777777777777777857e+01 8.333333333333332149e+00 1.000000000000000000e+01
6.800000000000000000e+01 1.252059308072487553e+01 2.500000000000000000e+01 1.111111111111111072e+01 9.000000000000000000e+00
6.900000000000000000e+01 1.416803953871499111e+01 1.388888888888888928e+01 1.666666666666666430e+01 5.000000000000000000e+00
7.000000000000000000e+01 1.243822075782536984e+01 1.666666666666666430e+01 5.555555555555555358e+00 6.000000000000000000e+00
7.100000000000000000e+01 1.355024711696869666e+01 2.500000000000000000e+01 5.555555555555555358e+00 9.000000000000000000e+00
7.200000000000000000e+01 1.264415156507413585e+01 3.333333333333332860e+01 0.000000000000000000e+00 1.200000000000000000e+01
7.300000000000000000e+01 1.285008237232289829e+01 4.444444444444444287e+01 0.000000000000000000e+00 1.600000000000000000e+01
7.400000000000000000e+01 1.338550247116968528e+01 1.666666666666666430e+01 0.000000000000000000e+00 6.000000000000000000e+00
7.500000000000000000e+01 1.276771004942339438e+01 2.777777777777777857e+01 0.000000000000000000e+00 1.000000000000000000e+01
7.600000000000000000e+01 1.144975288303130156e+01 3.611111111111110716e+01 0.000000000000000000e+00 1.300000000000000000e+01
7.700000000000000000e+01 1.206754530477759602e+01 2.222222222222222143e+01 0.000000000000000000e+00 8.000000000000000000e+00
7.800000000000000000e+01 1.235584843492586415e+01 3.888888888888889284e+01 0.000000000000000000e+00 1.400000000000000000e+01
7.900000000000000000e+01 1.169686985172981863e+01 1.666666666666666430e+01 0.000000000000000000e+00 6.000000000000000000e+00
8.000000000000000000e+01 1.276771004942339438e+01 1.944444444444444642e+01 0.000000000000000000e+00 7.000000000000000000e+00
8.100000000000000000e+01 1.247940691927512447e+01 2.500000000000000000e+01 0.000000000000000000e+00 9.000000000000000000e+00
8.200000000000000000e+01 1.231466227347611309e+01 3.055555555555555358e+01 0.000000000000000000e+00 1.100000000000000000e+01
8.300000000000000000e+01 1.256177924217462838e+01 1.944444444444444642e+01 0.000000000000000000e+00 7.000000000000000000e+00
8.400000000000000000e+01 1.268533772652388691e+01 3.333333333333332860e+01 0.000000000000000000e+00 1.200000000000000000e+01
8.500000000000000000e+01 1.309719934102141714e+01 4.722222222222222854e+01 2.777777777777777679e+00 1.700000000000000000e+01
8.600000000000000000e+01 1.190280065897858286e+01 2.222222222222222143e+01 2.777777777777777679e+00 8.000000000000000000e+00
8.700000000000000000e+01 1.256177924217462838e+01 2.777777777777777857e+01 2.777777777777777679e+00 1.000000000000000000e+01
8.800000000000000000e+01 1.219110378912685277e+01 2.222222222222222143e+01 0.000000000000000000e+00 8.000000000000000000e+00
8.900000000000000000e+01 1.219110378912685277e+01 3.055555555555555358e+01 0.000000000000000000e+00 1.100000000000000000e+01
9.000000000000000000e+01 1.124382207578253734e+01 2.777777777777777857e+01 0.000000000000000000e+00 1.000000000000000000e+01
9.100000000000000000e+01 1.157331136738056010e+01 3.333333333333332860e+01 0.000000000000000000e+00 1.200000000000000000e+01
9.200000000000000000e+01 1.247940691927512447e+01 1.944444444444444642e+01 0.000000000000000000e+00 7.000000000000000000e+00
9.300000000000000000e+01 1.161449752883031294e+01 1.666666666666666430e+01 0.000000000000000000e+00 6.000000000000000000e+00
9.400000000000000000e+01 1.161449752883031294e+01 1.111111111111111072e+01 0.000000000000000000e+00 4.000000000000000000e+00
9.500000000000000000e+01 1.128500823723229018e+01 5.555555555555555358e+00 2.777777777777777679e+00 2.000000000000000000e+00
9.600000000000000000e+01 1.165568369028006579e+01 2.777777777777777679e+00 2.777777777777777679e+00 1.000000000000000000e+00
9.700000000000000000e+01 1.194398682042833570e+01 2.777777777777777679e+00 2.777777777777777679e+00 1.000000000000000000e+00
9.800000000000000000e+01 1.256177924217462838e+01 2.777777777777777679e+00 5.555555555555555358e+00 1.000000000000000000e+00
9.900000000000000000e+01 1.317957166392092283e+01 2.777777777777777679e+00 5.555555555555555358e+00 1.000000000000000000e+00
1.000000000000000000e+02 1.396210873146622689e+01 2.777777777777777679e+00 5.555555555555555358e+00 1.000000000000000000e+00
1.010000000000000000e+02 1.322075782537067390e+01 2.777777777777777679e+00 5.555555555555555358e+00 1.000000000000000000e+00
1.020000000000000000e+02 1.289126853377265114e+01 5.555555555555555358e+00 0.000000000000000000e+00 2.000000000000000000e+00
1.030000000000000000e+02 1.379736408566721551e+01 5.555555555555555358e+00 0.000000000000000000e+00 2.000000000000000000e+00
1.040000000000000000e+02 1.280889621087314723e+01 1.111111111111111072e+01 0.000000000000000000e+00 4.000000000000000000e+00
1.050000000000000000e+02 1.289126853377265114e+01 5.555555555555555358e+00 0.000000000000000000e+00 2.000000000000000000e+00
1.060000000000000000e+02 1.272652388797363976e+01 5.555555555555555358e+00 0.000000000000000000e+00 2.000000000000000000e+00
1.070000000000000000e+02 1.256177924217462838e+01 8.333333333333332149e+00 2.777777777777777679e+00 3.000000000000000000e+00
1.080000000000000000e+02 1.206754530477759602e+01 8.333333333333332149e+00 2.777777777777777679e+00 3.000000000000000000e+00
1.090000000000000000e+02 1.198517298187809033e+01 1.111111111111111072e+01 2.777777777777777679e+00 4.000000000000000000e+00
1.100000000000000000e+02 1.173805601317957148e+01 8.333333333333332149e+00 2.777777777777777679e+00 3.000000000000000000e+00
1.110000000000000000e+02 1.247940691927512447e+01 1.388888888888888928e+01 5.555555555555555358e+00 5.000000000000000000e+00
1.120000000000000000e+02 1.272652388797363976e+01 5.555555555555555358e+00 5.555555555555555358e+00 2.000000000000000000e+00
1.130000000000000000e+02 1.149093904448105441e+01 5.555555555555555358e+00 8.333333333333332149e+00 2.000000000000000000e+00
1.140000000000000000e+02 1.120263591433278449e+01 0.000000000000000000e+00 8.333333333333332149e+00 -6.000000000000000000e+03
