# step, world, group,control
0.000000000000000000e+00 2.615321252059308321e+01 3.611111111111110716e+01 1.388888888888888928e+01 1.300000000000000000e+01
1.000000000000000000e+00 2.289950576606260313e+01 3.333333333333332860e+01 0.000000000000000000e+00 1.200000000000000000e+01
2.000000000000000000e+00 2.401153212520593172e+01 4.166666666666667140e+01 0.000000000000000000e+00 1.500000000000000000e+01
3.000000000000000000e+00 2.273476112026359175e+01 3.055555555555555358e+01 0.000000000000000000e+00 1.100000000000000000e+01
4.000000000000000000e+00 2.409390444810543386e+01 3.333333333333332860e+01 0.000000000000000000e+00 1.200000000000000000e+01
5.000000000000000000e+00 2.158154859967051209e+01 4.166666666666667140e+01 2.777777777777777679e+00 1.500000000000000000e+01
6.000000000000000000e+00 2.096375617792421764e+01 4.166666666666667140e+01 0.000000000000000000e+00 1.500000000000000000e+01
7.000000000000000000e+00 1.981054365733113798e+01 5.000000000000000000e+01 0.000000000000000000e+00 1.800000000000000000e+01
8.000000000000000000e+00 2.009884678747940612e+01 2.777777777777777857e+01 0.000000000000000000e+00 1.000000000000000000e+01
9.000000000000000000e+00 2.038714991762767781e+01 1.944444444444444642e+01 0.000000000000000000e+00 7.000000000000000000e+00
1.000000000000000000e+01 1.816309719934102063e+01 1.944444444444444642e+01 1.111111111111111072e+01 7.000000000000000000e+00
1.100000000000000000e+01 1.849258649093904339e+01 3.055555555555555358e+01 8.333333333333332149e+00 1.100000000000000000e+01
1.200000000000000000e+01 1.828665568369028094e+01 5.000000000000000000e+01 5.555555555555555358e+00 1.800000000000000000e+01
1.300000000000000000e+01 1.915156507413509246e+01 2.222222222222222143e+01 5.555555555555555358e+00 8.000000000000000000e+00
1.400000000000000000e+01 1.700988467874794097e+01 2.777777777777777857e+01 8.333333333333332149e+00 1.000000000000000000e+01
1.500000000000000000e+01 1.705107084019769204e+01 3.055555555555555358e+01 8.333333333333332149e+00 1.100000000000000000e+01
1.600000000000000000e+01 1.552718286655683855e+01 2.777777777777777857e+01 1.666666666666666430e+01 1.000000000000000000e+01
1.700000000000000000e+01 1.598023064250411807e+01 1.666666666666666430e+01 1.111111111111111072e+01 6.000000000000000000e+00
1.800000000000000000e+01 1.573311367380560100e+01 2.500000000000000000e+01 1.111111111111111072e+01 9.000000000000000000e+00
1.900000000000000000e+01 1.606260296540362376e+01 1.388888888888888928e+01 1.388888888888888928e+01 5.000000000000000000e+00
2.000000000000000000e+01 1.610378912685337838e+01 1.666666666666666430e+01 1.388888888888888928e+01 6.000000000000000000e+00
2.100000000000000000e+01 1.519769357495881579e+01 1.944444444444444642e+01 2.777777777777777857e+01 7.000000000000000000e+00
2.200000000000000000e+01 1.478583196046128556e+01 1.111111111111111072e+01 1.944444444444444642e+01 4.000000000000000000e+00
2.300000000000000000e+01 1.392092257001647582e+01 1.111111111111111072e+01 3.888888888888889284e+01 4.000000000000000000e+00
2.400000000000000000e+01 1.392092257001647582e+01 1.666666666666666430e+01 1.388888888888888928e+01 6.000000000000000000e+00
2.500000000000000000e+01 1.383855024711696835e+01 1.111111111111111072e+01 1.944444444444444642e+01 4.000000000000000000e+00
2.600000000000000000e+01 1.363261943986820413e+01 1.944444444444444642e+01 2.222222222222222143e+01 7.000000000000000000e+00
2.700000000000000000e+01 1.285008237232289829e+01 1.666666666666666430e+01 1.388888888888888928e+01 6.000000000000000000e+00
2.800000000000000000e+01 1.297364085667215861e+01 2.500000000000000000e+01 1.944444444444444642e+01 9.000000000000000000e+00
2.900000000000000000e+01 1.247940691927512447e+01 1.388888888888888928e+01 1.666666666666666430e+01 5.000000000000000000e+00
3.000000000000000000e+01 1.173805601317957148e+01 1.944444444444444642e+01 2.500000000000000000e+01 7.000000000000000000e+00
3.100000000000000000e+01 1.112026359143327880e+01 3.055555555555555358e+01 8.333333333333332149e+00 1.100000000000000000e+01
3.200000000000000000e+01 1.025535420098846728e+01 3.333333333333332860e+01 5.555555555555555358e+00 1.200000000000000000e+01
3.300000000000000000e+01 1.062602965403624466e+01 2.777777777777777857e+01 2.777777777777777679e+00 1.000000000000000000e+01
3.400000000000000000e+01 9.802306425041185989e+00 3.055555555555555358e+01 0.000000000000000000e+00 1.100000000000000000e+01
3.500000000000000000e+01 9.884678747940691679e+00 3.611111111111110716e+01 0.000000000000000000e+00 1.300000000000000000e+01
3.600000000000000000e+01 9.761120263591433144e+00 3.611111111111110716e+01 0.000000000000000000e+00 1.300000000000000000e+01
3.700000000000000000e+01 1.029654036243822013e+01 3.611111111111110716e+01 0.000000000000000000e+00 1.300000000000000000e+01
3.800000000000000000e+01 9.925864909390444524e+00 4.444444444444444287e+01 0.000000000000000000e+00 1.600000000000000000e+01
3.900000000000000000e+01 1.074958813838550142e+01 1.944444444444444642e+01 0.000000000000000000e+00 7.000000000000000000e+00
4.000000000000000000e+01 1.037891268533772759e+01 2.222222222222222143e+01 0.000000000000000000e+00 8.000000000000000000e+00
4.100000000000000000e+01 1.070840197693575035e+01 2.500000000000000000e+01 0.000000000000000000e+00 9.000000000000000000e+00
4.200000000000000000e+01 1.050247116968698435e+01 2.222222222222222143e+01 0.000000000000000000e+00 8.000000000000000000e+00
4.300000000000000000e+01 1.029654036243822013e+01 2.222222222222222143e+01 0.000000000000000000e+00 8.000000000000000000e+00
4.400000000000000000e+01 9.555189456342668919e+00 2.500000000000000000e+01 0.000000000000000000e+00 9.000000000000000000e+00
4.500000000000000000e+01 9.719934102141680299e+00 3.333333333333332860e+01 0.000000000000000000e+00 1.200000000000000000e+01
4.600000000000000000e+01 9.637561779242174609e+00 3.055555555555555358e+01 2.777777777777777679e+00 1.100000000000000000e+01
4.700000000000000000e+01 1.054365733113673897e+01 2.500000000000000000e+01 8.333333333333332149e+00 9.000000000000000000e+00
4.800000000000000000e+01 9.678747940691927454e+00 3.333333333333332860e+01 1.111111111111111072e+01 1.200000000000000000e+01
4.900000000000000000e+01 1.009060955518945590e+01 2.777777777777777857e+01 1.388888888888888928e+01 1.000000000000000000e+01
5.000000000000000000e+01 8.319604612850081793e+00 4.444444444444444287e+01 1.944444444444444642e+01 1.600000000000000000e+01
5.100000000000000000e+01 8.278418451400328948e+00 3.333333333333332860e+01 2.222222222222222143e+01 1.200000000000000000e+01
5.200000000000000000e+01 8.401976935749589259e+00 4.166666666666667140e+01 2.500000000000000000e+01 1.500000000000000000e+01
5.300000000000000000e+01 8.484349258649094949e+00 3.055555555555555358e+01 3.055555555555555358e+01 1.100000000000000000e+01
5.400000000000000000e+01 9.555189456342668919e+00 4.166666666666667140e+01 3.055555555555555358e+01 1.500000000000000000e+01
5.500000000000000000e+01 9.514003294892916074e+00 2.777777777777777857e+01 3.333333333333332860e+01 1.000000000000000000e+01
5.600000000000000000e+01 1.062602965403624466e+01 2.500000000000000000e+01 3.055555555555555358e+01 9.000000000000000000e+00
5.700000000000000000e+01 1.004942339373970306e+01 3.333333333333332860e+01 3.888888888888889284e+01 1.200000000000000000e+01
5.800000000000000000e+01 1.107907742998352418e+01 3.055555555555555358e+01 5.277777777777777857e+01 1.100000000000000000e+01
5.900000000000000000e+01 1.000823723228995021e+01 3.611111111111110716e+01 4.444444444444444287e+01 1.300000000000000000e+01
6.000000000000000000e+01 1.153212520593080725e+01 3.333333333333332860e+01 3.888888888888889284e+01 1.200000000000000000e+01
6.100000000000000000e+01 1.000823723228995021e+01 3.333333333333332860e+01 2.777777777777777857e+01 1.200000000000000000e+01
6.200000000000000000e+01 1.037891268533772759e+01 4.444444444444444287e+01 2.777777777777777857e+01 1.600000000000000000e+01
6.300000000000000000e+01 9.719934102141680299e+00 2.500000000000000000e+01 3.611111111111110716e+01 9.000000000000000000e+00
6.400000000000000000e+01 1.128500823723229018e+01 2.222222222222222143e+01 2.222222222222222143e+01 8.000000000000000000e+00
6.500000000000000000e+01 1.029654036243822013e+01 3.611111111111110716e+01 4.444444444444444287e+01 1.300000000000000000e+01
6.600000000000000000e+01 1.177924217462932432e+01 1.111111111111111072e+01 3.055555555555555358e+01 4.000000000000000000e+00
6.700000000000000000e+01 1.112026359143327880e+01 5.555555555555555358e+00 3.055555555555555358e+01 2.000000000000000000e+00
6.800000000000000000e+01 1.029654036243822013e+01 8.333333333333332149e+00 4.166666666666667140e+01 3.000000000000000000e+00
6.900000000000000000e+01 9.431630971993410384e+00 8.333333333333332149e+00 2.222222222222222143e+01 3.000000000000000000e+00
7.000000000000000000e+01 1.050247116968698435e+01 8.333333333333332149e+00 1.944444444444444642e+01 3.000000000000000000e+00
7.100000000000000000e+01 9.802306425041185989e+00 1.388888888888888928e+01 2.222222222222222143e+01 5.000000000000000000e+00
7.200000000000000000e+01 1.112026359143327880e+01 1.111111111111111072e+01 2.500000000000000000e+01 4.000000000000000000e+00
7.300000000000000000e+01 9.925864909390444524e+00 2.222222222222222143e+01 3.333333333333332860e+01 8.000000000000000000e+00
7.400000000000000000e+01 1.103789126853377311e+01 1.111111111111111072e+01 2.500000000000000000e+01 4.000000000000000000e+00
7.500000000000000000e+01 1.013179571663920875e+01 1.944444444444444642e+01 2.500000000000000000e+01 7.000000000000000000e+00
7.600000000000000000e+01 1.009060955518945590e+01 1.666666666666666430e+01 3.333333333333332860e+01 6.000000000000000000e+00
7.700000000000000000e+01 1.083196046128500711e+01 1.944444444444444642e+01 2.500000000000000000e+01 7.000000000000000000e+00
7.800000000000000000e+01 1.206754530477759602e+01 1.111111111111111072e+01 2.500000000000000000e+01 4.000000000000000000e+00
7.900000000000000000e+01 1.116144975288303165e+01 1.666666666666666430e+01 3.055555555555555358e+01 6.000000000000000000e+00
8.000000000000000000e+01 1.280889621087314723e+01 2.777777777777777857e+01 2.222222222222222143e+01 1.000000000000000000e+01
8.100000000000000000e+01 1.198517298187809033e+01 3.055555555555555358e+01 1.944444444444444642e+01 1.100000000000000000e+01
8.200000000000000000e+01 1.276771004942339438e+01 2.222222222222222143e+01 5.555555555555555358e+00 8.000000000000000000e+00
8.300000000000000000e+01 1.219110378912685277e+01 1.666666666666666430e+01 8.333333333333332149e+00 6.000000000000000000e+00
8.400000000000000000e+01 1.247940691927512447e+01 1.388888888888888928e+01 8.333333333333332149e+00 5.000000000000000000e+00
8.500000000000000000e+01 1.280889621087314723e+01 1.944444444444444642e+01 1.388888888888888928e+01 7.000000000000000000e+00
8.600000000000000000e+01 1.190280065897858286e+01 2.777777777777777857e+01 1.111111111111111072e+01 1.000000000000000000e+01
8.700000000000000000e+01 1.272652388797363976e+01 2.222222222222222143e+01 2.500000000000000000e+01 8.000000000000000000e+00
8.800000000000000000e+01 1.136738056013179587e+01 2.222222222222222143e+01 1.944444444444444642e+01 8.000000000000000000e+00
8.900000000000000000e+01 1.268533772652388691e+01 2.222222222222222143e+01 2.222222222222222143e+01 8.000000000000000000e+00
9.000000000000000000e+01 1.149093904448105441e+01 3.333333333333332860e+01 1.388888888888888928e+01 1.200000000000000000e+01
9.100000000000000000e+01 1.103789126853377311e+01 2.222222222222222143e+01 2.777777777777777857e+01 8.000000000000000000e+00
9.200000000000000000e+01 1.066721581548599573e+01 2.500000000000000000e+01 1.944444444444444642e+01 9.000000000000000000e+00
9.300000000000000000e+01 1.013179571663920875e+01 1.944444444444444642e+01 2.777777777777777857e+01 7.000000000000000000e+00
9.400000000000000000e+01 1.004942339373970306e+01 2.222222222222222143e+01 1.388888888888888928e+01 8.000000000000000000e+00
9.500000000000000000e+01 9.884678747940691679e+00 2.222222222222222143e+01 2.500000000000000000e+01 8.000000000000000000e+00
9.600000000000000000e+01 9.761120263591433144e+00 2.777777777777777857e+01 1.666666666666666430e+01 1.000000000000000000e+01
9.700000000000000000e+01 1.004942339373970306e+01 3.055555555555555358e+01 3.611111111111110716e+01 1.100000000000000000e+01
9.800000000000000000e+01 8.896210873146623399e+00 4.722222222222222854e+01 1.388888888888888928e+01 1.700000000000000000e+01
9.900000000000000000e+01 9.184514003294893314e+00 2.777777777777777857e+01 2.222222222222222143e+01 1.000000000000000000e+01
1.000000000000000000e+02 8.772652388797364864e+00 3.055555555555555358e+01 2.222222222222222143e+01 1.100000000000000000e+01
1.010000000000000000e+02 9.225700164744646159e+00 5.000000000000000000e+01 2.500000000000000000e+01 1.800000000000000000e+01
1.020000000000000000e+02 9.472817133443163229e+00 3.333333333333332860e+01 3.333333333333332860e+01 1.200000000000000000e+01
1.030000000000000000e+02 8.360790774299834638e+00 4.166666666666667140e+01 2.777777777777777857e+01 1.500000000000000000e+01
1.040000000000000000e+02 8.196046128500823258e+00 3.611111111111110716e+01 4.166666666666667140e+01 1.300000000000000000e+01
1.050000000000000000e+02 8.772652388797364864e+00 1.944444444444444642e+01 2.222222222222222143e+01 7.000000000000000000e+00
1.060000000000000000e+02 9.019769357495881934e+00 1.666666666666666430e+01 2.777777777777777857e+01 6.000000000000000000e+00
1.070000000000000000e+02 9.390444810543657539e+00 2.500000000000000000e+01 1.944444444444444642e+01 9.000000000000000000e+00
1.080000000000000000e+02 8.772652388797364864e+00 2.777777777777777857e+01 2.222222222222222143e+01 1.000000000000000000e+01
1.090000000000000000e+02 8.319604612850081793e+00 3.611111111111110716e+01 2.777777777777777857e+01 1.300000000000000000e+01
1.100000000000000000e+02 9.308072487644151849e+00 2.500000000000000000e+01 3.055555555555555358e+01 9.000000000000000000e+00
1.110000000000000000e+02 8.813838550247117709e+00 2.777777777777777857e+01 3.055555555555555358e+01 1.000000000000000000e+01
1.120000000000000000e+02 1.017298187808896159e+01 2.500000000000000000e+01 3.611111111111110716e+01 9.000000000000000000e+00
1.130000000000000000e+02 1.029654036243822013e+01 2.222222222222222143e+01 4.166666666666667140e+01 8.000000000000000000e+00
1.140000000000000000e+02 1.021416803953871444e+01 3.055555555555555358e+01 3.611111111111110716e+01 1.100000000000000000e+01
1.150000000000000000e+02 9.266886326194399004e+00 1.944444444444444642e+01 1.944444444444444642e+01 7.000000000000000000e+00
1.160000000000000000e+02 9.637561779242174609e+00 2.777777777777777857e+01 2.222222222222222143e+01 1.000000000000000000e+01
1.170000000000000000e+02 8.525535420098846018e+00 1.388888888888888928e+01 2.777777777777777857e+01 5.000000000000000000e+00
1.180000000000000000e+02 1.021416803953871444e+01 1.388888888888888928e+01 3.333333333333332860e+01 5.000000000000000000e+00
1.190000000000000000e+02 9.390444810543657539e+00 2.500000000000000000e+01 2.222222222222222143e+01 9.000000000000000000e+00
1.200000000000000000e+02 9.637561779242174609e+00 3.611111111111110716e+01 2.500000000000000000e+01 1.300000000000000000e+01
1.210000000000000000e+02 1.087314662273476173e+01 2.777777777777777857e+01 2.500000000000000000e+01 1.000000000000000000e+01
1.220000000000000000e+02 1.058484349258649004e+01 1.666666666666666430e+01 3.333333333333332860e+01 6.000000000000000000e+00
1.230000000000000000e+02 1.120263591433278449e+01 1.666666666666666430e+01 1.388888888888888928e+01 6.000000000000000000e+00
1.240000000000000000e+02 1.210873146622734708e+01 2.777777777777777857e+01 1.944444444444444642e+01 1.000000000000000000e+01
1.250000000000000000e+02 1.214991762767710171e+01 2.777777777777777857e+01 2.500000000000000000e+01 1.000000000000000000e+01
1.260000000000000000e+02 1.214991762767710171e+01 2.777777777777777857e+01 8.333333333333332149e+00 1.000000000000000000e+01
1.270000000000000000e+02 1.210873146622734708e+01 4.444444444444444287e+01 8.333333333333332149e+00 1.600000000000000000e+01
1.280000000000000000e+02 1.074958813838550142e+01 3.611111111111110716e+01 5.555555555555555358e+00 1.300000000000000000e+01
1.290000000000000000e+02 1.087314662273476173e+01 3.333333333333332860e+01 2.777777777777777679e+00 1.200000000000000000e+01
1.300000000000000000e+02 1.054365733113673897e+01 2.777777777777777857e+01 2.777777777777777679e+00 1.000000000000000000e+01
1.310000000000000000e+02 1.120263591433278449e+01 2.222222222222222143e+01 8.333333333333332149e+00 8.000000000000000000e+00
1.320000000000000000e+02 1.009060955518945590e+01 2.777777777777777857e+01 5.555555555555555358e+00 1.000000000000000000e+01
1.330000000000000000e+02 1.095551894563426742e+01 3.611111111111110716e+01 8.333333333333332149e+00 1.300000000000000000e+01
1.340000000000000000e+02 1.132619439868204303e+01 3.888888888888889284e+01 8.333333333333332149e+00 1.400000000000000000e+01
1.350000000000000000e+02 1.124382207578253734e+01 5.000000000000000000e+01 8.333333333333332149e+00 1.800000000000000000e+01
1.360000000000000000e+02 1.214991762767710171e+01 4.166666666666667140e+01 1.388888888888888928e+01 1.500000000000000000e+01
1.370000000000000000e+02 1.210873146622734708e+01 1.111111111111111072e+01 8.333333333333332149e+00 4.000000000000000000e+00
1.380000000000000000e+02 1.128500823723229018e+01 1.111111111111111072e+01 8.333333333333332149e+00 4.000000000000000000e+00
1.390000000000000000e+02 1.214991762767710171e+01 1.111111111111111072e+01 8.333333333333332149e+00 4.000000000000000000e+00
1.400000000000000000e+02 1.198517298187809033e+01 2.222222222222222143e+01 5.555555555555555358e+00 8.000000000000000000e+00
1.410000000000000000e+02 1.161449752883031294e+01 1.666666666666666430e+01 8.333333333333332149e+00 6.000000000000000000e+00
1.420000000000000000e+02 1.177924217462932432e+01 1.944444444444444642e+01 5.555555555555555358e+00 7.000000000000000000e+00
1.430000000000000000e+02 1.116144975288303165e+01 1.388888888888888928e+01 5.555555555555555358e+00 5.000000000000000000e+00
1.440000000000000000e+02 1.239703459637561878e+01 1.111111111111111072e+01 5.555555555555555358e+00 4.000000000000000000e+00
1.450000000000000000e+02 1.186161449752883001e+01 8.333333333333332149e+00 8.333333333333332149e+00 3.000000000000000000e+00
1.460000000000000000e+02 1.313838550247116999e+01 1.111111111111111072e+01 1.111111111111111072e+01 4.000000000000000000e+00
1.470000000000000000e+02 1.264415156507413585e+01 1.944444444444444642e+01 2.777777777777777679e+00 7.000000000000000000e+00
1.480000000000000000e+02 1.227347611202635846e+01 2.500000000000000000e+01 8.333333333333332149e+00 9.000000000000000000e+00
1.490000000000000000e+02 1.099670510708401849e+01 3.055555555555555358e+01 8.333333333333332149e+00 1.100000000000000000e+01
1.500000000000000000e+02 1.095551894563426742e+01 3.055555555555555358e+01 8.333333333333332149e+00 1.100000000000000000e+01
1.510000000000000000e+02 1.058484349258649004e+01 3.333333333333332860e+01 1.111111111111111072e+01 1.200000000000000000e+01
1.520000000000000000e+02 1.095551894563426742e+01 3.055555555555555358e+01 1.111111111111111072e+01 1.100000000000000000e+01
1.530000000000000000e+02 1.046128500823723328e+01 3.055555555555555358e+01 1.111111111111111072e+01 1.100000000000000000e+01
1.540000000000000000e+02 1.099670510708401849e+01 3.611111111111110716e+01 1.111111111111111072e+01 1.300000000000000000e+01
1.550000000000000000e+02 1.116144975288303165e+01 2.500000000000000000e+01 1.111111111111111072e+01 9.000000000000000000e+00
1.560000000000000000e+02 1.091433278418451280e+01 1.388888888888888928e+01 1.111111111111111072e+01 5.000000000000000000e+00
1.570000000000000000e+02 1.099670510708401849e+01 1.111111111111111072e+01 1.111111111111111072e+01 4.000000000000000000e+00
1.580000000000000000e+02 1.066721581548599573e+01 1.388888888888888928e+01 1.111111111111111072e+01 5.000000000000000000e+00
1.590000000000000000e+02 1.074958813838550142e+01 1.388888888888888928e+01 1.388888888888888928e+01 5.000000000000000000e+00
1.600000000000000000e+02 1.112026359143327880e+01 1.111111111111111072e+01 1.666666666666666430e+01 4.000000000000000000e+00
1.610000000000000000e+02 1.116144975288303165e+01 1.111111111111111072e+01 1.111111111111111072e+01 4.000000000000000000e+00
1.620000000000000000e+02 1.050247116968698435e+01 1.388888888888888928e+01 1.666666666666666430e+01 5.000000000000000000e+00
1.630000000000000000e+02 1.058484349258649004e+01 5.555555555555555358e+00 1.111111111111111072e+01 2.000000000000000000e+00
1.640000000000000000e+02 1.120263591433278449e+01 1.111111111111111072e+01 1.388888888888888928e+01 4.000000000000000000e+00
1.650000000000000000e+02 1.046128500823723328e+01 1.666666666666666430e+01 1.944444444444444642e+01 6.000000000000000000e+00
1.660000000000000000e+02 1.165568369028006579e+01 1.111111111111111072e+01 1.666666666666666430e+01 4.000000000000000000e+00
1.670000000000000000e+02 1.144975288303130156e+01 1.666666666666666430e+01 1.666666666666666430e+01 6.000000000000000000e+00
1.680000000000000000e+02 1.140856672158154872e+01 1.111111111111111072e+01 1.944444444444444642e+01 4.000000000000000000e+00
1.690000000000000000e+02 1.103789126853377311e+01 5.555555555555555358e+00 1.944444444444444642e+01 2.000000000000000000e+00
1.700000000000000000e+02 1.050247116968698435e+01 0.000000000000000000e+00 1.388888888888888928e+01 -6.000000000000000000e+03
