# step, world, group,control
0.000000000000000000e+00 2.623558484349258890e+01 2.222222222222222143e+01 1.388888888888888928e+01 8.000000000000000000e+00
1.000000000000000000e+00 2.425864909390444524e+01 2.222222222222222143e+01 5.555555555555555358e+00 8.000000000000000000e+00
2.000000000000000000e+00 2.405271828665568279e+01 1.944444444444444642e+01 8.333333333333332149e+00 7.000000000000000000e+00
3.000000000000000000e+00 2.339373970345963727e+01 2.500000000000000000e+01 1.388888888888888928e+01 9.000000000000000000e+00
4.000000000000000000e+00 2.154036243822075747e+01 1.666666666666666430e+01 1.666666666666666430e+01 6.000000000000000000e+00
5.000000000000000000e+00 2.108731466227347795e+01 1.666666666666666430e+01 1.388888888888888928e+01 6.000000000000000000e+00
6.000000000000000000e+00 2.046952224052718350e+01 1.944444444444444642e+01 1.944444444444444642e+01 7.000000000000000000e+00
7.000000000000000000e+00 1.911037891268533784e+01 2.500000000000000000e+01 1.666666666666666430e+01 9.000000000000000000e+00
8.000000000000000000e+00 1.845140032948929232e+01 2.500000000000000000e+01 1.944444444444444642e+01 9.000000000000000000e+00
9.000000000000000000e+00 2.059308072487644026e+01 2.500000000000000000e+01 2.500000000000000000e+01 9.000000000000000000e+00
1.000000000000000000e+01 1.993410214168039474e+01 1.944444444444444642e+01 1.944444444444444642e+01 7.000000000000000000e+00
1.100000000000000000e+01 1.976935749588138336e+01 2.500000000000000000e+01 1.944444444444444642e+01 9.000000000000000000e+00
1.200000000000000000e+01 1.779242174629324680e+01 3.333333333333332860e+01 1.666666666666666430e+01 1.200000000000000000e+01
1.300000000000000000e+01 1.775123558484349218e+01 2.500000000000000000e+01 1.388888888888888928e+01 9.000000000000000000e+00
1.400000000000000000e+01 1.981054365733113798e+01 3.333333333333332860e+01 1.666666666666666430e+01 1.200000000000000000e+01
1.500000000000000000e+01 1.886326194398682077e+01 3.055555555555555358e+01 1.666666666666666430e+01 1.100000000000000000e+01
1.600000000000000000e+01 2.088138385502471195e+01 3.055555555555555358e+01 8.333333333333332149e+00 1.100000000000000000e+01
1.700000000000000000e+01 2.018121911037891181e+01 3.888888888888889284e+01 8.333333333333332149e+00 1.400000000000000000e+01
1.800000000000000000e+01 2.038714991762767781e+01 1.666666666666666430e+01 5.555555555555555358e+00 6.000000000000000000e+00
1.900000000000000000e+01 1.841021416803953770e+01 3.055555555555555358e+01 5.555555555555555358e+00 1.100000000000000000e+01
2.000000000000000000e+01 1.717462932454695235e+01 2.500000000000000000e+01 5.555555555555555358e+00 9.000000000000000000e+00
2.100000000000000000e+01 1.766886326194398649e+01 4.444444444444444287e+01 1.666666666666666430e+01 1.600000000000000000e+01
2.200000000000000000e+01 1.630971993410214083e+01 2.222222222222222143e+01 1.666666666666666430e+01 8.000000000000000000e+00
2.300000000000000000e+01 1.696869851729818990e+01 1.666666666666666430e+01 1.111111111111111072e+01 6.000000000000000000e+00
2.400000000000000000e+01 1.626853377265238976e+01 2.777777777777777857e+01 8.333333333333332149e+00 1.000000000000000000e+01
2.500000000000000000e+01 1.783360790774299787e+01 3.888888888888889284e+01 1.111111111111111072e+01 1.400000000000000000e+01
2.600000000000000000e+01 1.672158154859966928e+01 2.500000000000000000e+01 1.666666666666666430e+01 9.000000000000000000e+00
2.700000000000000000e+01 1.635090609555189545e+01 3.333333333333332860e+01 1.944444444444444642e+01 1.200000000000000000e+01
2.800000000000000000e+01 1.684514003294892959e+01 2.222222222222222143e+01 3.055555555555555358e+01 8.000000000000000000e+00
2.900000000000000000e+01 1.635090609555189545e+01 1.388888888888888928e+01 2.500000000000000000e+01 5.000000000000000000e+00
3.000000000000000000e+01 1.532125205930807077e+01 1.388888888888888928e+01 3.333333333333332860e+01 5.000000000000000000e+00
3.100000000000000000e+01 1.548599670510708215e+01 2.222222222222222143e+01 1.944444444444444642e+01 8.000000000000000000e+00
3.200000000000000000e+01 1.544481054365733108e+01 1.944444444444444642e+01 1.666666666666666430e+01 7.000000000000000000e+00
3.300000000000000000e+01 1.457990115321252134e+01 1.388888888888888928e+01 2.222222222222222143e+01 5.000000000000000000e+00
3.400000000000000000e+01 1.532125205930807077e+01 1.111111111111111072e+01 1.388888888888888928e+01 4.000000000000000000e+00
3.500000000000000000e+01 1.610378912685337838e+01 8.333333333333332149e+00 1.666666666666666430e+01 3.000000000000000000e+00
3.600000000000000000e+01 1.523887973640856686e+01 1.666666666666666430e+01 1.666666666666666430e+01 6.000000000000000000e+00
3.700000000000000000e+01 1.581548599670510669e+01 1.666666666666666430e+01 2.777777777777777857e+01 6.000000000000000000e+00
3.800000000000000000e+01 1.400329489291597973e+01 1.388888888888888928e+01 1.388888888888888928e+01 5.000000000000000000e+00
3.900000000000000000e+01 1.342668863261943990e+01 1.388888888888888928e+01 1.666666666666666430e+01 5.000000000000000000e+00
4.000000000000000000e+01 1.231466227347611309e+01 1.388888888888888928e+01 1.944444444444444642e+01 5.000000000000000000e+00
4.100000000000000000e+01 1.210873146622734708e+01 1.944444444444444642e+01 1.944444444444444642e+01 7.000000000000000000e+00
4.200000000000000000e+01 1.144975288303130156e+01 1.666666666666666430e+01 2.777777777777777857e+01 6.000000000000000000e+00
4.300000000000000000e+01 1.042009884678747866e+01 2.222222222222222143e+01 2.500000000000000000e+01 8.000000000000000000e+00
4.400000000000000000e+01 1.058484349258649004e+01 1.666666666666666430e+01 2.500000000000000000e+01 6.000000000000000000e+00
4.500000000000000000e+01 9.719934102141680299e+00 2.777777777777777857e+01 2.500000000000000000e+01 1.000000000000000000e+01
4.600000000000000000e+01 1.029654036243822013e+01 1.388888888888888928e+01 2.777777777777777857e+01 5.000000000000000000e+00
4.700000000000000000e+01 1.066721581548599573e+01 2.500000000000000000e+01 2.777777777777777857e+01 9.000000000000000000e+00
4.800000000000000000e+01 9.843492586490938834e+00 1.944444444444444642e+01 3.055555555555555358e+01 7.000000000000000000e+00
4.900000000000000000e+01 1.079077429983525604e+01 2.222222222222222143e+01 1.666666666666666430e+01 8.000000000000000000e+00
5.000000000000000000e+01 1.013179571663920875e+01 2.777777777777777857e+01 1.111111111111111072e+01 1.000000000000000000e+01
5.100000000000000000e+01 1.112026359143327880e+01 3.888888888888889284e+01 8.333333333333332149e+00 1.400000000000000000e+01
5.200000000000000000e+01 1.074958813838550142e+01 3.333333333333332860e+01 8.333333333333332149e+00 1.200000000000000000e+01
5.300000000000000000e+01 1.062602965403624466e+01 5.000000000000000000e+01 8.333333333333332149e+00 1.800000000000000000e+01
5.400000000000000000e+01 1.182042833607907717e+01 2.777777777777777857e+01 5.555555555555555358e+00 1.000000000000000000e+01
5.500000000000000000e+01 9.390444810543657539e+00 3.055555555555555358e+01 5.555555555555555358e+00 1.100000000000000000e+01
5.600000000000000000e+01 1.000823723228995021e+01 1.388888888888888928e+01 0.000000000000000000e+00 5.000000000000000000e+00
5.700000000000000000e+01 1.021416803953871444e+01 1.666666666666666430e+01 0.000000000000000000e+00 6.000000000000000000e+00
5.800000000000000000e+01 1.066721581548599573e+01 1.388888888888888928e+01 0.000000000000000000e+00 5.000000000000000000e+00
5.900000000000000000e+01 1.074958813838550142e+01 1.666666666666666430e+01 0.000000000000000000e+00 6.000000000000000000e+00
6.000000000000000000e+01 1.074958813838550142e+01 1.944444444444444642e+01 0.000000000000000000e+00 7.000000000000000000e+00
6.100000000000000000e+01 1.157331136738056010e+01 1.666666666666666430e+01 0.000000000000000000e+00 6.000000000000000000e+00
6.200000000000000000e+01 1.112026359143327880e+01 1.666666666666666430e+01 0.000000000000000000e+00 6.000000000000000000e+00
6.300000000000000000e+01 1.050247116968698435e+01 1.111111111111111072e+01 0.000000000000000000e+00 4.000000000000000000e+00
6.400000000000000000e+01 9.884678747940691679e+00 1.111111111111111072e+01 0.000000000000000000e+00 4.000000000000000000e+00
6.500000000000000000e+01 1.033772652388797297e+01 5.555555555555555358e+00 0.000000000000000000e+00 2.000000000000000000e+00
6.600000000000000000e+01 1.029654036243822013e+01 5.555555555555555358e+00 0.000000000000000000e+00 2.000000000000000000e+00
6.700000000000000000e+01 1.083196046128500711e+01 8.333333333333332149e+00 0.000000000000000000e+00 3.000000000000000000e+00
6.800000000000000000e+01 1.132619439868204303e+01 2.777777777777777679e+00 0.000000000000000000e+00 1.000000000000000000e+00
6.900000000000000000e+01 1.033772652388797297e+01 5.555555555555555358e+00 0.000000000000000000e+00 2.000000000000000000e+00
7.000000000000000000e+01 9.925864909390444524e+00 1.111111111111111072e+01 0.000000000000000000e+00 4.000000000000000000e+00
7.100000000000000000e+01 1.062602965403624466e+01 1.388888888888888928e+01 0.000000000000000000e+00 5.000000000000000000e+00
7.200000000000000000e+01 9.761120263591433144e+00 1.666666666666666430e+01 2.777777777777777679e+00 6.000000000000000000e+00
7.300000000000000000e+01 1.017298187808896159e+01 1.666666666666666430e+01 5.555555555555555358e+00 6.000000000000000000e+00
7.400000000000000000e+01 9.184514003294893314e+00 1.388888888888888928e+01 5.555555555555555358e+00 5.000000000000000000e+00
7.500000000000000000e+01 9.431630971993410384e+00 1.666666666666666430e+01 5.555555555555555358e+00 6.000000000000000000e+00
7.600000000000000000e+01 9.678747940691927454e+00 1.666666666666666430e+01 8.333333333333332149e+00 6.000000000000000000e+00
7.700000000000000000e+01 9.514003294892916074e+00 2.222222222222222143e+01 8.333333333333332149e+00 8.000000000000000000e+00
7.800000000000000000e+01 1.153212520593080725e+01 2.500000000000000000e+01 1.111111111111111072e+01 9.000000000000000000e+00
7.900000000000000000e+01 9.514003294892916074e+00 1.666666666666666430e+01 1.111111111111111072e+01 6.000000000000000000e+00
8.000000000000000000e+01 9.925864909390444524e+00 1.666666666666666430e+01 1.944444444444444642e+01 6.000000000000000000e+00
8.100000000000000000e+01 1.017298187808896159e+01 1.388888888888888928e+01 1.111111111111111072e+01 5.000000000000000000e+00
8.200000000000000000e+01 1.021416803953871444e+01 3.333333333333332860e+01 1.111111111111111072e+01 1.200000000000000000e+01
8.300000000000000000e+01 1.029654036243822013e+01 8.333333333333332149e+00 1.666666666666666430e+01 3.000000000000000000e+00
8.400000000000000000e+01 1.029654036243822013e+01 1.111111111111111072e+01 1.388888888888888928e+01 4.000000000000000000e+00
8.500000000000000000e+01 1.083196046128500711e+01 1.111111111111111072e+01 2.222222222222222143e+01 4.000000000000000000e+00
8.600000000000000000e+01 1.066721581548599573e+01 5.555555555555555358e+00 8.333333333333332149e+00 2.000000000000000000e+00
8.700000000000000000e+01 1.169686985172981863e+01 5.555555555555555358e+00 2.777777777777777679e+00 2.000000000000000000e+00
8.800000000000000000e+01 1.013179571663920875e+01 5.555555555555555358e+00 8.333333333333332149e+00 2.000000000000000000e+00
8.900000000000000000e+01 1.062602965403624466e+01 1.111111111111111072e+01 8.333333333333332149e+00 4.000000000000000000e+00
9.000000000000000000e+01 9.719934102141680299e+00 1.388888888888888928e+01 0.000000000000000000e+00 5.000000000000000000e+00
9.100000000000000000e+01 1.054365733113673897e+01 1.388888888888888928e+01 0.000000000000000000e+00 5.000000000000000000e+00
9.200000000000000000e+01 1.017298187808896159e+01 1.944444444444444642e+01 1.111111111111111072e+01 7.000000000000000000e+00
9.300000000000000000e+01 1.000823723228995021e+01 1.944444444444444642e+01 1.111111111111111072e+01 7.000000000000000000e+00
9.400000000000000000e+01 9.472817133443163229e+00 2.500000000000000000e+01 1.666666666666666430e+01 9.000000000000000000e+00
9.500000000000000000e+01 9.555189456342668919e+00 3.611111111111110716e+01 1.666666666666666430e+01 1.300000000000000000e+01
9.600000000000000000e+01 8.978583196046129089e+00 3.333333333333332860e+01 2.777777777777777857e+01 1.200000000000000000e+01
9.700000000000000000e+01 1.037891268533772759e+01 4.166666666666667140e+01 1.666666666666666430e+01 1.500000000000000000e+01
9.800000000000000000e+01 9.719934102141680299e+00 1.388888888888888928e+01 1.666666666666666430e+01 5.000000000000000000e+00
9.900000000000000000e+01 1.042009884678747866e+01 1.666666666666666430e+01 1.388888888888888928e+01 6.000000000000000000e+00
1.000000000000000000e+02 9.596375617792421764e+00 2.500000000000000000e+01 1.944444444444444642e+01 9.000000000000000000e+00
1.010000000000000000e+02 9.596375617792421764e+00 2.500000000000000000e+01 1.944444444444444642e+01 9.000000000000000000e+00
1.020000000000000000e+02 1.066721581548599573e+01 1.388888888888888928e+01 2.222222222222222143e+01 5.000000000000000000e+00
1.030000000000000000e+02 1.042009884678747866e+01 1.944444444444444642e+01 1.944444444444444642e+01 7.000000000000000000e+00
1.040000000000000000e+02 1.087314662273476173e+01 1.666666666666666430e+01 3.055555555555555358e+01 6.000000000000000000e+00
1.050000000000000000e+02 1.091433278418451280e+01 2.222222222222222143e+01 1.666666666666666430e+01 8.000000000000000000e+00
1.060000000000000000e+02 1.021416803953871444e+01 3.333333333333332860e+01 2.777777777777777857e+01 1.200000000000000000e+01
1.070000000000000000e+02 1.087314662273476173e+01 2.222222222222222143e+01 2.222222222222222143e+01 8.000000000000000000e+00
1.080000000000000000e+02 1.050247116968698435e+01 3.055555555555555358e+01 2.222222222222222143e+01 1.100000000000000000e+01
1.090000000000000000e+02 1.074958813838550142e+01 4.166666666666667140e+01 1.388888888888888928e+01 1.500000000000000000e+01
1.100000000000000000e+02 1.021416803953871444e+01 3.055555555555555358e+01 2.222222222222222143e+01 1.100000000000000000e+01
1.110000000000000000e+02 1.050247116968698435e+01 2.500000000000000000e+01 3.055555555555555358e+01 9.000000000000000000e+00
1.120000000000000000e+02 1.103789126853377311e+01 2.500000000000000000e+01 3.611111111111110716e+01 9.000000000000000000e+00
1.130000000000000000e+02 1.124382207578253734e+01 5.000000000000000000e+01 4.166666666666667140e+01 1.800000000000000000e+01
1.140000000000000000e+02 1.116144975288303165e+01 3.888888888888889284e+01 4.444444444444444287e+01 1.400000000000000000e+01
1.150000000000000000e+02 1.087314662273476173e+01 4.722222222222222854e+01 3.611111111111110716e+01 1.700000000000000000e+01
1.160000000000000000e+02 1.124382207578253734e+01 3.333333333333332860e+01 3.611111111111110716e+01 1.200000000000000000e+01
1.170000000000000000e+02 1.136738056013179587e+01 4.166666666666667140e+01 3.888888888888889284e+01 1.500000000000000000e+01
1.180000000000000000e+02 1.083196046128500711e+01 4.444444444444444287e+01 2.500000000000000000e+01 1.600000000000000000e+01
1.190000000000000000e+02 1.017298187808896159e+01 2.222222222222222143e+01 3.333333333333332860e+01 8.000000000000000000e+00
1.200000000000000000e+02 1.025535420098846728e+01 1.666666666666666430e+01 2.777777777777777857e+01 6.000000000000000000e+00
1.210000000000000000e+02 1.095551894563426742e+01 1.111111111111111072e+01 3.611111111111110716e+01 4.000000000000000000e+00
1.220000000000000000e+02 1.140856672158154872e+01 1.111111111111111072e+01 3.888888888888889284e+01 4.000000000000000000e+00
1.230000000000000000e+02 1.025535420098846728e+01 8.333333333333332149e+00 4.722222222222222854e+01 3.000000000000000000e+00
1.240000000000000000e+02 1.140856672158154872e+01 1.388888888888888928e+01 2.222222222222222143e+01 5.000000000000000000e+00
1.250000000000000000e+02 1.054365733113673897e+01 1.111111111111111072e+01 1.944444444444444642e+01 4.000000000000000000e+00
1.260000000000000000e+02 1.058484349258649004e+01 5.555555555555555358e+00 8.333333333333332149e+00 2.000000000000000000e+00
1.270000000000000000e+02 1.046128500823723328e+01 2.777777777777777679e+00 5.555555555555555358e+00 1.000000000000000000e+00
1.280000000000000000e+02 1.050247116968698435e+01 0.000000000000000000e+00 8.333333333333332149e+00 -6.000000000000000000e+03
