# step, world, group,control
0.000000000000000000e+00 2.664744645799011380e+01 8.333333333333332149e+00 3.055555555555555358e+01 3.000000000000000000e+00
1.000000000000000000e+00 2.409390444810543386e+01 8.333333333333332149e+00 1.666666666666666430e+01 3.000000000000000000e+00
2.000000000000000000e+00 2.314662273476112020e+01 8.333333333333332149e+00 1.388888888888888928e+01 3.000000000000000000e+00
3.000000000000000000e+00 2.162273476112026316e+01 1.111111111111111072e+01 2.222222222222222143e+01 4.000000000000000000e+00
4.000000000000000000e+00 1.993410214168039474e+01 1.111111111111111072e+01 1.944444444444444642e+01 4.000000000000000000e+00
5.000000000000000000e+00 1.943986820428336060e+01 1.111111111111111072e+01 2.222222222222222143e+01 4.000000000000000000e+00
6.000000000000000000e+00 1.993410214168039474e+01 1.666666666666666430e+01 1.944444444444444642e+01 6.000000000000000000e+00
7.000000000000000000e+00 2.005766062602965505e+01 1.944444444444444642e+01 2.222222222222222143e+01 7.000000000000000000e+00
8.000000000000000000e+00 1.997528830313014936e+01 3.055555555555555358e+01 2.777777777777777857e+01 1.100000000000000000e+01
9.000000000000000000e+00 1.911037891268533784e+01 1.111111111111111072e+01 2.777777777777777857e+01 4.000000000000000000e+00
1.000000000000000000e+01 1.890444810543657184e+01 5.555555555555555358e+00 2.777777777777777857e+01 2.000000000000000000e+00
1.100000000000000000e+01 1.939868204283360598e+01 2.777777777777777679e+00 3.333333333333332860e+01 1.000000000000000000e+00
1.200000000000000000e+01 1.832784184514003201e+01 0.000000000000000000e+00 3.333333333333332860e+01 -6.000000000000000000e+03
