# step, world, group,control
0.000000000000000000e+00 2.767710049423393670e+01 3.055555555555555358e+01 4.444444444444444287e+01 1.100000000000000000e+01
1.000000000000000000e+00 2.421746293245469417e+01 3.055555555555555358e+01 3.055555555555555358e+01 1.100000000000000000e+01
2.000000000000000000e+00 2.475288303130148293e+01 4.166666666666667140e+01 3.333333333333332860e+01 1.500000000000000000e+01
3.000000000000000000e+00 2.401153212520593172e+01 3.333333333333332860e+01 2.777777777777777857e+01 1.200000000000000000e+01
4.000000000000000000e+00 2.425864909390444524e+01 1.944444444444444642e+01 3.611111111111110716e+01 7.000000000000000000e+00
5.000000000000000000e+00 2.186985172981878023e+01 2.222222222222222143e+01 2.500000000000000000e+01 8.000000000000000000e+00
6.000000000000000000e+00 2.343492586490938834e+01 1.388888888888888928e+01 1.111111111111111072e+01 5.000000000000000000e+00
7.000000000000000000e+00 2.063426688632619488e+01 1.944444444444444642e+01 1.666666666666666430e+01 7.000000000000000000e+00
8.000000000000000000e+00 2.030477759472817212e+01 2.777777777777777857e+01 1.944444444444444642e+01 1.000000000000000000e+01
9.000000000000000000e+00 2.088138385502471195e+01 2.500000000000000000e+01 2.222222222222222143e+01 9.000000000000000000e+00
1.000000000000000000e+01 1.972817133443163229e+01 3.888888888888889284e+01 2.500000000000000000e+01 1.400000000000000000e+01
1.100000000000000000e+01 2.059308072487644026e+01 1.388888888888888928e+01 3.611111111111110716e+01 5.000000000000000000e+00
1.200000000000000000e+01 1.989291598023064367e+01 5.555555555555555358e+00 2.777777777777777857e+01 2.000000000000000000e+00
1.300000000000000000e+01 2.186985172981878023e+01 2.777777777777777679e+00 2.777777777777777857e+01 1.000000000000000000e+00
1.400000000000000000e+01 2.055189456342668919e+01 2.777777777777777679e+00 2.500000000000000000e+01 1.000000000000000000e+00
1.500000000000000000e+01 2.174629324546952347e+01 0.000000000000000000e+00 2.500000000000000000e+01 -6.000000000000000000e+03
