# step, world, group,control
0.000000000000000000e+00 2.392915980230642248e+01 3.055555555555555358e+01 1.666666666666666430e+01 1.100000000000000000e+01
1.000000000000000000e+00 2.133443163097199147e+01 3.888888888888889284e+01 1.944444444444444642e+01 1.400000000000000000e+01
2.000000000000000000e+00 2.298187808896210882e+01 4.444444444444444287e+01 2.777777777777777857e+01 1.600000000000000000e+01
3.000000000000000000e+00 2.009884678747940612e+01 3.611111111111110716e+01 3.333333333333332860e+01 1.300000000000000000e+01
4.000000000000000000e+00 2.046952224052718350e+01 5.833333333333333570e+01 3.611111111111110716e+01 2.100000000000000000e+01
5.000000000000000000e+00 1.882207578253706615e+01 2.777777777777777857e+01 3.611111111111110716e+01 1.000000000000000000e+01
6.000000000000000000e+00 1.989291598023064367e+01 1.944444444444444642e+01 2.777777777777777857e+01 7.000000000000000000e+00
7.000000000000000000e+00 1.873970345963756046e+01 3.333333333333332860e+01 3.888888888888889284e+01 1.200000000000000000e+01
8.000000000000000000e+00 1.857495881383854908e+01 2.222222222222222143e+01 3.055555555555555358e+01 8.000000000000000000e+00
9.000000000000000000e+00 1.750411861614497511e+01 1.944444444444444642e+01 3.611111111111110716e+01 7.000000000000000000e+00
1.000000000000000000e+01 1.808072487644151494e+01 3.055555555555555358e+01 3.333333333333332860e+01 1.100000000000000000e+01
1.100000000000000000e+01 1.593904448105436522e+01 2.500000000000000000e+01 3.888888888888889284e+01 9.000000000000000000e+00
1.200000000000000000e+01 1.709225700164744666e+01 2.222222222222222143e+01 3.888888888888889284e+01 8.000000000000000000e+00
1.300000000000000000e+01 1.449752883031301387e+01 2.777777777777777857e+01 4.444444444444444287e+01 1.000000000000000000e+01
1.400000000000000000e+01 1.560955518945634246e+01 3.055555555555555358e+01 3.055555555555555358e+01 1.100000000000000000e+01
1.500000000000000000e+01 1.503294892915980263e+01 2.777777777777777857e+01 4.166666666666667140e+01 1.000000000000000000e+01
1.600000000000000000e+01 1.515650741350905939e+01 1.944444444444444642e+01 4.444444444444444287e+01 7.000000000000000000e+00
1.700000000000000000e+01 1.548599670510708215e+01 1.944444444444444642e+01 3.055555555555555358e+01 7.000000000000000000e+00
1.800000000000000000e+01 1.466227347611202525e+01 1.944444444444444642e+01 3.888888888888889284e+01 7.000000000000000000e+00
1.900000000000000000e+01 1.350906095551894559e+01 1.388888888888888928e+01 3.611111111111110716e+01 5.000000000000000000e+00
2.000000000000000000e+01 1.383855024711696835e+01 1.666666666666666430e+01 3.611111111111110716e+01 6.000000000000000000e+00
2.100000000000000000e+01 1.289126853377265114e+01 1.944444444444444642e+01 4.444444444444444287e+01 7.000000000000000000e+00
2.200000000000000000e+01 1.420922570016474573e+01 3.333333333333332860e+01 3.333333333333332860e+01 1.200000000000000000e+01
2.300000000000000000e+01 1.404448105436573435e+01 2.222222222222222143e+01 5.000000000000000000e+01 8.000000000000000000e+00
2.400000000000000000e+01 1.470345963756177987e+01 2.222222222222222143e+01 2.500000000000000000e+01 8.000000000000000000e+00
2.500000000000000000e+01 1.486820428336079125e+01 1.944444444444444642e+01 2.222222222222222143e+01 7.000000000000000000e+00
2.600000000000000000e+01 1.433278418451400249e+01 3.055555555555555358e+01 1.944444444444444642e+01 1.100000000000000000e+01
2.700000000000000000e+01 1.449752883031301387e+01 1.944444444444444642e+01 1.666666666666666430e+01 7.000000000000000000e+00
2.800000000000000000e+01 1.256177924217462838e+01 3.055555555555555358e+01 1.666666666666666430e+01 1.100000000000000000e+01
2.900000000000000000e+01 1.313838550247116999e+01 4.166666666666667140e+01 1.666666666666666430e+01 1.500000000000000000e+01
3.000000000000000000e+01 1.219110378912685277e+01 2.500000000000000000e+01 1.666666666666666430e+01 9.000000000000000000e+00
3.100000000000000000e+01 1.359143327841845306e+01 2.777777777777777857e+01 2.777777777777777679e+00 1.000000000000000000e+01
3.200000000000000000e+01 1.330313014827018137e+01 1.666666666666666430e+01 2.777777777777777679e+00 6.000000000000000000e+00
3.300000000000000000e+01 1.313838550247116999e+01 1.944444444444444642e+01 0.000000000000000000e+00 7.000000000000000000e+00
3.400000000000000000e+01 1.363261943986820413e+01 1.666666666666666430e+01 2.777777777777777679e+00 6.000000000000000000e+00
3.500000000000000000e+01 1.289126853377265114e+01 2.222222222222222143e+01 0.000000000000000000e+00 8.000000000000000000e+00
3.600000000000000000e+01 1.326194398682042852e+01 3.055555555555555358e+01 2.777777777777777679e+00 1.100000000000000000e+01
3.700000000000000000e+01 1.297364085667215861e+01 3.611111111111110716e+01 0.000000000000000000e+00 1.300000000000000000e+01
3.800000000000000000e+01 1.330313014827018137e+01 3.888888888888889284e+01 1.111111111111111072e+01 1.400000000000000000e+01
3.900000000000000000e+01 1.412685337726523827e+01 1.944444444444444642e+01 5.555555555555555358e+00 7.000000000000000000e+00
4.000000000000000000e+01 1.614497528830312945e+01 1.388888888888888928e+01 5.555555555555555358e+00 5.000000000000000000e+00
4.100000000000000000e+01 1.581548599670510669e+01 1.666666666666666430e+01 0.000000000000000000e+00 6.000000000000000000e+00
4.200000000000000000e+01 1.630971993410214083e+01 1.944444444444444642e+01 1.388888888888888928e+01 7.000000000000000000e+00
4.300000000000000000e+01 1.523887973640856686e+01 2.500000000000000000e+01 1.944444444444444642e+01 9.000000000000000000e+00
4.400000000000000000e+01 1.606260296540362376e+01 2.777777777777777857e+01 1.666666666666666430e+01 1.000000000000000000e+01
4.500000000000000000e+01 1.495057660626029694e+01 2.500000000000000000e+01 1.944444444444444642e+01 9.000000000000000000e+00
4.600000000000000000e+01 1.412685337726523827e+01 1.111111111111111072e+01 3.055555555555555358e+01 4.000000000000000000e+00
4.700000000000000000e+01 1.330313014827018137e+01 1.666666666666666430e+01 1.944444444444444642e+01 6.000000000000000000e+00
4.800000000000000000e+01 1.396210873146622689e+01 3.055555555555555358e+01 3.333333333333332860e+01 1.100000000000000000e+01
4.900000000000000000e+01 1.194398682042833570e+01 2.222222222222222143e+01 3.611111111111110716e+01 8.000000000000000000e+00
5.000000000000000000e+01 1.157331136738056010e+01 3.055555555555555358e+01 4.722222222222222854e+01 1.100000000000000000e+01
5.100000000000000000e+01 9.843492586490938834e+00 3.333333333333332860e+01 3.055555555555555358e+01 1.200000000000000000e+01
5.200000000000000000e+01 1.013179571663920875e+01 3.611111111111110716e+01 3.333333333333332860e+01 1.300000000000000000e+01
5.300000000000000000e+01 1.013179571663920875e+01 2.777777777777777857e+01 2.777777777777777857e+01 1.000000000000000000e+01
5.400000000000000000e+01 9.514003294892916074e+00 4.722222222222222854e+01 4.166666666666667140e+01 1.700000000000000000e+01
5.500000000000000000e+01 1.009060955518945590e+01 3.611111111111110716e+01 1.666666666666666430e+01 1.300000000000000000e+01
5.600000000000000000e+01 9.967051070840197369e+00 3.055555555555555358e+01 1.944444444444444642e+01 1.100000000000000000e+01
5.700000000000000000e+01 9.596375617792421764e+00 4.722222222222222854e+01 1.944444444444444642e+01 1.700000000000000000e+01
5.800000000000000000e+01 9.225700164744646159e+00 1.944444444444444642e+01 2.222222222222222143e+01 7.000000000000000000e+00
5.900000000000000000e+01 9.225700164744646159e+00 2.500000000000000000e+01 2.222222222222222143e+01 9.000000000000000000e+00
6.000000000000000000e+01 9.308072487644151849e+00 2.222222222222222143e+01 1.666666666666666430e+01 8.000000000000000000e+00
6.100000000000000000e+01 9.060955518945634779e+00 2.500000000000000000e+01 1.666666666666666430e+01 9.000000000000000000e+00
6.200000000000000000e+01 9.514003294892916074e+00 1.666666666666666430e+01 1.666666666666666430e+01 6.000000000000000000e+00
6.300000000000000000e+01 9.637561779242174609e+00 1.388888888888888928e+01 2.222222222222222143e+01 5.000000000000000000e+00
6.400000000000000000e+01 9.555189456342668919e+00 8.333333333333332149e+00 1.388888888888888928e+01 3.000000000000000000e+00
6.500000000000000000e+01 8.319604612850081793e+00 1.388888888888888928e+01 2.222222222222222143e+01 5.000000000000000000e+00
6.600000000000000000e+01 8.607907742998351708e+00 1.388888888888888928e+01 2.777777777777777857e+01 5.000000000000000000e+00
6.700000000000000000e+01 8.196046128500823258e+00 1.388888888888888928e+01 1.666666666666666430e+01 5.000000000000000000e+00
6.800000000000000000e+01 8.937397034596376244e+00 1.944444444444444642e+01 1.111111111111111072e+01 7.000000000000000000e+00
6.900000000000000000e+01 8.154859967051070413e+00 1.666666666666666430e+01 2.222222222222222143e+01 6.000000000000000000e+00
7.000000000000000000e+01 8.855024711696870554e+00 1.666666666666666430e+01 1.388888888888888928e+01 6.000000000000000000e+00
7.100000000000000000e+01 8.855024711696870554e+00 1.666666666666666430e+01 2.777777777777777857e+01 6.000000000000000000e+00
7.200000000000000000e+01 9.719934102141680299e+00 2.222222222222222143e+01 2.500000000000000000e+01 8.000000000000000000e+00
7.300000000000000000e+01 9.555189456342668919e+00 1.944444444444444642e+01 3.611111111111110716e+01 7.000000000000000000e+00
7.400000000000000000e+01 1.004942339373970306e+01 2.500000000000000000e+01 2.777777777777777857e+01 9.000000000000000000e+00
7.500000000000000000e+01 1.046128500823723328e+01 2.500000000000000000e+01 3.611111111111110716e+01 9.000000000000000000e+00
7.600000000000000000e+01 9.637561779242174609e+00 3.055555555555555358e+01 2.500000000000000000e+01 1.100000000000000000e+01
7.700000000000000000e+01 8.690280065897857398e+00 3.333333333333332860e+01 3.333333333333332860e+01 1.200000000000000000e+01
7.800000000000000000e+01 8.484349258649094949e+00 2.222222222222222143e+01 3.055555555555555358e+01 8.000000000000000000e+00
7.900000000000000000e+01 7.495881383855024005e+00 1.388888888888888928e+01 3.055555555555555358e+01 5.000000000000000000e+00
8.000000000000000000e+01 7.866556836902800498e+00 8.333333333333332149e+00 4.166666666666667140e+01 3.000000000000000000e+00
8.100000000000000000e+01 6.919275123558484175e+00 0.000000000000000000e+00 2.777777777777777857e+01 -6.000000000000000000e+03
