# step, world, group,control
0.000000000000000000e+00 2.590609555189456614e+01 3.333333333333332860e+01 4.444444444444444287e+01 1.200000000000000000e+01
1.000000000000000000e+00 2.392915980230642248e+01 4.444444444444444287e+01 3.888888888888889284e+01 1.600000000000000000e+01
2.000000000000000000e+00 2.425864909390444524e+01 3.611111111111110716e+01 4.444444444444444287e+01 1.300000000000000000e+01
3.000000000000000000e+00 2.438220757825370555e+01 3.611111111111110716e+01 1.666666666666666430e+01 1.300000000000000000e+01
4.000000000000000000e+00 2.359967051070839972e+01 3.055555555555555358e+01 2.222222222222222143e+01 1.100000000000000000e+01
5.000000000000000000e+00 2.347611202635914296e+01 2.777777777777777857e+01 1.944444444444444642e+01 1.000000000000000000e+01
6.000000000000000000e+00 2.018121911037891181e+01 3.888888888888889284e+01 2.500000000000000000e+01 1.400000000000000000e+01
7.000000000000000000e+00 2.133443163097199147e+01 3.333333333333332860e+01 1.666666666666666430e+01 1.200000000000000000e+01
8.000000000000000000e+00 2.079901153212520626e+01 4.444444444444444287e+01 1.944444444444444642e+01 1.600000000000000000e+01
9.000000000000000000e+00 1.952224052718286629e+01 3.888888888888889284e+01 2.777777777777777857e+01 1.400000000000000000e+01
1.000000000000000000e+01 2.112850082372322902e+01 3.611111111111110716e+01 2.222222222222222143e+01 1.300000000000000000e+01
1.100000000000000000e+01 1.783360790774299787e+01 3.611111111111110716e+01 2.500000000000000000e+01 1.300000000000000000e+01
1.200000000000000000e+01 1.779242174629324680e+01 3.888888888888889284e+01 1.944444444444444642e+01 1.400000000000000000e+01
1.300000000000000000e+01 1.705107084019769204e+01 3.888888888888889284e+01 3.333333333333332860e+01 1.400000000000000000e+01
1.400000000000000000e+01 1.771004942339374111e+01 4.166666666666667140e+01 2.222222222222222143e+01 1.500000000000000000e+01
1.500000000000000000e+01 1.766886326194398649e+01 5.277777777777777857e+01 3.333333333333332860e+01 1.900000000000000000e+01
1.600000000000000000e+01 1.717462932454695235e+01 3.611111111111110716e+01 3.611111111111110716e+01 1.300000000000000000e+01
1.700000000000000000e+01 1.762767710049423542e+01 4.722222222222222854e+01 3.888888888888889284e+01 1.700000000000000000e+01
1.800000000000000000e+01 1.606260296540362376e+01 2.500000000000000000e+01 4.166666666666667140e+01 9.000000000000000000e+00
1.900000000000000000e+01 1.499176276771004801e+01 1.944444444444444642e+01 3.055555555555555358e+01 7.000000000000000000e+00
2.000000000000000000e+01 1.433278418451400249e+01 3.888888888888889284e+01 2.222222222222222143e+01 1.400000000000000000e+01
2.100000000000000000e+01 1.326194398682042852e+01 2.500000000000000000e+01 2.222222222222222143e+01 9.000000000000000000e+00
2.200000000000000000e+01 1.256177924217462838e+01 3.888888888888889284e+01 2.222222222222222143e+01 1.400000000000000000e+01
2.300000000000000000e+01 1.214991762767710171e+01 1.944444444444444642e+01 3.333333333333332860e+01 7.000000000000000000e+00
2.400000000000000000e+01 1.235584843492586415e+01 8.333333333333332149e+00 1.666666666666666430e+01 3.000000000000000000e+00
2.500000000000000000e+01 1.157331136738056010e+01 1.944444444444444642e+01 1.944444444444444642e+01 7.000000000000000000e+00
2.600000000000000000e+01 1.235584843492586415e+01 2.222222222222222143e+01 2.500000000000000000e+01 8.000000000000000000e+00
2.700000000000000000e+01 1.186161449752883001e+01 3.333333333333332860e+01 1.944444444444444642e+01 1.200000000000000000e+01
2.800000000000000000e+01 1.058484349258649004e+01 3.055555555555555358e+01 1.944444444444444642e+01 1.100000000000000000e+01
2.900000000000000000e+01 1.062602965403624466e+01 5.000000000000000000e+01 3.611111111111110716e+01 1.800000000000000000e+01
3.000000000000000000e+01 1.042009884678747866e+01 2.500000000000000000e+01 3.333333333333332860e+01 9.000000000000000000e+00
3.100000000000000000e+01 1.099670510708401849e+01 1.944444444444444642e+01 3.888888888888889284e+01 7.000000000000000000e+00
3.200000000000000000e+01 1.112026359143327880e+01 2.500000000000000000e+01 2.777777777777777857e+01 9.000000000000000000e+00
3.300000000000000000e+01 1.116144975288303165e+01 1.944444444444444642e+01 4.722222222222222854e+01 7.000000000000000000e+00
3.400000000000000000e+01 1.153212520593080725e+01 1.944444444444444642e+01 2.777777777777777857e+01 7.000000000000000000e+00
3.500000000000000000e+01 1.140856672158154872e+01 2.777777777777777857e+01 4.444444444444444287e+01 1.000000000000000000e+01
3.600000000000000000e+01 1.087314662273476173e+01 2.500000000000000000e+01 2.777777777777777857e+01 9.000000000000000000e+00
3.700000000000000000e+01 1.165568369028006579e+01 1.388888888888888928e+01 2.777777777777777857e+01 5.000000000000000000e+00
3.800000000000000000e+01 1.091433278418451280e+01 8.333333333333332149e+00 2.222222222222222143e+01 3.000000000000000000e+00
3.900000000000000000e+01 1.050247116968698435e+01 8.333333333333332149e+00 3.055555555555555358e+01 3.000000000000000000e+00
4.000000000000000000e+01 1.128500823723229018e+01 1.111111111111111072e+01 1.944444444444444642e+01 4.000000000000000000e+00
4.100000000000000000e+01 1.107907742998352418e+01 5.555555555555555358e+00 1.388888888888888928e+01 2.000000000000000000e+00
4.200000000000000000e+01 1.107907742998352418e+01 5.555555555555555358e+00 1.666666666666666430e+01 2.000000000000000000e+00
4.300000000000000000e+01 1.087314662273476173e+01 1.666666666666666430e+01 1.111111111111111072e+01 6.000000000000000000e+00
4.400000000000000000e+01 9.802306425041185989e+00 1.666666666666666430e+01 1.388888888888888928e+01 6.000000000000000000e+00
4.500000000000000000e+01 9.802306425041185989e+00 2.777777777777777857e+01 1.111111111111111072e+01 1.000000000000000000e+01
4.600000000000000000e+01 1.054365733113673897e+01 1.666666666666666430e+01 1.111111111111111072e+01 6.000000000000000000e+00
4.700000000000000000e+01 1.021416803953871444e+01 1.944444444444444642e+01 8.333333333333332149e+00 7.000000000000000000e+00
4.800000000000000000e+01 1.029654036243822013e+01 1.666666666666666430e+01 1.388888888888888928e+01 6.000000000000000000e+00
4.900000000000000000e+01 9.967051070840197369e+00 2.222222222222222143e+01 2.500000000000000000e+01 8.000000000000000000e+00
5.000000000000000000e+01 1.095551894563426742e+01 4.166666666666667140e+01 1.944444444444444642e+01 1.500000000000000000e+01
5.100000000000000000e+01 9.596375617792421764e+00 2.500000000000000000e+01 1.944444444444444642e+01 9.000000000000000000e+00
5.200000000000000000e+01 1.054365733113673897e+01 3.333333333333332860e+01 2.777777777777777857e+01 1.200000000000000000e+01
5.300000000000000000e+01 1.000823723228995021e+01 1.944444444444444642e+01 3.333333333333332860e+01 7.000000000000000000e+00
5.400000000000000000e+01 9.225700164744646159e+00 3.611111111111110716e+01 3.888888888888889284e+01 1.300000000000000000e+01
5.500000000000000000e+01 9.472817133443163229e+00 2.222222222222222143e+01 2.777777777777777857e+01 8.000000000000000000e+00
5.600000000000000000e+01 8.731466227347612019e+00 2.500000000000000000e+01 3.333333333333332860e+01 9.000000000000000000e+00
5.700000000000000000e+01 8.690280065897857398e+00 8.333333333333332149e+00 3.333333333333332860e+01 3.000000000000000000e+00
5.800000000000000000e+01 8.525535420098846018e+00 5.555555555555555358e+00 5.277777777777777857e+01 2.000000000000000000e+00
5.900000000000000000e+01 9.925864909390444524e+00 8.333333333333332149e+00 2.222222222222222143e+01 3.000000000000000000e+00
6.000000000000000000e+01 9.472817133443163229e+00 8.333333333333332149e+00 2.777777777777777857e+01 3.000000000000000000e+00
6.100000000000000000e+01 9.225700164744646159e+00 1.111111111111111072e+01 2.777777777777777857e+01 4.000000000000000000e+00
6.200000000000000000e+01 8.772652388797364864e+00 5.555555555555555358e+00 3.611111111111110716e+01 2.000000000000000000e+00
6.300000000000000000e+01 8.196046128500823258e+00 8.333333333333332149e+00 3.055555555555555358e+01 3.000000000000000000e+00
6.400000000000000000e+01 8.607907742998351708e+00 1.388888888888888928e+01 3.333333333333332860e+01 5.000000000000000000e+00
6.500000000000000000e+01 9.102141680395387624e+00 1.111111111111111072e+01 3.055555555555555358e+01 4.000000000000000000e+00
6.600000000000000000e+01 9.349258649093904694e+00 2.777777777777777679e+00 5.277777777777777857e+01 1.000000000000000000e+00
6.700000000000000000e+01 9.761120263591433144e+00 2.777777777777777679e+00 1.111111111111111072e+01 1.000000000000000000e+00
6.800000000000000000e+01 9.802306425041185989e+00 2.777777777777777679e+00 8.333333333333332149e+00 1.000000000000000000e+00
6.900000000000000000e+01 8.978583196046129089e+00 0.000000000000000000e+00 1.388888888888888928e+01 -6.000000000000000000e+03
