# step, world, group,control
0.000000000000000000e+00 2.936573311367380157e+01 3.888888888888889284e+01 1.388888888888888928e+01 1.400000000000000000e+01
1.000000000000000000e+00 2.644151565074134780e+01 3.055555555555555358e+01 1.666666666666666430e+01 1.100000000000000000e+01
2.000000000000000000e+00 2.668863261943986842e+01 2.500000000000000000e+01 1.666666666666666430e+01 9.000000000000000000e+00
3.000000000000000000e+00 2.294069192751235420e+01 4.166666666666667140e+01 2.222222222222222143e+01 1.500000000000000000e+01
4.000000000000000000e+00 2.380560131795716572e+01 3.888888888888889284e+01 1.388888888888888928e+01 1.400000000000000000e+01
5.000000000000000000e+00 2.289950576606260313e+01 3.888888888888889284e+01 5.555555555555555358e+00 1.400000000000000000e+01
6.000000000000000000e+00 2.236408566721581792e+01 2.500000000000000000e+01 8.333333333333332149e+00 9.000000000000000000e+00
7.000000000000000000e+00 2.228171334431630868e+01 1.666666666666666430e+01 1.111111111111111072e+01 6.000000000000000000e+00
8.000000000000000000e+00 2.145799011532125178e+01 1.666666666666666430e+01 1.388888888888888928e+01 6.000000000000000000e+00
9.000000000000000000e+00 2.034596375617792319e+01 2.222222222222222143e+01 1.666666666666666430e+01 8.000000000000000000e+00
1.000000000000000000e+01 2.108731466227347795e+01 1.388888888888888928e+01 1.666666666666666430e+01 5.000000000000000000e+00
1.100000000000000000e+01 2.042833607907742888e+01 8.333333333333332149e+00 2.222222222222222143e+01 3.000000000000000000e+00
1.200000000000000000e+01 1.989291598023064367e+01 1.111111111111111072e+01 1.666666666666666430e+01 4.000000000000000000e+00
1.300000000000000000e+01 1.696869851729818990e+01 1.388888888888888928e+01 2.500000000000000000e+01 5.000000000000000000e+00
1.400000000000000000e+01 1.738056013179571480e+01 1.111111111111111072e+01 2.500000000000000000e+01 4.000000000000000000e+00
1.500000000000000000e+01 1.593904448105436522e+01 8.333333333333332149e+00 3.888888888888889284e+01 3.000000000000000000e+00
1.600000000000000000e+01 1.742174629324546942e+01 8.333333333333332149e+00 2.222222222222222143e+01 3.000000000000000000e+00
1.700000000000000000e+01 1.709225700164744666e+01 5.555555555555555358e+00 2.777777777777777857e+01 2.000000000000000000e+00
1.800000000000000000e+01 1.729818780889621266e+01 2.777777777777777679e+00 4.166666666666667140e+01 1.000000000000000000e+00
1.900000000000000000e+01 1.836902800658978663e+01 2.777777777777777679e+00 2.777777777777777857e+01 1.000000000000000000e+00
2.000000000000000000e+01 1.766886326194398649e+01 8.333333333333332149e+00 1.111111111111111072e+01 3.000000000000000000e+00
2.100000000000000000e+01 1.684514003294892959e+01 1.666666666666666430e+01 0.000000000000000000e+00 6.000000000000000000e+00
2.200000000000000000e+01 1.618616144975288407e+01 1.111111111111111072e+01 0.000000000000000000e+00 4.000000000000000000e+00
2.300000000000000000e+01 1.528006589785831970e+01 1.388888888888888928e+01 0.000000000000000000e+00 5.000000000000000000e+00
2.400000000000000000e+01 1.301482701812190967e+01 1.111111111111111072e+01 2.777777777777777679e+00 4.000000000000000000e+00
2.500000000000000000e+01 1.445634266886326103e+01 1.666666666666666430e+01 2.777777777777777679e+00 6.000000000000000000e+00
2.600000000000000000e+01 1.400329489291597973e+01 1.388888888888888928e+01 2.777777777777777679e+00 5.000000000000000000e+00
2.700000000000000000e+01 1.416803953871499111e+01 1.944444444444444642e+01 2.777777777777777679e+00 7.000000000000000000e+00
2.800000000000000000e+01 1.182042833607907717e+01 2.777777777777777857e+01 0.000000000000000000e+00 1.000000000000000000e+01
2.900000000000000000e+01 1.194398682042833570e+01 3.055555555555555358e+01 0.000000000000000000e+00 1.100000000000000000e+01
3.000000000000000000e+01 1.153212520593080725e+01 2.500000000000000000e+01 0.000000000000000000e+00 9.000000000000000000e+00
3.100000000000000000e+01 1.153212520593080725e+01 3.888888888888889284e+01 0.000000000000000000e+00 1.400000000000000000e+01
3.200000000000000000e+01 1.165568369028006579e+01 2.500000000000000000e+01 0.000000000000000000e+00 9.000000000000000000e+00
3.300000000000000000e+01 1.161449752883031294e+01 1.666666666666666430e+01 0.000000000000000000e+00 6.000000000000000000e+00
3.400000000000000000e+01 1.095551894563426742e+01 1.666666666666666430e+01 0.000000000000000000e+00 6.000000000000000000e+00
3.500000000000000000e+01 1.025535420098846728e+01 2.500000000000000000e+01 0.000000000000000000e+00 9.000000000000000000e+00
3.600000000000000000e+01 1.091433278418451280e+01 2.777777777777777857e+01 0.000000000000000000e+00 1.000000000000000000e+01
3.700000000000000000e+01 1.157331136738056010e+01 1.666666666666666430e+01 0.000000000000000000e+00 6.000000000000000000e+00
3.800000000000000000e+01 1.256177924217462838e+01 2.777777777777777857e+01 0.000000000000000000e+00 1.000000000000000000e+01
3.900000000000000000e+01 1.169686985172981863e+01 3.055555555555555358e+01 0.000000000000000000e+00 1.100000000000000000e+01
4.000000000000000000e+01 1.276771004942339438e+01 3.055555555555555358e+01 0.000000000000000000e+00 1.100000000000000000e+01
4.100000000000000000e+01 1.231466227347611309e+01 3.888888888888889284e+01 0.000000000000000000e+00 1.400000000000000000e+01
4.200000000000000000e+01 1.256177924217462838e+01 3.888888888888889284e+01 0.000000000000000000e+00 1.400000000000000000e+01
4.300000000000000000e+01 1.276771004942339438e+01 3.055555555555555358e+01 0.000000000000000000e+00 1.100000000000000000e+01
4.400000000000000000e+01 1.235584843492586415e+01 2.500000000000000000e+01 0.000000000000000000e+00 9.000000000000000000e+00
4.500000000000000000e+01 1.346787479406919275e+01 4.166666666666667140e+01 0.000000000000000000e+00 1.500000000000000000e+01
4.600000000000000000e+01 1.256177924217462838e+01 3.611111111111110716e+01 0.000000000000000000e+00 1.300000000000000000e+01
4.700000000000000000e+01 1.338550247116968528e+01 3.888888888888889284e+01 0.000000000000000000e+00 1.400000000000000000e+01
4.800000000000000000e+01 1.293245469522240576e+01 2.777777777777777857e+01 0.000000000000000000e+00 1.000000000000000000e+01
4.900000000000000000e+01 1.272652388797363976e+01 4.722222222222222854e+01 0.000000000000000000e+00 1.700000000000000000e+01
5.000000000000000000e+01 1.301482701812190967e+01 1.944444444444444642e+01 0.000000000000000000e+00 7.000000000000000000e+00
5.100000000000000000e+01 1.149093904448105441e+01 1.944444444444444642e+01 0.000000000000000000e+00 7.000000000000000000e+00
5.200000000000000000e+01 1.157331136738056010e+01 1.666666666666666430e+01 0.000000000000000000e+00 6.000000000000000000e+00
5.300000000000000000e+01 1.091433278418451280e+01 2.222222222222222143e+01 0.000000000000000000e+00 8.000000000000000000e+00
5.400000000000000000e+01 1.046128500823723328e+01 2.500000000000000000e+01 0.000000000000000000e+00 9.000000000000000000e+00
5.500000000000000000e+01 1.054365733113673897e+01 2.222222222222222143e+01 0.000000000000000000e+00 8.000000000000000000e+00
5.600000000000000000e+01 1.112026359143327880e+01 2.500000000000000000e+01 0.000000000000000000e+00 9.000000000000000000e+00
5.700000000000000000e+01 1.190280065897858286e+01 3.055555555555555358e+01 0.000000000000000000e+00 1.100000000000000000e+01
5.800000000000000000e+01 1.247940691927512447e+01 2.777777777777777857e+01 0.000000000000000000e+00 1.000000000000000000e+01
5.900000000000000000e+01 1.289126853377265114e+01 5.000000000000000000e+01 0.000000000000000000e+00 1.800000000000000000e+01
6.000000000000000000e+01 1.091433278418451280e+01 4.722222222222222854e+01 0.000000000000000000e+00 1.700000000000000000e+01
6.100000000000000000e+01 1.202635914332784139e+01 3.888888888888889284e+01 0.000000000000000000e+00 1.400000000000000000e+01
6.200000000000000000e+01 1.165568369028006579e+01 2.777777777777777857e+01 0.000000000000000000e+00 1.000000000000000000e+01
6.300000000000000000e+01 1.153212520593080725e+01 5.000000000000000000e+01 0.000000000000000000e+00 1.800000000000000000e+01
6.400000000000000000e+01 1.144975288303130156e+01 4.166666666666667140e+01 0.000000000000000000e+00 1.500000000000000000e+01
6.500000000000000000e+01 1.177924217462932432e+01 3.055555555555555358e+01 0.000000000000000000e+00 1.100000000000000000e+01
6.600000000000000000e+01 1.144975288303130156e+01 2.777777777777777857e+01 0.000000000000000000e+00 1.000000000000000000e+01
6.700000000000000000e+01 1.149093904448105441e+01 2.500000000000000000e+01 0.000000000000000000e+00 9.000000000000000000e+00
6.800000000000000000e+01 1.140856672158154872e+01 2.777777777777777857e+01 0.000000000000000000e+00 1.000000000000000000e+01
6.900000000000000000e+01 1.140856672158154872e+01 3.333333333333332860e+01 0.000000000000000000e+00 1.200000000000000000e+01
7.000000000000000000e+01 1.289126853377265114e+01 1.666666666666666430e+01 0.000000000000000000e+00 6.000000000000000000e+00
7.100000000000000000e+01 1.140856672158154872e+01 3.333333333333332860e+01 0.000000000000000000e+00 1.200000000000000000e+01
7.200000000000000000e+01 1.252059308072487553e+01 1.666666666666666430e+01 0.000000000000000000e+00 6.000000000000000000e+00
7.300000000000000000e+01 1.214991762767710171e+01 2.222222222222222143e+01 0.000000000000000000e+00 8.000000000000000000e+00
7.400000000000000000e+01 1.264415156507413585e+01 1.666666666666666430e+01 0.000000000000000000e+00 6.000000000000000000e+00
7.500000000000000000e+01 1.214991762767710171e+01 2.222222222222222143e+01 0.000000000000000000e+00 8.000000000000000000e+00
7.600000000000000000e+01 1.153212520593080725e+01 2.222222222222222143e+01 0.000000000000000000e+00 8.000000000000000000e+00
7.700000000000000000e+01 1.107907742998352418e+01 2.500000000000000000e+01 0.000000000000000000e+00 9.000000000000000000e+00
7.800000000000000000e+01 1.095551894563426742e+01 3.333333333333332860e+01 0.000000000000000000e+00 1.200000000000000000e+01
7.900000000000000000e+01 1.050247116968698435e+01 2.222222222222222143e+01 0.000000000000000000e+00 8.000000000000000000e+00
8.000000000000000000e+01 9.967051070840197369e+00 3.055555555555555358e+01 0.000000000000000000e+00 1.100000000000000000e+01
8.100000000000000000e+01 9.390444810543657539e+00 3.055555555555555358e+01 0.000000000000000000e+00 1.100000000000000000e+01
8.200000000000000000e+01 8.937397034596376244e+00 3.888888888888889284e+01 0.000000000000000000e+00 1.400000000000000000e+01
8.300000000000000000e+01 9.308072487644151849e+00 5.000000000000000000e+01 0.000000000000000000e+00 1.800000000000000000e+01
8.400000000000000000e+01 9.472817133443163229e+00 2.500000000000000000e+01 0.000000000000000000e+00 9.000000000000000000e+00
8.500000000000000000e+01 9.637561779242174609e+00 3.611111111111110716e+01 0.000000000000000000e+00 1.300000000000000000e+01
8.600000000000000000e+01 8.896210873146623399e+00 2.222222222222222143e+01 0.000000000000000000e+00 8.000000000000000000e+00
8.700000000000000000e+01 9.431630971993410384e+00 3.888888888888889284e+01 0.000000000000000000e+00 1.400000000000000000e+01
8.800000000000000000e+01 9.390444810543657539e+00 1.944444444444444642e+01 0.000000000000000000e+00 7.000000000000000000e+00
8.900000000000000000e+01 1.017298187808896159e+01 1.944444444444444642e+01 0.000000000000000000e+00 7.000000000000000000e+00
9.000000000000000000e+01 9.266886326194399004e+00 3.055555555555555358e+01 0.000000000000000000e+00 1.100000000000000000e+01
9.100000000000000000e+01 1.136738056013179587e+01 3.055555555555555358e+01 0.000000000000000000e+00 1.100000000000000000e+01
9.200000000000000000e+01 9.761120263591433144e+00 4.166666666666667140e+01 0.000000000000000000e+00 1.500000000000000000e+01
9.300000000000000000e+01 1.107907742998352418e+01 2.222222222222222143e+01 0.000000000000000000e+00 8.000000000000000000e+00
9.400000000000000000e+01 1.091433278418451280e+01 3.888888888888889284e+01 0.000000000000000000e+00 1.400000000000000000e+01
9.500000000000000000e+01 1.161449752883031294e+01 4.166666666666667140e+01 0.000000000000000000e+00 1.500000000000000000e+01
9.600000000000000000e+01 1.182042833607907717e+01 3.333333333333332860e+01 0.000000000000000000e+00 1.200000000000000000e+01
9.700000000000000000e+01 1.247940691927512447e+01 3.055555555555555358e+01 0.000000000000000000e+00 1.100000000000000000e+01
9.800000000000000000e+01 1.235584843492586415e+01 1.944444444444444642e+01 0.000000000000000000e+00 7.000000000000000000e+00
9.900000000000000000e+01 1.280889621087314723e+01 1.111111111111111072e+01 0.000000000000000000e+00 4.000000000000000000e+00
1.000000000000000000e+02 1.293245469522240576e+01 1.111111111111111072e+01 0.000000000000000000e+00 4.000000000000000000e+00
1.010000000000000000e+02 1.239703459637561878e+01 1.111111111111111072e+01 0.000000000000000000e+00 4.000000000000000000e+00
1.020000000000000000e+02 1.124382207578253734e+01 1.388888888888888928e+01 0.000000000000000000e+00 5.000000000000000000e+00
1.030000000000000000e+02 1.219110378912685277e+01 1.944444444444444642e+01 0.000000000000000000e+00 7.000000000000000000e+00
1.040000000000000000e+02 1.235584843492586415e+01 1.944444444444444642e+01 0.000000000000000000e+00 7.000000000000000000e+00
1.050000000000000000e+02 1.223228995057660740e+01 1.944444444444444642e+01 0.000000000000000000e+00 7.000000000000000000e+00
1.060000000000000000e+02 1.317957166392092283e+01 2.500000000000000000e+01 0.000000000000000000e+00 9.000000000000000000e+00
1.070000000000000000e+02 1.350906095551894559e+01 2.500000000000000000e+01 0.000000000000000000e+00 9.000000000000000000e+00
1.080000000000000000e+02 1.371499176276770804e+01 2.222222222222222143e+01 0.000000000000000000e+00 8.000000000000000000e+00
1.090000000000000000e+02 1.289126853377265114e+01 2.222222222222222143e+01 0.000000000000000000e+00 8.000000000000000000e+00
1.100000000000000000e+02 1.297364085667215861e+01 2.500000000000000000e+01 0.000000000000000000e+00 9.000000000000000000e+00
1.110000000000000000e+02 1.223228995057660740e+01 1.944444444444444642e+01 0.000000000000000000e+00 7.000000000000000000e+00
1.120000000000000000e+02 1.231466227347611309e+01 1.944444444444444642e+01 0.000000000000000000e+00 7.000000000000000000e+00
1.130000000000000000e+02 1.293245469522240576e+01 2.500000000000000000e+01 0.000000000000000000e+00 9.000000000000000000e+00
1.140000000000000000e+02 1.293245469522240576e+01 2.222222222222222143e+01 0.000000000000000000e+00 8.000000000000000000e+00
1.150000000000000000e+02 1.289126853377265114e+01 3.055555555555555358e+01 0.000000000000000000e+00 1.100000000000000000e+01
1.160000000000000000e+02 1.383855024711696835e+01 3.055555555555555358e+01 0.000000000000000000e+00 1.100000000000000000e+01
1.170000000000000000e+02 1.301482701812190967e+01 4.444444444444444287e+01 0.000000000000000000e+00 1.600000000000000000e+01
1.180000000000000000e+02 1.293245469522240576e+01 2.777777777777777857e+01 0.000000000000000000e+00 1.000000000000000000e+01
1.190000000000000000e+02 1.219110378912685277e+01 2.500000000000000000e+01 0.000000000000000000e+00 9.000000000000000000e+00
1.200000000000000000e+02 1.338550247116968528e+01 1.111111111111111072e+01 0.000000000000000000e+00 4.000000000000000000e+00
1.210000000000000000e+02 1.268533772652388691e+01 1.111111111111111072e+01 0.000000000000000000e+00 4.000000000000000000e+00
1.220000000000000000e+02 1.280889621087314723e+01 2.777777777777777857e+01 0.000000000000000000e+00 1.000000000000000000e+01
1.230000000000000000e+02 1.252059308072487553e+01 3.611111111111110716e+01 0.000000000000000000e+00 1.300000000000000000e+01
1.240000000000000000e+02 1.239703459637561878e+01 1.944444444444444642e+01 0.000000000000000000e+00 7.000000000000000000e+00
1.250000000000000000e+02 1.210873146622734708e+01 2.222222222222222143e+01 0.000000000000000000e+00 8.000000000000000000e+00
1.260000000000000000e+02 1.227347611202635846e+01 2.222222222222222143e+01 0.000000000000000000e+00 8.000000000000000000e+00
1.270000000000000000e+02 1.264415156507413585e+01 2.222222222222222143e+01 0.000000000000000000e+00 8.000000000000000000e+00
1.280000000000000000e+02 1.210873146622734708e+01 1.944444444444444642e+01 0.000000000000000000e+00 7.000000000000000000e+00
1.290000000000000000e+02 1.116144975288303165e+01 3.055555555555555358e+01 0.000000000000000000e+00 1.100000000000000000e+01
1.300000000000000000e+02 1.268533772652388691e+01 2.777777777777777857e+01 0.000000000000000000e+00 1.000000000000000000e+01
1.310000000000000000e+02 1.186161449752883001e+01 3.055555555555555358e+01 0.000000000000000000e+00 1.100000000000000000e+01
1.320000000000000000e+02 1.202635914332784139e+01 1.944444444444444642e+01 0.000000000000000000e+00 7.000000000000000000e+00
1.330000000000000000e+02 1.165568369028006579e+01 2.222222222222222143e+01 0.000000000000000000e+00 8.000000000000000000e+00
1.340000000000000000e+02 1.231466227347611309e+01 1.944444444444444642e+01 0.000000000000000000e+00 7.000000000000000000e+00
1.350000000000000000e+02 1.202635914332784139e+01 2.500000000000000000e+01 0.000000000000000000e+00 9.000000000000000000e+00
1.360000000000000000e+02 1.198517298187809033e+01 1.111111111111111072e+01 0.000000000000000000e+00 4.000000000000000000e+00
1.370000000000000000e+02 1.293245469522240576e+01 1.111111111111111072e+01 0.000000000000000000e+00 4.000000000000000000e+00
1.380000000000000000e+02 1.313838550247116999e+01 2.222222222222222143e+01 0.000000000000000000e+00 8.000000000000000000e+00
1.390000000000000000e+02 1.112026359143327880e+01 1.388888888888888928e+01 0.000000000000000000e+00 5.000000000000000000e+00
1.400000000000000000e+02 1.235584843492586415e+01 1.666666666666666430e+01 0.000000000000000000e+00 6.000000000000000000e+00
1.410000000000000000e+02 1.219110378912685277e+01 1.666666666666666430e+01 0.000000000000000000e+00 6.000000000000000000e+00
1.420000000000000000e+02 1.243822075782536984e+01 8.333333333333332149e+00 0.000000000000000000e+00 3.000000000000000000e+00
1.430000000000000000e+02 1.186161449752883001e+01 2.777777777777777679e+00 0.000000000000000000e+00 1.000000000000000000e+00
1.440000000000000000e+02 1.219110378912685277e+01 0.000000000000000000e+00 0.000000000000000000e+00 -6.000000000000000000e+03
