# step, world, group,control
0.000000000000000000e+00 2.598846787479406828e+01 1.944444444444444642e+01 1.666666666666666430e+01 7.000000000000000000e+00
1.000000000000000000e+00 2.277594728171334282e+01 3.055555555555555358e+01 1.666666666666666430e+01 1.100000000000000000e+01
2.000000000000000000e+00 2.055189456342668919e+01 2.500000000000000000e+01 2.222222222222222143e+01 9.000000000000000000e+00
3.000000000000000000e+00 2.141680395387150071e+01 1.666666666666666430e+01 1.944444444444444642e+01 6.000000000000000000e+00
4.000000000000000000e+00 2.042833607907742888e+01 1.944444444444444642e+01 2.222222222222222143e+01 7.000000000000000000e+00
5.000000000000000000e+00 2.154036243822075747e+01 2.777777777777777857e+01 1.388888888888888928e+01 1.000000000000000000e+01
6.000000000000000000e+00 2.014003294892916074e+01 2.222222222222222143e+01 2.500000000000000000e+01 8.000000000000000000e+00
7.000000000000000000e+00 2.014003294892916074e+01 2.500000000000000000e+01 1.388888888888888928e+01 9.000000000000000000e+00
8.000000000000000000e+00 1.906919275123558322e+01 3.055555555555555358e+01 1.666666666666666430e+01 1.100000000000000000e+01
9.000000000000000000e+00 1.808072487644151494e+01 3.055555555555555358e+01 2.222222222222222143e+01 1.100000000000000000e+01
1.000000000000000000e+01 1.803953871499176387e+01 3.611111111111110716e+01 1.944444444444444642e+01 1.300000000000000000e+01
1.100000000000000000e+01 1.746293245469522404e+01 3.611111111111110716e+01 2.222222222222222143e+01 1.300000000000000000e+01
1.200000000000000000e+01 1.643327841845140114e+01 3.055555555555555358e+01 2.500000000000000000e+01 1.100000000000000000e+01
1.300000000000000000e+01 1.622734761120263514e+01 4.166666666666667140e+01 1.944444444444444642e+01 1.500000000000000000e+01
1.400000000000000000e+01 1.523887973640856686e+01 4.166666666666667140e+01 3.055555555555555358e+01 1.500000000000000000e+01
1.500000000000000000e+01 1.635090609555189545e+01 4.166666666666667140e+01 1.666666666666666430e+01 1.500000000000000000e+01
1.600000000000000000e+01 1.478583196046128556e+01 5.000000000000000000e+01 1.666666666666666430e+01 1.800000000000000000e+01
1.700000000000000000e+01 1.404448105436573435e+01 4.722222222222222854e+01 1.666666666666666430e+01 1.700000000000000000e+01
1.800000000000000000e+01 1.511532125205930832e+01 4.166666666666667140e+01 8.333333333333332149e+00 1.500000000000000000e+01
1.900000000000000000e+01 1.367380560131795697e+01 4.444444444444444287e+01 5.555555555555555358e+00 1.600000000000000000e+01
2.000000000000000000e+01 1.429159802306424965e+01 5.000000000000000000e+01 0.000000000000000000e+00 1.800000000000000000e+01
2.100000000000000000e+01 1.400329489291597973e+01 4.166666666666667140e+01 0.000000000000000000e+00 1.500000000000000000e+01
2.200000000000000000e+01 1.429159802306424965e+01 3.333333333333332860e+01 0.000000000000000000e+00 1.200000000000000000e+01
2.300000000000000000e+01 1.433278418451400249e+01 3.333333333333332860e+01 0.000000000000000000e+00 1.200000000000000000e+01
2.400000000000000000e+01 1.379736408566721551e+01 3.333333333333332860e+01 0.000000000000000000e+00 1.200000000000000000e+01
2.500000000000000000e+01 1.462108731466227241e+01 3.333333333333332860e+01 0.000000000000000000e+00 1.200000000000000000e+01
2.600000000000000000e+01 1.433278418451400249e+01 4.722222222222222854e+01 8.333333333333332149e+00 1.700000000000000000e+01
2.700000000000000000e+01 1.416803953871499111e+01 3.888888888888889284e+01 1.111111111111111072e+01 1.400000000000000000e+01
2.800000000000000000e+01 1.334431630971993421e+01 5.833333333333333570e+01 1.111111111111111072e+01 2.100000000000000000e+01
2.900000000000000000e+01 1.252059308072487553e+01 1.111111111111111072e+01 1.388888888888888928e+01 4.000000000000000000e+00
3.000000000000000000e+01 1.334431630971993421e+01 1.111111111111111072e+01 1.944444444444444642e+01 4.000000000000000000e+00
3.100000000000000000e+01 1.243822075782536984e+01 1.666666666666666430e+01 1.944444444444444642e+01 6.000000000000000000e+00
3.200000000000000000e+01 1.202635914332784139e+01 1.388888888888888928e+01 3.333333333333332860e+01 5.000000000000000000e+00
3.300000000000000000e+01 1.161449752883031294e+01 2.222222222222222143e+01 1.666666666666666430e+01 8.000000000000000000e+00
3.400000000000000000e+01 1.149093904448105441e+01 2.500000000000000000e+01 1.944444444444444642e+01 9.000000000000000000e+00
3.500000000000000000e+01 1.190280065897858286e+01 2.777777777777777857e+01 1.388888888888888928e+01 1.000000000000000000e+01
3.600000000000000000e+01 1.194398682042833570e+01 1.388888888888888928e+01 1.666666666666666430e+01 5.000000000000000000e+00
3.700000000000000000e+01 1.243822075782536984e+01 3.055555555555555358e+01 1.944444444444444642e+01 1.100000000000000000e+01
3.800000000000000000e+01 1.256177924217462838e+01 2.222222222222222143e+01 2.500000000000000000e+01 8.000000000000000000e+00
3.900000000000000000e+01 1.190280065897858286e+01 2.777777777777777857e+01 2.222222222222222143e+01 1.000000000000000000e+01
4.000000000000000000e+01 1.285008237232289829e+01 3.888888888888889284e+01 2.777777777777777857e+01 1.400000000000000000e+01
4.100000000000000000e+01 1.239703459637561878e+01 2.777777777777777857e+01 1.944444444444444642e+01 1.000000000000000000e+01
4.200000000000000000e+01 1.132619439868204303e+01 1.666666666666666430e+01 3.055555555555555358e+01 6.000000000000000000e+00
4.300000000000000000e+01 1.120263591433278449e+01 1.388888888888888928e+01 2.222222222222222143e+01 5.000000000000000000e+00
4.400000000000000000e+01 1.033772652388797297e+01 1.944444444444444642e+01 2.777777777777777857e+01 7.000000000000000000e+00
4.500000000000000000e+01 1.033772652388797297e+01 1.944444444444444642e+01 2.500000000000000000e+01 7.000000000000000000e+00
4.600000000000000000e+01 9.678747940691927454e+00 1.944444444444444642e+01 2.777777777777777857e+01 7.000000000000000000e+00
4.700000000000000000e+01 9.431630971993410384e+00 1.944444444444444642e+01 1.944444444444444642e+01 7.000000000000000000e+00
4.800000000000000000e+01 8.937397034596376244e+00 2.500000000000000000e+01 2.222222222222222143e+01 9.000000000000000000e+00
4.900000000000000000e+01 9.225700164744646159e+00 1.944444444444444642e+01 1.388888888888888928e+01 7.000000000000000000e+00
5.000000000000000000e+01 8.978583196046129089e+00 3.055555555555555358e+01 2.222222222222222143e+01 1.100000000000000000e+01
5.100000000000000000e+01 1.042009884678747866e+01 2.777777777777777857e+01 5.555555555555555358e+00 1.000000000000000000e+01
5.200000000000000000e+01 9.060955518945634779e+00 3.333333333333332860e+01 0.000000000000000000e+00 1.200000000000000000e+01
5.300000000000000000e+01 8.525535420098846018e+00 4.444444444444444287e+01 0.000000000000000000e+00 1.600000000000000000e+01
5.400000000000000000e+01 9.143327841845140469e+00 4.166666666666667140e+01 0.000000000000000000e+00 1.500000000000000000e+01
5.500000000000000000e+01 9.019769357495881934e+00 3.333333333333332860e+01 0.000000000000000000e+00 1.200000000000000000e+01
5.600000000000000000e+01 8.360790774299834638e+00 3.055555555555555358e+01 0.000000000000000000e+00 1.100000000000000000e+01
5.700000000000000000e+01 8.649093904448106329e+00 3.333333333333332860e+01 0.000000000000000000e+00 1.200000000000000000e+01
5.800000000000000000e+01 9.019769357495881934e+00 3.888888888888889284e+01 0.000000000000000000e+00 1.400000000000000000e+01
5.900000000000000000e+01 1.083196046128500711e+01 2.777777777777777857e+01 0.000000000000000000e+00 1.000000000000000000e+01
6.000000000000000000e+01 9.761120263591433144e+00 4.166666666666667140e+01 0.000000000000000000e+00 1.500000000000000000e+01
6.100000000000000000e+01 9.637561779242174609e+00 5.277777777777777857e+01 0.000000000000000000e+00 1.900000000000000000e+01
6.200000000000000000e+01 1.021416803953871444e+01 1.111111111111111072e+01 0.000000000000000000e+00 4.000000000000000000e+00
6.300000000000000000e+01 9.349258649093904694e+00 2.500000000000000000e+01 0.000000000000000000e+00 9.000000000000000000e+00
6.400000000000000000e+01 9.143327841845140469e+00 1.944444444444444642e+01 0.000000000000000000e+00 7.000000000000000000e+00
6.500000000000000000e+01 9.184514003294893314e+00 2.777777777777777857e+01 0.000000000000000000e+00 1.000000000000000000e+01
6.600000000000000000e+01 8.566721581548600639e+00 3.888888888888889284e+01 0.000000000000000000e+00 1.400000000000000000e+01
6.700000000000000000e+01 9.514003294892916074e+00 3.333333333333332860e+01 0.000000000000000000e+00 1.200000000000000000e+01
6.800000000000000000e+01 8.813838550247117709e+00 4.444444444444444287e+01 0.000000000000000000e+00 1.600000000000000000e+01
6.900000000000000000e+01 1.054365733113673897e+01 2.222222222222222143e+01 0.000000000000000000e+00 8.000000000000000000e+00
7.000000000000000000e+01 1.004942339373970306e+01 2.500000000000000000e+01 0.000000000000000000e+00 9.000000000000000000e+00
7.100000000000000000e+01 1.120263591433278449e+01 2.777777777777777857e+01 0.000000000000000000e+00 1.000000000000000000e+01
7.200000000000000000e+01 1.103789126853377311e+01 2.500000000000000000e+01 0.000000000000000000e+00 9.000000000000000000e+00
7.300000000000000000e+01 1.149093904448105441e+01 1.944444444444444642e+01 0.000000000000000000e+00 7.000000000000000000e+00
7.400000000000000000e+01 1.157331136738056010e+01 1.944444444444444642e+01 0.000000000000000000e+00 7.000000000000000000e+00
7.500000000000000000e+01 1.177924217462932432e+01 2.500000000000000000e+01 0.000000000000000000e+00 9.000000000000000000e+00
7.600000000000000000e+01 1.280889621087314723e+01 2.222222222222222143e+01 0.000000000000000000e+00 8.000000000000000000e+00
7.700000000000000000e+01 1.227347611202635846e+01 3.333333333333332860e+01 0.000000000000000000e+00 1.200000000000000000e+01
7.800000000000000000e+01 1.272652388797363976e+01 1.944444444444444642e+01 0.000000000000000000e+00 7.000000000000000000e+00
7.900000000000000000e+01 1.276771004942339438e+01 2.777777777777777857e+01 0.000000000000000000e+00 1.000000000000000000e+01
8.000000000000000000e+01 1.326194398682042852e+01 2.777777777777777857e+01 0.000000000000000000e+00 1.000000000000000000e+01
8.100000000000000000e+01 1.297364085667215861e+01 2.500000000000000000e+01 0.000000000000000000e+00 9.000000000000000000e+00
8.200000000000000000e+01 1.264415156507413585e+01 3.611111111111110716e+01 0.000000000000000000e+00 1.300000000000000000e+01
8.300000000000000000e+01 1.276771004942339438e+01 3.611111111111110716e+01 0.000000000000000000e+00 1.300000000000000000e+01
8.400000000000000000e+01 1.256177924217462838e+01 2.777777777777777857e+01 0.000000000000000000e+00 1.000000000000000000e+01
8.500000000000000000e+01 1.326194398682042852e+01 3.055555555555555358e+01 0.000000000000000000e+00 1.100000000000000000e+01
8.600000000000000000e+01 1.062602965403624466e+01 2.777777777777777857e+01 0.000000000000000000e+00 1.000000000000000000e+01
8.700000000000000000e+01 1.091433278418451280e+01 2.500000000000000000e+01 0.000000000000000000e+00 9.000000000000000000e+00
8.800000000000000000e+01 1.132619439868204303e+01 2.500000000000000000e+01 0.000000000000000000e+00 9.000000000000000000e+00
8.900000000000000000e+01 1.165568369028006579e+01 2.777777777777777857e+01 0.000000000000000000e+00 1.000000000000000000e+01
9.000000000000000000e+01 1.149093904448105441e+01 3.333333333333332860e+01 0.000000000000000000e+00 1.200000000000000000e+01
9.100000000000000000e+01 1.157331136738056010e+01 2.222222222222222143e+01 0.000000000000000000e+00 8.000000000000000000e+00
9.200000000000000000e+01 1.161449752883031294e+01 3.333333333333332860e+01 0.000000000000000000e+00 1.200000000000000000e+01
9.300000000000000000e+01 1.194398682042833570e+01 1.666666666666666430e+01 0.000000000000000000e+00 6.000000000000000000e+00
9.400000000000000000e+01 1.260296540362438300e+01 1.666666666666666430e+01 0.000000000000000000e+00 6.000000000000000000e+00
9.500000000000000000e+01 1.227347611202635846e+01 1.111111111111111072e+01 0.000000000000000000e+00 4.000000000000000000e+00
9.600000000000000000e+01 1.235584843492586415e+01 1.666666666666666430e+01 0.000000000000000000e+00 6.000000000000000000e+00
9.700000000000000000e+01 1.330313014827018137e+01 2.500000000000000000e+01 0.000000000000000000e+00 9.000000000000000000e+00
9.800000000000000000e+01 1.322075782537067390e+01 3.055555555555555358e+01 0.000000000000000000e+00 1.100000000000000000e+01
9.900000000000000000e+01 1.334431630971993421e+01 3.888888888888889284e+01 0.000000000000000000e+00 1.400000000000000000e+01
1.000000000000000000e+02 1.375617792421746444e+01 2.222222222222222143e+01 0.000000000000000000e+00 8.000000000000000000e+00
1.010000000000000000e+02 1.346787479406919275e+01 3.888888888888889284e+01 0.000000000000000000e+00 1.400000000000000000e+01
1.020000000000000000e+02 1.350906095551894559e+01 3.055555555555555358e+01 0.000000000000000000e+00 1.100000000000000000e+01
1.030000000000000000e+02 1.252059308072487553e+01 2.500000000000000000e+01 0.000000000000000000e+00 9.000000000000000000e+00
1.040000000000000000e+02 1.239703459637561878e+01 2.500000000000000000e+01 0.000000000000000000e+00 9.000000000000000000e+00
1.050000000000000000e+02 1.046128500823723328e+01 3.888888888888889284e+01 0.000000000000000000e+00 1.400000000000000000e+01
1.060000000000000000e+02 9.967051070840197369e+00 3.055555555555555358e+01 0.000000000000000000e+00 1.100000000000000000e+01
1.070000000000000000e+02 9.431630971993410384e+00 2.222222222222222143e+01 0.000000000000000000e+00 8.000000000000000000e+00
1.080000000000000000e+02 8.607907742998351708e+00 2.500000000000000000e+01 0.000000000000000000e+00 9.000000000000000000e+00
1.090000000000000000e+02 8.319604612850081793e+00 3.333333333333332860e+01 0.000000000000000000e+00 1.200000000000000000e+01
1.100000000000000000e+02 8.649093904448106329e+00 3.333333333333332860e+01 0.000000000000000000e+00 1.200000000000000000e+01
1.110000000000000000e+02 7.948929159802306188e+00 2.222222222222222143e+01 0.000000000000000000e+00 8.000000000000000000e+00
1.120000000000000000e+02 8.607907742998351708e+00 2.500000000000000000e+01 0.000000000000000000e+00 9.000000000000000000e+00
1.130000000000000000e+02 7.537067545304777738e+00 3.055555555555555358e+01 0.000000000000000000e+00 1.100000000000000000e+01
1.140000000000000000e+02 8.607907742998351708e+00 2.500000000000000000e+01 0.000000000000000000e+00 9.000000000000000000e+00
1.150000000000000000e+02 7.619439868204283428e+00 3.055555555555555358e+01 0.000000000000000000e+00 1.100000000000000000e+01
1.160000000000000000e+02 7.619439868204283428e+00 3.611111111111110716e+01 0.000000000000000000e+00 1.300000000000000000e+01
1.170000000000000000e+02 7.907742998352553343e+00 2.222222222222222143e+01 0.000000000000000000e+00 8.000000000000000000e+00
1.180000000000000000e+02 7.578253706754529695e+00 2.777777777777777857e+01 0.000000000000000000e+00 1.000000000000000000e+01
1.190000000000000000e+02 8.813838550247117709e+00 3.333333333333332860e+01 0.000000000000000000e+00 1.200000000000000000e+01
1.200000000000000000e+02 8.978583196046129089e+00 3.611111111111110716e+01 0.000000000000000000e+00 1.300000000000000000e+01
1.210000000000000000e+02 9.143327841845140469e+00 4.444444444444444287e+01 0.000000000000000000e+00 1.600000000000000000e+01
1.220000000000000000e+02 9.102141680395387624e+00 4.166666666666667140e+01 0.000000000000000000e+00 1.500000000000000000e+01
1.230000000000000000e+02 9.266886326194399004e+00 3.611111111111110716e+01 0.000000000000000000e+00 1.300000000000000000e+01
1.240000000000000000e+02 9.678747940691927454e+00 4.722222222222222854e+01 0.000000000000000000e+00 1.700000000000000000e+01
1.250000000000000000e+02 1.062602965403624466e+01 3.611111111111110716e+01 0.000000000000000000e+00 1.300000000000000000e+01
1.260000000000000000e+02 1.033772652388797297e+01 3.333333333333332860e+01 0.000000000000000000e+00 1.200000000000000000e+01
1.270000000000000000e+02 1.029654036243822013e+01 3.611111111111110716e+01 0.000000000000000000e+00 1.300000000000000000e+01
1.280000000000000000e+02 1.013179571663920875e+01 3.611111111111110716e+01 0.000000000000000000e+00 1.300000000000000000e+01
1.290000000000000000e+02 9.308072487644151849e+00 3.888888888888889284e+01 0.000000000000000000e+00 1.400000000000000000e+01
1.300000000000000000e+02 9.431630971993410384e+00 4.166666666666667140e+01 0.000000000000000000e+00 1.500000000000000000e+01
1.310000000000000000e+02 1.070840197693575035e+01 3.333333333333332860e+01 0.000000000000000000e+00 1.200000000000000000e+01
1.320000000000000000e+02 1.029654036243822013e+01 3.055555555555555358e+01 0.000000000000000000e+00 1.100000000000000000e+01
1.330000000000000000e+02 1.140856672158154872e+01 2.777777777777777857e+01 0.000000000000000000e+00 1.000000000000000000e+01
1.340000000000000000e+02 9.884678747940691679e+00 3.055555555555555358e+01 0.000000000000000000e+00 1.100000000000000000e+01
1.350000000000000000e+02 9.967051070840197369e+00 2.500000000000000000e+01 0.000000000000000000e+00 9.000000000000000000e+00
1.360000000000000000e+02 9.719934102141680299e+00 1.944444444444444642e+01 0.000000000000000000e+00 7.000000000000000000e+00
1.370000000000000000e+02 9.802306425041185989e+00 2.500000000000000000e+01 0.000000000000000000e+00 9.000000000000000000e+00
1.380000000000000000e+02 8.566721581548600639e+00 2.500000000000000000e+01 0.000000000000000000e+00 9.000000000000000000e+00
1.390000000000000000e+02 8.484349258649094949e+00 2.222222222222222143e+01 0.000000000000000000e+00 8.000000000000000000e+00
1.400000000000000000e+02 8.525535420098846018e+00 2.777777777777777857e+01 0.000000000000000000e+00 1.000000000000000000e+01
1.410000000000000000e+02 8.855024711696870554e+00 2.500000000000000000e+01 0.000000000000000000e+00 9.000000000000000000e+00
1.420000000000000000e+02 8.319604612850081793e+00 2.222222222222222143e+01 0.000000000000000000e+00 8.000000000000000000e+00
1.430000000000000000e+02 8.772652388797364864e+00 5.555555555555555358e+00 0.000000000000000000e+00 2.000000000000000000e+00
1.440000000000000000e+02 9.349258649093904694e+00 5.555555555555555358e+00 0.000000000000000000e+00 2.000000000000000000e+00
1.450000000000000000e+02 1.013179571663920875e+01 5.555555555555555358e+00 0.000000000000000000e+00 2.000000000000000000e+00
1.460000000000000000e+02 9.719934102141680299e+00 2.777777777777777679e+00 0.000000000000000000e+00 1.000000000000000000e+00
1.470000000000000000e+02 1.050247116968698435e+01 0.000000000000000000e+00 0.000000000000000000e+00 -6.000000000000000000e+03
