# step, world, group,control
0.000000000000000000e+00 2.545304777594727952e+01 3.055555555555555358e+01 2.500000000000000000e+01 1.100000000000000000e+01
1.000000000000000000e+00 2.322899505766062589e+01 2.222222222222222143e+01 2.500000000000000000e+01 8.000000000000000000e+00
2.000000000000000000e+00 2.553542009884678876e+01 2.222222222222222143e+01 2.500000000000000000e+01 8.000000000000000000e+00
3.000000000000000000e+00 2.277594728171334282e+01 3.055555555555555358e+01 2.777777777777777857e+01 1.100000000000000000e+01
4.000000000000000000e+00 2.327018121911037696e+01 1.388888888888888928e+01 2.222222222222222143e+01 5.000000000000000000e+00
5.000000000000000000e+00 2.112850082372322902e+01 1.666666666666666430e+01 2.500000000000000000e+01 6.000000000000000000e+00
6.000000000000000000e+00 2.215815485996704837e+01 2.222222222222222143e+01 3.333333333333332860e+01 8.000000000000000000e+00
7.000000000000000000e+00 2.298187808896210882e+01 8.333333333333332149e+00 3.888888888888889284e+01 3.000000000000000000e+00
8.000000000000000000e+00 1.943986820428336060e+01 8.333333333333332149e+00 3.888888888888889284e+01 3.000000000000000000e+00
9.000000000000000000e+00 1.976935749588138336e+01 5.555555555555555358e+00 3.333333333333332860e+01 2.000000000000000000e+00
1.000000000000000000e+01 1.939868204283360598e+01 1.111111111111111072e+01 2.222222222222222143e+01 4.000000000000000000e+00
1.100000000000000000e+01 1.894563426688632646e+01 1.388888888888888928e+01 2.777777777777777857e+01 5.000000000000000000e+00
1.200000000000000000e+01 1.836902800658978663e+01 1.388888888888888928e+01 2.500000000000000000e+01 5.000000000000000000e+00
1.300000000000000000e+01 1.832784184514003201e+01 2.777777777777777857e+01 2.500000000000000000e+01 1.000000000000000000e+01
1.400000000000000000e+01 1.882207578253706615e+01 1.388888888888888928e+01 3.055555555555555358e+01 5.000000000000000000e+00
1.500000000000000000e+01 1.857495881383854908e+01 8.333333333333332149e+00 2.777777777777777857e+01 3.000000000000000000e+00
1.600000000000000000e+01 1.758649093904448080e+01 8.333333333333332149e+00 3.333333333333332860e+01 3.000000000000000000e+00
1.700000000000000000e+01 1.902800658978583215e+01 1.944444444444444642e+01 3.611111111111110716e+01 7.000000000000000000e+00
1.800000000000000000e+01 1.692751235584843528e+01 2.777777777777777857e+01 3.055555555555555358e+01 1.000000000000000000e+01
1.900000000000000000e+01 1.729818780889621266e+01 1.944444444444444642e+01 2.222222222222222143e+01 7.000000000000000000e+00
2.000000000000000000e+01 1.585667215815486131e+01 2.500000000000000000e+01 2.777777777777777857e+01 9.000000000000000000e+00
2.100000000000000000e+01 1.643327841845140114e+01 2.500000000000000000e+01 3.333333333333332860e+01 9.000000000000000000e+00
2.200000000000000000e+01 1.630971993410214083e+01 1.388888888888888928e+01 1.388888888888888928e+01 5.000000000000000000e+00
2.300000000000000000e+01 1.577429983525535384e+01 1.111111111111111072e+01 5.555555555555555358e+00 4.000000000000000000e+00
2.400000000000000000e+01 1.593904448105436522e+01 5.555555555555555358e+00 0.000000000000000000e+00 2.000000000000000000e+00
2.500000000000000000e+01 1.552718286655683855e+01 2.777777777777777679e+00 2.777777777777777679e+00 1.000000000000000000e+00
2.600000000000000000e+01 1.511532125205930832e+01 2.777777777777777679e+00 8.333333333333332149e+00 1.000000000000000000e+00
2.700000000000000000e+01 1.598023064250411807e+01 5.555555555555555358e+00 1.666666666666666430e+01 2.000000000000000000e+00
2.800000000000000000e+01 1.672158154859966928e+01 1.111111111111111072e+01 1.111111111111111072e+01 4.000000000000000000e+00
2.900000000000000000e+01 1.680395387149917852e+01 1.388888888888888928e+01 2.222222222222222143e+01 5.000000000000000000e+00
3.000000000000000000e+01 1.750411861614497511e+01 1.111111111111111072e+01 1.388888888888888928e+01 4.000000000000000000e+00
3.100000000000000000e+01 1.705107084019769204e+01 1.111111111111111072e+01 1.111111111111111072e+01 4.000000000000000000e+00
3.200000000000000000e+01 1.511532125205930832e+01 1.944444444444444642e+01 5.555555555555555358e+00 7.000000000000000000e+00
3.300000000000000000e+01 1.569192751235584993e+01 2.500000000000000000e+01 0.000000000000000000e+00 9.000000000000000000e+00
3.400000000000000000e+01 1.474464579901153272e+01 3.333333333333332860e+01 0.000000000000000000e+00 1.200000000000000000e+01
3.500000000000000000e+01 1.375617792421746444e+01 3.055555555555555358e+01 0.000000000000000000e+00 1.100000000000000000e+01
3.600000000000000000e+01 1.338550247116968528e+01 2.500000000000000000e+01 0.000000000000000000e+00 9.000000000000000000e+00
3.700000000000000000e+01 1.482701812191103663e+01 2.222222222222222143e+01 0.000000000000000000e+00 8.000000000000000000e+00
3.800000000000000000e+01 1.466227347611202525e+01 2.222222222222222143e+01 0.000000000000000000e+00 8.000000000000000000e+00
3.900000000000000000e+01 1.573311367380560100e+01 1.388888888888888928e+01 0.000000000000000000e+00 5.000000000000000000e+00
4.000000000000000000e+01 1.445634266886326103e+01 1.388888888888888928e+01 0.000000000000000000e+00 5.000000000000000000e+00
4.100000000000000000e+01 1.420922570016474573e+01 1.111111111111111072e+01 0.000000000000000000e+00 4.000000000000000000e+00
4.200000000000000000e+01 1.474464579901153272e+01 1.388888888888888928e+01 0.000000000000000000e+00 5.000000000000000000e+00
4.300000000000000000e+01 1.350906095551894559e+01 2.222222222222222143e+01 0.000000000000000000e+00 8.000000000000000000e+00
4.400000000000000000e+01 1.309719934102141714e+01 1.388888888888888928e+01 0.000000000000000000e+00 5.000000000000000000e+00
4.500000000000000000e+01 1.338550247116968528e+01 8.333333333333332149e+00 0.000000000000000000e+00 3.000000000000000000e+00
4.600000000000000000e+01 1.350906095551894559e+01 1.666666666666666430e+01 0.000000000000000000e+00 6.000000000000000000e+00
4.700000000000000000e+01 1.371499176276770804e+01 1.111111111111111072e+01 0.000000000000000000e+00 4.000000000000000000e+00
4.800000000000000000e+01 1.276771004942339438e+01 8.333333333333332149e+00 0.000000000000000000e+00 3.000000000000000000e+00
4.900000000000000000e+01 1.416803953871499111e+01 1.388888888888888928e+01 0.000000000000000000e+00 5.000000000000000000e+00
5.000000000000000000e+01 1.194398682042833570e+01 1.388888888888888928e+01 0.000000000000000000e+00 5.000000000000000000e+00
5.100000000000000000e+01 1.367380560131795697e+01 1.666666666666666430e+01 5.555555555555555358e+00 6.000000000000000000e+00
5.200000000000000000e+01 1.223228995057660740e+01 2.222222222222222143e+01 5.555555555555555358e+00 8.000000000000000000e+00
5.300000000000000000e+01 1.227347611202635846e+01 2.500000000000000000e+01 2.777777777777777679e+00 9.000000000000000000e+00
5.400000000000000000e+01 1.309719934102141714e+01 3.055555555555555358e+01 2.777777777777777679e+00 1.100000000000000000e+01
5.500000000000000000e+01 1.223228995057660740e+01 3.055555555555555358e+01 5.555555555555555358e+00 1.100000000000000000e+01
5.600000000000000000e+01 1.194398682042833570e+01 2.500000000000000000e+01 8.333333333333332149e+00 9.000000000000000000e+00
5.700000000000000000e+01 1.186161449752883001e+01 1.944444444444444642e+01 8.333333333333332149e+00 7.000000000000000000e+00
5.800000000000000000e+01 1.194398682042833570e+01 2.777777777777777857e+01 8.333333333333332149e+00 1.000000000000000000e+01
5.900000000000000000e+01 1.070840197693575035e+01 2.222222222222222143e+01 8.333333333333332149e+00 8.000000000000000000e+00
6.000000000000000000e+01 1.021416803953871444e+01 1.666666666666666430e+01 8.333333333333332149e+00 6.000000000000000000e+00
6.100000000000000000e+01 1.087314662273476173e+01 1.388888888888888928e+01 8.333333333333332149e+00 5.000000000000000000e+00
6.200000000000000000e+01 1.083196046128500711e+01 2.500000000000000000e+01 5.555555555555555358e+00 9.000000000000000000e+00
6.300000000000000000e+01 1.066721581548599573e+01 2.500000000000000000e+01 5.555555555555555358e+00 9.000000000000000000e+00
6.400000000000000000e+01 1.017298187808896159e+01 2.500000000000000000e+01 2.777777777777777679e+00 9.000000000000000000e+00
6.500000000000000000e+01 1.058484349258649004e+01 2.500000000000000000e+01 0.000000000000000000e+00 9.000000000000000000e+00
6.600000000000000000e+01 1.079077429983525604e+01 1.666666666666666430e+01 0.000000000000000000e+00 6.000000000000000000e+00
6.700000000000000000e+01 1.004942339373970306e+01 2.500000000000000000e+01 0.000000000000000000e+00 9.000000000000000000e+00
6.800000000000000000e+01 1.161449752883031294e+01 1.944444444444444642e+01 0.000000000000000000e+00 7.000000000000000000e+00
6.900000000000000000e+01 1.017298187808896159e+01 3.055555555555555358e+01 0.000000000000000000e+00 1.100000000000000000e+01
7.000000000000000000e+01 1.058484349258649004e+01 3.333333333333332860e+01 0.000000000000000000e+00 1.200000000000000000e+01
7.100000000000000000e+01 9.719934102141680299e+00 4.444444444444444287e+01 0.000000000000000000e+00 1.600000000000000000e+01
7.200000000000000000e+01 9.925864909390444524e+00 4.722222222222222854e+01 0.000000000000000000e+00 1.700000000000000000e+01
7.300000000000000000e+01 1.070840197693575035e+01 3.333333333333332860e+01 0.000000000000000000e+00 1.200000000000000000e+01
7.400000000000000000e+01 1.033772652388797297e+01 4.722222222222222854e+01 0.000000000000000000e+00 1.700000000000000000e+01
7.500000000000000000e+01 8.772652388797364864e+00 3.055555555555555358e+01 2.777777777777777679e+00 1.100000000000000000e+01
7.600000000000000000e+01 8.360790774299834638e+00 3.611111111111110716e+01 5.555555555555555358e+00 1.300000000000000000e+01
7.700000000000000000e+01 7.001647446457989865e+00 3.333333333333332860e+01 5.555555555555555358e+00 1.200000000000000000e+01
7.800000000000000000e+01 8.031301482701811878e+00 2.777777777777777857e+01 8.333333333333332149e+00 1.000000000000000000e+01
7.900000000000000000e+01 8.196046128500823258e+00 2.222222222222222143e+01 8.333333333333332149e+00 8.000000000000000000e+00
8.000000000000000000e+01 7.578253706754529695e+00 2.500000000000000000e+01 5.555555555555555358e+00 9.000000000000000000e+00
8.100000000000000000e+01 7.701812191103789118e+00 3.611111111111110716e+01 5.555555555555555358e+00 1.300000000000000000e+01
8.200000000000000000e+01 8.319604612850081793e+00 3.611111111111110716e+01 0.000000000000000000e+00 1.300000000000000000e+01
8.300000000000000000e+01 7.990115321252059033e+00 3.055555555555555358e+01 0.000000000000000000e+00 1.100000000000000000e+01
8.400000000000000000e+01 8.072487644151564723e+00 3.055555555555555358e+01 0.000000000000000000e+00 1.100000000000000000e+01
8.500000000000000000e+01 8.113673805601317568e+00 3.333333333333332860e+01 0.000000000000000000e+00 1.200000000000000000e+01
8.600000000000000000e+01 8.278418451400328948e+00 2.777777777777777857e+01 0.000000000000000000e+00 1.000000000000000000e+01
8.700000000000000000e+01 8.443163097199340328e+00 3.888888888888889284e+01 0.000000000000000000e+00 1.400000000000000000e+01
8.800000000000000000e+01 8.154859967051070413e+00 2.777777777777777857e+01 0.000000000000000000e+00 1.000000000000000000e+01
8.900000000000000000e+01 8.196046128500823258e+00 4.444444444444444287e+01 0.000000000000000000e+00 1.600000000000000000e+01
9.000000000000000000e+01 8.690280065897857398e+00 2.777777777777777857e+01 0.000000000000000000e+00 1.000000000000000000e+01
9.100000000000000000e+01 8.525535420098846018e+00 1.944444444444444642e+01 0.000000000000000000e+00 7.000000000000000000e+00
9.200000000000000000e+01 9.266886326194399004e+00 1.388888888888888928e+01 0.000000000000000000e+00 5.000000000000000000e+00
9.300000000000000000e+01 9.060955518945634779e+00 1.944444444444444642e+01 0.000000000000000000e+00 7.000000000000000000e+00
9.400000000000000000e+01 8.937397034596376244e+00 2.222222222222222143e+01 0.000000000000000000e+00 8.000000000000000000e+00
9.500000000000000000e+01 8.113673805601317568e+00 2.222222222222222143e+01 0.000000000000000000e+00 8.000000000000000000e+00
9.600000000000000000e+01 8.113673805601317568e+00 2.222222222222222143e+01 0.000000000000000000e+00 8.000000000000000000e+00
9.700000000000000000e+01 7.578253706754529695e+00 2.500000000000000000e+01 0.000000000000000000e+00 9.000000000000000000e+00
9.800000000000000000e+01 7.125205930807249288e+00 1.388888888888888928e+01 0.000000000000000000e+00 5.000000000000000000e+00
9.900000000000000000e+01 7.125205930807249288e+00 1.666666666666666430e+01 0.000000000000000000e+00 6.000000000000000000e+00
1.000000000000000000e+02 6.795716639209226528e+00 1.666666666666666430e+01 0.000000000000000000e+00 6.000000000000000000e+00
1.010000000000000000e+02 6.754530477759472795e+00 1.388888888888888928e+01 0.000000000000000000e+00 5.000000000000000000e+00
1.020000000000000000e+02 7.001647446457989865e+00 1.944444444444444642e+01 0.000000000000000000e+00 7.000000000000000000e+00
1.030000000000000000e+02 6.548599670510708570e+00 1.388888888888888928e+01 2.777777777777777679e+00 5.000000000000000000e+00
1.040000000000000000e+02 7.289950576606260668e+00 1.111111111111111072e+01 2.777777777777777679e+00 4.000000000000000000e+00
1.050000000000000000e+02 6.672158154859967105e+00 1.111111111111111072e+01 2.777777777777777679e+00 4.000000000000000000e+00
1.060000000000000000e+02 6.878088962108732218e+00 1.111111111111111072e+01 2.777777777777777679e+00 4.000000000000000000e+00
1.070000000000000000e+02 6.342668863261943457e+00 1.111111111111111072e+01 5.555555555555555358e+00 4.000000000000000000e+00
1.080000000000000000e+02 5.271828665568369487e+00 1.111111111111111072e+01 5.555555555555555358e+00 4.000000000000000000e+00
1.090000000000000000e+02 5.642504118616145092e+00 1.111111111111111072e+01 5.555555555555555358e+00 4.000000000000000000e+00
1.100000000000000000e+02 5.065897858319604374e+00 1.111111111111111072e+01 1.111111111111111072e+01 4.000000000000000000e+00
1.110000000000000000e+02 5.477759472817133712e+00 1.111111111111111072e+01 1.944444444444444642e+01 4.000000000000000000e+00
1.120000000000000000e+02 5.601317957166392247e+00 1.111111111111111072e+01 1.111111111111111072e+01 4.000000000000000000e+00
1.130000000000000000e+02 5.395387149917628022e+00 1.111111111111111072e+01 5.555555555555555358e+00 4.000000000000000000e+00
1.140000000000000000e+02 5.601317957166392247e+00 1.944444444444444642e+01 8.333333333333332149e+00 7.000000000000000000e+00
1.150000000000000000e+02 5.683690280065897937e+00 1.666666666666666430e+01 8.333333333333332149e+00 6.000000000000000000e+00
1.160000000000000000e+02 5.642504118616145092e+00 2.500000000000000000e+01 8.333333333333332149e+00 9.000000000000000000e+00
1.170000000000000000e+02 5.807248764415156472e+00 2.222222222222222143e+01 8.333333333333332149e+00 8.000000000000000000e+00
1.180000000000000000e+02 5.395387149917628022e+00 1.944444444444444642e+01 1.388888888888888928e+01 7.000000000000000000e+00
1.190000000000000000e+02 5.436573311367380867e+00 3.611111111111110716e+01 8.333333333333332149e+00 1.300000000000000000e+01
1.200000000000000000e+02 5.971993410214167852e+00 2.500000000000000000e+01 1.111111111111111072e+01 9.000000000000000000e+00
1.210000000000000000e+02 6.425041186161449147e+00 2.500000000000000000e+01 1.388888888888888928e+01 9.000000000000000000e+00
1.220000000000000000e+02 7.001647446457989865e+00 1.666666666666666430e+01 8.333333333333332149e+00 6.000000000000000000e+00
1.230000000000000000e+02 6.754530477759472795e+00 1.111111111111111072e+01 8.333333333333332149e+00 4.000000000000000000e+00
1.240000000000000000e+02 6.672158154859967105e+00 1.111111111111111072e+01 5.555555555555555358e+00 4.000000000000000000e+00
1.250000000000000000e+02 7.331136738056012625e+00 1.666666666666666430e+01 0.000000000000000000e+00 6.000000000000000000e+00
1.260000000000000000e+02 6.548599670510708570e+00 1.944444444444444642e+01 0.000000000000000000e+00 7.000000000000000000e+00
1.270000000000000000e+02 7.084019769357495555e+00 2.500000000000000000e+01 2.777777777777777679e+00 9.000000000000000000e+00
1.280000000000000000e+02 6.672158154859967105e+00 3.611111111111110716e+01 0.000000000000000000e+00 1.300000000000000000e+01
1.290000000000000000e+02 7.495881383855024005e+00 3.055555555555555358e+01 0.000000000000000000e+00 1.100000000000000000e+01
1.300000000000000000e+02 8.031301482701811878e+00 4.166666666666667140e+01 2.777777777777777679e+00 1.500000000000000000e+01
1.310000000000000000e+02 9.390444810543657539e+00 1.944444444444444642e+01 0.000000000000000000e+00 7.000000000000000000e+00
1.320000000000000000e+02 8.566721581548600639e+00 3.611111111111110716e+01 0.000000000000000000e+00 1.300000000000000000e+01
1.330000000000000000e+02 8.319604612850081793e+00 3.055555555555555358e+01 0.000000000000000000e+00 1.100000000000000000e+01
1.340000000000000000e+02 8.278418451400328948e+00 3.333333333333332860e+01 0.000000000000000000e+00 1.200000000000000000e+01
1.350000000000000000e+02 9.225700164744646159e+00 3.333333333333332860e+01 0.000000000000000000e+00 1.200000000000000000e+01
1.360000000000000000e+02 9.596375617792421764e+00 1.944444444444444642e+01 0.000000000000000000e+00 7.000000000000000000e+00
1.370000000000000000e+02 9.925864909390444524e+00 2.777777777777777857e+01 2.777777777777777679e+00 1.000000000000000000e+01
1.380000000000000000e+02 1.004942339373970306e+01 1.666666666666666430e+01 8.333333333333332149e+00 6.000000000000000000e+00
1.390000000000000000e+02 9.843492586490938834e+00 3.055555555555555358e+01 8.333333333333332149e+00 1.100000000000000000e+01
1.400000000000000000e+02 1.062602965403624466e+01 2.500000000000000000e+01 1.111111111111111072e+01 9.000000000000000000e+00
1.410000000000000000e+02 9.266886326194399004e+00 3.055555555555555358e+01 1.388888888888888928e+01 1.100000000000000000e+01
1.420000000000000000e+02 8.443163097199340328e+00 3.611111111111110716e+01 2.500000000000000000e+01 1.300000000000000000e+01
1.430000000000000000e+02 8.237232289950576103e+00 1.666666666666666430e+01 1.944444444444444642e+01 6.000000000000000000e+00
1.440000000000000000e+02 9.719934102141680299e+00 1.388888888888888928e+01 2.222222222222222143e+01 5.000000000000000000e+00
1.450000000000000000e+02 9.308072487644151849e+00 1.388888888888888928e+01 1.666666666666666430e+01 5.000000000000000000e+00
1.460000000000000000e+02 9.637561779242174609e+00 2.500000000000000000e+01 2.777777777777777857e+01 9.000000000000000000e+00
1.470000000000000000e+02 8.690280065897857398e+00 1.944444444444444642e+01 2.500000000000000000e+01 7.000000000000000000e+00
1.480000000000000000e+02 9.514003294892916074e+00 2.777777777777777857e+01 3.055555555555555358e+01 1.000000000000000000e+01
1.490000000000000000e+02 9.472817133443163229e+00 3.333333333333332860e+01 1.666666666666666430e+01 1.200000000000000000e+01
1.500000000000000000e+02 8.649093904448106329e+00 2.777777777777777857e+01 2.500000000000000000e+01 1.000000000000000000e+01
1.510000000000000000e+02 8.731466227347612019e+00 3.333333333333332860e+01 2.500000000000000000e+01 1.200000000000000000e+01
1.520000000000000000e+02 8.649093904448106329e+00 3.333333333333332860e+01 2.500000000000000000e+01 1.200000000000000000e+01
1.530000000000000000e+02 8.196046128500823258e+00 2.777777777777777857e+01 2.222222222222222143e+01 1.000000000000000000e+01
1.540000000000000000e+02 8.278418451400328948e+00 4.166666666666667140e+01 1.944444444444444642e+01 1.500000000000000000e+01
1.550000000000000000e+02 7.619439868204283428e+00 4.444444444444444287e+01 3.055555555555555358e+01 1.600000000000000000e+01
1.560000000000000000e+02 8.649093904448106329e+00 5.000000000000000000e+01 3.333333333333332860e+01 1.800000000000000000e+01
1.570000000000000000e+02 8.484349258649094949e+00 3.611111111111110716e+01 4.722222222222222854e+01 1.300000000000000000e+01
1.580000000000000000e+02 9.349258649093904694e+00 4.166666666666667140e+01 3.888888888888889284e+01 1.500000000000000000e+01
1.590000000000000000e+02 8.607907742998351708e+00 5.277777777777777857e+01 3.888888888888889284e+01 1.900000000000000000e+01
1.600000000000000000e+02 9.843492586490938834e+00 2.777777777777777857e+01 1.944444444444444642e+01 1.000000000000000000e+01
1.610000000000000000e+02 7.907742998352553343e+00 4.722222222222222854e+01 2.222222222222222143e+01 1.700000000000000000e+01
1.620000000000000000e+02 8.772652388797364864e+00 2.222222222222222143e+01 1.666666666666666430e+01 8.000000000000000000e+00
1.630000000000000000e+02 7.701812191103789118e+00 3.055555555555555358e+01 1.944444444444444642e+01 1.100000000000000000e+01
1.640000000000000000e+02 7.289950576606260668e+00 3.333333333333332860e+01 2.222222222222222143e+01 1.200000000000000000e+01
1.650000000000000000e+02 7.331136738056012625e+00 2.777777777777777857e+01 3.333333333333332860e+01 1.000000000000000000e+01
1.660000000000000000e+02 6.795716639209226528e+00 3.055555555555555358e+01 2.500000000000000000e+01 1.100000000000000000e+01
1.670000000000000000e+02 7.742998352553541075e+00 3.055555555555555358e+01 4.444444444444444287e+01 1.100000000000000000e+01
1.680000000000000000e+02 7.619439868204283428e+00 2.222222222222222143e+01 2.500000000000000000e+01 8.000000000000000000e+00
1.690000000000000000e+02 7.825370675453047653e+00 4.166666666666667140e+01 3.611111111111110716e+01 1.500000000000000000e+01
1.700000000000000000e+02 7.701812191103789118e+00 2.222222222222222143e+01 2.500000000000000000e+01 8.000000000000000000e+00
1.710000000000000000e+02 8.031301482701811878e+00 3.611111111111110716e+01 3.333333333333332860e+01 1.300000000000000000e+01
1.720000000000000000e+02 8.937397034596376244e+00 1.388888888888888928e+01 1.666666666666666430e+01 5.000000000000000000e+00
1.730000000000000000e+02 9.349258649093904694e+00 2.222222222222222143e+01 2.222222222222222143e+01 8.000000000000000000e+00
1.740000000000000000e+02 9.225700164744646159e+00 1.944444444444444642e+01 1.944444444444444642e+01 7.000000000000000000e+00
1.750000000000000000e+02 9.514003294892916074e+00 2.500000000000000000e+01 2.222222222222222143e+01 9.000000000000000000e+00
1.760000000000000000e+02 8.978583196046129089e+00 1.944444444444444642e+01 3.888888888888889284e+01 7.000000000000000000e+00
1.770000000000000000e+02 9.925864909390444524e+00 1.944444444444444642e+01 3.055555555555555358e+01 7.000000000000000000e+00
1.780000000000000000e+02 1.066721581548599573e+01 2.222222222222222143e+01 2.500000000000000000e+01 8.000000000000000000e+00
1.790000000000000000e+02 1.099670510708401849e+01 1.388888888888888928e+01 3.611111111111110716e+01 5.000000000000000000e+00
1.800000000000000000e+02 1.087314662273476173e+01 1.944444444444444642e+01 3.055555555555555358e+01 7.000000000000000000e+00
1.810000000000000000e+02 1.095551894563426742e+01 1.666666666666666430e+01 3.888888888888889284e+01 6.000000000000000000e+00
1.820000000000000000e+02 1.070840197693575035e+01 3.055555555555555358e+01 2.222222222222222143e+01 1.100000000000000000e+01
1.830000000000000000e+02 1.062602965403624466e+01 3.611111111111110716e+01 2.500000000000000000e+01 1.300000000000000000e+01
1.840000000000000000e+02 1.009060955518945590e+01 3.888888888888889284e+01 2.500000000000000000e+01 1.400000000000000000e+01
1.850000000000000000e+02 1.021416803953871444e+01 4.166666666666667140e+01 1.944444444444444642e+01 1.500000000000000000e+01
1.860000000000000000e+02 1.000823723228995021e+01 2.777777777777777857e+01 2.222222222222222143e+01 1.000000000000000000e+01
1.870000000000000000e+02 1.017298187808896159e+01 2.500000000000000000e+01 2.500000000000000000e+01 9.000000000000000000e+00
1.880000000000000000e+02 9.514003294892916074e+00 2.222222222222222143e+01 3.611111111111110716e+01 8.000000000000000000e+00
1.890000000000000000e+02 8.772652388797364864e+00 2.500000000000000000e+01 2.500000000000000000e+01 9.000000000000000000e+00
1.900000000000000000e+02 8.855024711696870554e+00 3.055555555555555358e+01 1.944444444444444642e+01 1.100000000000000000e+01
1.910000000000000000e+02 7.660626029654035385e+00 3.333333333333332860e+01 2.222222222222222143e+01 1.200000000000000000e+01
1.920000000000000000e+02 8.072487644151564723e+00 2.777777777777777857e+01 2.500000000000000000e+01 1.000000000000000000e+01
1.930000000000000000e+02 7.125205930807249288e+00 3.888888888888889284e+01 3.333333333333332860e+01 1.400000000000000000e+01
1.940000000000000000e+02 7.619439868204283428e+00 3.611111111111110716e+01 4.444444444444444287e+01 1.300000000000000000e+01
1.950000000000000000e+02 6.836902800658978485e+00 4.444444444444444287e+01 2.777777777777777857e+01 1.600000000000000000e+01
1.960000000000000000e+02 7.742998352553541075e+00 3.333333333333332860e+01 3.055555555555555358e+01 1.200000000000000000e+01
1.970000000000000000e+02 7.207578253706754978e+00 4.166666666666667140e+01 2.500000000000000000e+01 1.500000000000000000e+01
1.980000000000000000e+02 8.319604612850081793e+00 1.944444444444444642e+01 3.055555555555555358e+01 7.000000000000000000e+00
1.990000000000000000e+02 7.907742998352553343e+00 2.500000000000000000e+01 1.944444444444444642e+01 9.000000000000000000e+00
2.000000000000000000e+02 8.690280065897857398e+00 1.944444444444444642e+01 1.944444444444444642e+01 7.000000000000000000e+00
2.010000000000000000e+02 8.031301482701811878e+00 1.388888888888888928e+01 1.388888888888888928e+01 5.000000000000000000e+00
2.020000000000000000e+02 8.278418451400328948e+00 2.222222222222222143e+01 2.222222222222222143e+01 8.000000000000000000e+00
2.030000000000000000e+02 8.731466227347612019e+00 3.333333333333332860e+01 2.222222222222222143e+01 1.200000000000000000e+01
2.040000000000000000e+02 8.607907742998351708e+00 2.222222222222222143e+01 2.777777777777777857e+01 8.000000000000000000e+00
2.050000000000000000e+02 9.019769357495881934e+00 2.500000000000000000e+01 3.888888888888889284e+01 9.000000000000000000e+00
2.060000000000000000e+02 8.566721581548600639e+00 1.666666666666666430e+01 2.777777777777777857e+01 6.000000000000000000e+00
2.070000000000000000e+02 8.443163097199340328e+00 1.666666666666666430e+01 2.500000000000000000e+01 6.000000000000000000e+00
2.080000000000000000e+02 8.319604612850081793e+00 1.388888888888888928e+01 3.055555555555555358e+01 5.000000000000000000e+00
2.090000000000000000e+02 8.031301482701811878e+00 1.111111111111111072e+01 3.611111111111110716e+01 4.000000000000000000e+00
2.100000000000000000e+02 7.084019769357495555e+00 1.944444444444444642e+01 1.944444444444444642e+01 7.000000000000000000e+00
2.110000000000000000e+02 7.372322899505766358e+00 1.111111111111111072e+01 3.055555555555555358e+01 4.000000000000000000e+00
2.120000000000000000e+02 7.001647446457989865e+00 1.111111111111111072e+01 1.388888888888888928e+01 4.000000000000000000e+00
2.130000000000000000e+02 7.248764415156506935e+00 1.111111111111111072e+01 8.333333333333332149e+00 4.000000000000000000e+00
2.140000000000000000e+02 7.042833607907743598e+00 1.111111111111111072e+01 8.333333333333332149e+00 4.000000000000000000e+00
2.150000000000000000e+02 6.919275123558484175e+00 1.111111111111111072e+01 8.333333333333332149e+00 4.000000000000000000e+00
2.160000000000000000e+02 6.713344316309719950e+00 1.111111111111111072e+01 8.333333333333332149e+00 4.000000000000000000e+00
2.170000000000000000e+02 6.342668863261943457e+00 1.111111111111111072e+01 1.111111111111111072e+01 4.000000000000000000e+00
2.180000000000000000e+02 7.166392092257001245e+00 1.388888888888888928e+01 1.388888888888888928e+01 5.000000000000000000e+00
2.190000000000000000e+02 6.713344316309719950e+00 1.666666666666666430e+01 1.388888888888888928e+01 6.000000000000000000e+00
2.200000000000000000e+02 6.672158154859967105e+00 1.944444444444444642e+01 1.388888888888888928e+01 7.000000000000000000e+00
2.210000000000000000e+02 6.795716639209226528e+00 1.944444444444444642e+01 1.388888888888888928e+01 7.000000000000000000e+00
2.220000000000000000e+02 6.548599670510708570e+00 2.222222222222222143e+01 1.388888888888888928e+01 8.000000000000000000e+00
2.230000000000000000e+02 6.672158154859967105e+00 2.222222222222222143e+01 1.666666666666666430e+01 8.000000000000000000e+00
2.240000000000000000e+02 6.795716639209226528e+00 3.055555555555555358e+01 1.666666666666666430e+01 1.100000000000000000e+01
2.250000000000000000e+02 6.672158154859967105e+00 2.777777777777777857e+01 1.388888888888888928e+01 1.000000000000000000e+01
2.260000000000000000e+02 7.331136738056012625e+00 3.888888888888889284e+01 1.388888888888888928e+01 1.400000000000000000e+01
2.270000000000000000e+02 7.084019769357495555e+00 2.777777777777777857e+01 1.388888888888888928e+01 1.000000000000000000e+01
2.280000000000000000e+02 7.289950576606260668e+00 3.333333333333332860e+01 1.388888888888888928e+01 1.200000000000000000e+01
2.290000000000000000e+02 6.919275123558484175e+00 2.500000000000000000e+01 1.111111111111111072e+01 9.000000000000000000e+00
2.300000000000000000e+02 7.084019769357495555e+00 2.222222222222222143e+01 1.111111111111111072e+01 8.000000000000000000e+00
2.310000000000000000e+02 6.260296540362437767e+00 2.222222222222222143e+01 1.388888888888888928e+01 8.000000000000000000e+00
2.320000000000000000e+02 5.971993410214167852e+00 2.222222222222222143e+01 1.388888888888888928e+01 8.000000000000000000e+00
2.330000000000000000e+02 6.589785831960461415e+00 1.388888888888888928e+01 1.388888888888888928e+01 5.000000000000000000e+00
2.340000000000000000e+02 6.054365733113673542e+00 2.222222222222222143e+01 1.388888888888888928e+01 8.000000000000000000e+00
2.350000000000000000e+02 6.548599670510708570e+00 1.666666666666666430e+01 1.388888888888888928e+01 6.000000000000000000e+00
2.360000000000000000e+02 6.466227347611202880e+00 1.944444444444444642e+01 1.388888888888888928e+01 7.000000000000000000e+00
2.370000000000000000e+02 6.878088962108732218e+00 1.111111111111111072e+01 1.388888888888888928e+01 4.000000000000000000e+00
2.380000000000000000e+02 6.919275123558484175e+00 1.388888888888888928e+01 1.388888888888888928e+01 5.000000000000000000e+00
2.390000000000000000e+02 7.578253706754529695e+00 5.555555555555555358e+00 1.388888888888888928e+01 2.000000000000000000e+00
2.400000000000000000e+02 7.990115321252059033e+00 0.000000000000000000e+00 1.111111111111111072e+01 -6.000000000000000000e+03
