# step, world, group,control
0.000000000000000000e+00 2.747116968698517425e+01 1.111111111111111072e+01 2.500000000000000000e+01 4.000000000000000000e+00
1.000000000000000000e+00 2.664744645799011380e+01 1.944444444444444642e+01 1.111111111111111072e+01 7.000000000000000000e+00
2.000000000000000000e+00 2.767710049423393670e+01 3.055555555555555358e+01 8.333333333333332149e+00 1.100000000000000000e+01
3.000000000000000000e+00 2.578253706754530228e+01 2.777777777777777857e+01 1.388888888888888928e+01 1.000000000000000000e+01
4.000000000000000000e+00 2.438220757825370555e+01 3.888888888888889284e+01 1.388888888888888928e+01 1.400000000000000000e+01
5.000000000000000000e+00 2.388797364085667141e+01 2.222222222222222143e+01 1.666666666666666430e+01 8.000000000000000000e+00
6.000000000000000000e+00 2.454695222405271693e+01 3.055555555555555358e+01 1.111111111111111072e+01 1.100000000000000000e+01
7.000000000000000000e+00 2.310543657331136558e+01 2.500000000000000000e+01 8.333333333333332149e+00 9.000000000000000000e+00
8.000000000000000000e+00 2.244645799011532006e+01 2.777777777777777857e+01 1.388888888888888928e+01 1.000000000000000000e+01
9.000000000000000000e+00 2.244645799011532006e+01 3.055555555555555358e+01 1.388888888888888928e+01 1.100000000000000000e+01
1.000000000000000000e+01 2.215815485996704837e+01 3.055555555555555358e+01 1.666666666666666430e+01 1.100000000000000000e+01
1.100000000000000000e+01 2.063426688632619488e+01 5.000000000000000000e+01 1.388888888888888928e+01 1.800000000000000000e+01
1.200000000000000000e+01 1.989291598023064367e+01 2.222222222222222143e+01 1.111111111111111072e+01 8.000000000000000000e+00
1.300000000000000000e+01 1.960461285008237198e+01 3.333333333333332860e+01 1.111111111111111072e+01 1.200000000000000000e+01
1.400000000000000000e+01 1.968698517298187767e+01 1.944444444444444642e+01 1.111111111111111072e+01 7.000000000000000000e+00
1.500000000000000000e+01 2.174629324546952347e+01 1.111111111111111072e+01 1.111111111111111072e+01 4.000000000000000000e+00
1.600000000000000000e+01 1.754530477759472973e+01 1.666666666666666430e+01 1.111111111111111072e+01 6.000000000000000000e+00
1.700000000000000000e+01 1.618616144975288407e+01 2.222222222222222143e+01 1.111111111111111072e+01 8.000000000000000000e+00
1.800000000000000000e+01 1.581548599670510669e+01 1.666666666666666430e+01 1.388888888888888928e+01 6.000000000000000000e+00
1.900000000000000000e+01 1.495057660626029694e+01 2.222222222222222143e+01 1.666666666666666430e+01 8.000000000000000000e+00
2.000000000000000000e+01 1.412685337726523827e+01 2.777777777777777857e+01 1.666666666666666430e+01 1.000000000000000000e+01
2.100000000000000000e+01 1.523887973640856686e+01 2.500000000000000000e+01 1.111111111111111072e+01 9.000000000000000000e+00
2.200000000000000000e+01 1.462108731466227241e+01 2.777777777777777857e+01 1.111111111111111072e+01 1.000000000000000000e+01
2.300000000000000000e+01 1.420922570016474573e+01 3.888888888888889284e+01 1.111111111111111072e+01 1.400000000000000000e+01
2.400000000000000000e+01 1.404448105436573435e+01 3.611111111111110716e+01 1.111111111111111072e+01 1.300000000000000000e+01
2.500000000000000000e+01 1.392092257001647582e+01 4.166666666666667140e+01 1.111111111111111072e+01 1.500000000000000000e+01
2.600000000000000000e+01 1.383855024711696835e+01 2.777777777777777857e+01 1.111111111111111072e+01 1.000000000000000000e+01
2.700000000000000000e+01 1.338550247116968528e+01 3.888888888888889284e+01 1.111111111111111072e+01 1.400000000000000000e+01
2.800000000000000000e+01 1.404448105436573435e+01 2.222222222222222143e+01 1.111111111111111072e+01 8.000000000000000000e+00
2.900000000000000000e+01 1.293245469522240576e+01 2.500000000000000000e+01 1.111111111111111072e+01 9.000000000000000000e+00
3.000000000000000000e+01 1.342668863261943990e+01 2.500000000000000000e+01 1.111111111111111072e+01 9.000000000000000000e+00
3.100000000000000000e+01 1.305601317957166252e+01 2.222222222222222143e+01 1.111111111111111072e+01 8.000000000000000000e+00
3.200000000000000000e+01 1.313838550247116999e+01 3.055555555555555358e+01 1.111111111111111072e+01 1.100000000000000000e+01
3.300000000000000000e+01 1.268533772652388691e+01 1.666666666666666430e+01 1.111111111111111072e+01 6.000000000000000000e+00
3.400000000000000000e+01 1.256177924217462838e+01 1.666666666666666430e+01 1.111111111111111072e+01 6.000000000000000000e+00
3.500000000000000000e+01 1.112026359143327880e+01 2.222222222222222143e+01 1.111111111111111072e+01 8.000000000000000000e+00
3.600000000000000000e+01 1.029654036243822013e+01 1.944444444444444642e+01 1.111111111111111072e+01 7.000000000000000000e+00
3.700000000000000000e+01 1.062602965403624466e+01 2.222222222222222143e+01 1.111111111111111072e+01 8.000000000000000000e+00
3.800000000000000000e+01 1.091433278418451280e+01 2.500000000000000000e+01 1.111111111111111072e+01 9.000000000000000000e+00
3.900000000000000000e+01 9.555189456342668919e+00 2.500000000000000000e+01 1.111111111111111072e+01 9.000000000000000000e+00
4.000000000000000000e+01 9.637561779242174609e+00 3.333333333333332860e+01 1.111111111111111072e+01 1.200000000000000000e+01
4.100000000000000000e+01 9.719934102141680299e+00 3.055555555555555358e+01 1.111111111111111072e+01 1.100000000000000000e+01
4.200000000000000000e+01 9.514003294892916074e+00 3.611111111111110716e+01 1.111111111111111072e+01 1.300000000000000000e+01
4.300000000000000000e+01 9.514003294892916074e+00 3.333333333333332860e+01 1.111111111111111072e+01 1.200000000000000000e+01
4.400000000000000000e+01 9.514003294892916074e+00 3.055555555555555358e+01 1.388888888888888928e+01 1.100000000000000000e+01
4.500000000000000000e+01 9.719934102141680299e+00 3.611111111111110716e+01 1.111111111111111072e+01 1.300000000000000000e+01
4.600000000000000000e+01 1.037891268533772759e+01 1.666666666666666430e+01 1.111111111111111072e+01 6.000000000000000000e+00
4.700000000000000000e+01 9.761120263591433144e+00 3.055555555555555358e+01 1.111111111111111072e+01 1.100000000000000000e+01
4.800000000000000000e+01 9.184514003294893314e+00 3.333333333333332860e+01 1.111111111111111072e+01 1.200000000000000000e+01
4.900000000000000000e+01 1.021416803953871444e+01 4.166666666666667140e+01 1.111111111111111072e+01 1.500000000000000000e+01
5.000000000000000000e+01 9.555189456342668919e+00 3.611111111111110716e+01 1.111111111111111072e+01 1.300000000000000000e+01
5.100000000000000000e+01 1.050247116968698435e+01 4.722222222222222854e+01 1.111111111111111072e+01 1.700000000000000000e+01
5.200000000000000000e+01 1.095551894563426742e+01 3.333333333333332860e+01 1.111111111111111072e+01 1.200000000000000000e+01
5.300000000000000000e+01 1.004942339373970306e+01 5.000000000000000000e+01 1.111111111111111072e+01 1.800000000000000000e+01
5.400000000000000000e+01 1.033772652388797297e+01 2.777777777777777857e+01 1.111111111111111072e+01 1.000000000000000000e+01
5.500000000000000000e+01 1.033772652388797297e+01 3.055555555555555358e+01 1.111111111111111072e+01 1.100000000000000000e+01
5.600000000000000000e+01 1.062602965403624466e+01 3.333333333333332860e+01 1.111111111111111072e+01 1.200000000000000000e+01
5.700000000000000000e+01 9.225700164744646159e+00 3.333333333333332860e+01 1.111111111111111072e+01 1.200000000000000000e+01
5.800000000000000000e+01 1.107907742998352418e+01 2.500000000000000000e+01 1.111111111111111072e+01 9.000000000000000000e+00
5.900000000000000000e+01 1.042009884678747866e+01 3.055555555555555358e+01 1.111111111111111072e+01 1.100000000000000000e+01
6.000000000000000000e+01 1.128500823723229018e+01 3.333333333333332860e+01 1.111111111111111072e+01 1.200000000000000000e+01
6.100000000000000000e+01 1.103789126853377311e+01 3.333333333333332860e+01 1.111111111111111072e+01 1.200000000000000000e+01
6.200000000000000000e+01 1.037891268533772759e+01 2.222222222222222143e+01 1.111111111111111072e+01 8.000000000000000000e+00
6.300000000000000000e+01 9.143327841845140469e+00 1.944444444444444642e+01 1.111111111111111072e+01 7.000000000000000000e+00
6.400000000000000000e+01 8.196046128500823258e+00 1.666666666666666430e+01 1.111111111111111072e+01 6.000000000000000000e+00
6.500000000000000000e+01 7.866556836902800498e+00 1.111111111111111072e+01 1.111111111111111072e+01 4.000000000000000000e+00
6.600000000000000000e+01 8.443163097199340328e+00 5.555555555555555358e+00 1.111111111111111072e+01 2.000000000000000000e+00
6.700000000000000000e+01 8.113673805601317568e+00 0.000000000000000000e+00 1.111111111111111072e+01 -6.000000000000000000e+03
