# step, world, group,control
0.000000000000000000e+00 2.557660626029654338e+01 1.666666666666666430e+01 2.222222222222222143e+01 6.000000000000000000e+00
1.000000000000000000e+00 2.335255354200988620e+01 1.666666666666666430e+01 1.944444444444444642e+01 6.000000000000000000e+00
2.000000000000000000e+00 2.318780889621087482e+01 1.944444444444444642e+01 1.944444444444444642e+01 7.000000000000000000e+00
3.000000000000000000e+00 2.154036243822075747e+01 3.055555555555555358e+01 1.111111111111111072e+01 1.100000000000000000e+01
4.000000000000000000e+00 2.158154859967051209e+01 1.666666666666666430e+01 1.388888888888888928e+01 6.000000000000000000e+00
5.000000000000000000e+00 1.989291598023064367e+01 2.222222222222222143e+01 1.666666666666666430e+01 8.000000000000000000e+00
6.000000000000000000e+00 2.079901153212520626e+01 1.388888888888888928e+01 1.111111111111111072e+01 5.000000000000000000e+00
7.000000000000000000e+00 2.030477759472817212e+01 1.944444444444444642e+01 1.111111111111111072e+01 7.000000000000000000e+00
8.000000000000000000e+00 1.894563426688632646e+01 2.777777777777777857e+01 1.666666666666666430e+01 1.000000000000000000e+01
9.000000000000000000e+00 2.092257001647446657e+01 5.555555555555555358e+00 2.222222222222222143e+01 2.000000000000000000e+00
1.000000000000000000e+01 1.894563426688632646e+01 1.388888888888888928e+01 3.333333333333332860e+01 5.000000000000000000e+00
1.100000000000000000e+01 1.927512355848434922e+01 1.111111111111111072e+01 2.777777777777777857e+01 4.000000000000000000e+00
1.200000000000000000e+01 1.824546952224052632e+01 2.222222222222222143e+01 3.888888888888889284e+01 8.000000000000000000e+00
1.300000000000000000e+01 1.861614497528830370e+01 1.388888888888888928e+01 1.388888888888888928e+01 5.000000000000000000e+00
1.400000000000000000e+01 1.861614497528830370e+01 1.111111111111111072e+01 5.555555555555555358e+00 4.000000000000000000e+00
1.500000000000000000e+01 1.717462932454695235e+01 1.666666666666666430e+01 8.333333333333332149e+00 6.000000000000000000e+00
1.600000000000000000e+01 1.725700164744645804e+01 1.666666666666666430e+01 1.388888888888888928e+01 6.000000000000000000e+00
1.700000000000000000e+01 1.449752883031301387e+01 1.111111111111111072e+01 1.666666666666666430e+01 4.000000000000000000e+00
1.800000000000000000e+01 1.490939044481054410e+01 1.388888888888888928e+01 2.222222222222222143e+01 5.000000000000000000e+00
1.900000000000000000e+01 1.416803953871499111e+01 1.666666666666666430e+01 3.333333333333332860e+01 6.000000000000000000e+00
2.000000000000000000e+01 1.474464579901153272e+01 8.333333333333332149e+00 4.166666666666667140e+01 3.000000000000000000e+00
2.100000000000000000e+01 1.420922570016474573e+01 0.000000000000000000e+00 3.333333333333332860e+01 -6.000000000000000000e+03
