# step, world, group,control
0.000000000000000000e+00 2.854200988467874822e+01 3.888888888888889284e+01 1.666666666666666430e+01 1.400000000000000000e+01
1.000000000000000000e+00 2.471169686985172831e+01 2.777777777777777857e+01 1.388888888888888928e+01 1.000000000000000000e+01
2.000000000000000000e+00 2.483525535420098862e+01 3.333333333333332860e+01 1.666666666666666430e+01 1.200000000000000000e+01
3.000000000000000000e+00 2.471169686985172831e+01 3.611111111111110716e+01 1.388888888888888928e+01 1.300000000000000000e+01
4.000000000000000000e+00 2.170510708401976885e+01 2.777777777777777857e+01 1.944444444444444642e+01 1.000000000000000000e+01
5.000000000000000000e+00 2.125205930807248933e+01 3.055555555555555358e+01 2.222222222222222143e+01 1.100000000000000000e+01
6.000000000000000000e+00 1.927512355848434922e+01 3.611111111111110716e+01 1.666666666666666430e+01 1.300000000000000000e+01
7.000000000000000000e+00 1.956342668863262091e+01 4.444444444444444287e+01 1.944444444444444642e+01 1.600000000000000000e+01
8.000000000000000000e+00 2.001647446457990043e+01 3.055555555555555358e+01 1.666666666666666430e+01 1.100000000000000000e+01
9.000000000000000000e+00 1.923393739703459460e+01 2.777777777777777857e+01 2.777777777777777857e+01 1.000000000000000000e+01
1.000000000000000000e+01 1.911037891268533784e+01 3.333333333333332860e+01 1.111111111111111072e+01 1.200000000000000000e+01
1.100000000000000000e+01 1.886326194398682077e+01 3.611111111111110716e+01 1.666666666666666430e+01 1.300000000000000000e+01
1.200000000000000000e+01 1.828665568369028094e+01 5.277777777777777857e+01 2.222222222222222143e+01 1.900000000000000000e+01
1.300000000000000000e+01 1.705107084019769204e+01 1.944444444444444642e+01 1.666666666666666430e+01 7.000000000000000000e+00
1.400000000000000000e+01 1.746293245469522404e+01 2.222222222222222143e+01 1.944444444444444642e+01 8.000000000000000000e+00
1.500000000000000000e+01 1.787479406919275249e+01 1.388888888888888928e+01 1.111111111111111072e+01 5.000000000000000000e+00
1.600000000000000000e+01 1.861614497528830370e+01 8.333333333333332149e+00 1.666666666666666430e+01 3.000000000000000000e+00
1.700000000000000000e+01 2.018121911037891181e+01 8.333333333333332149e+00 2.222222222222222143e+01 3.000000000000000000e+00
1.800000000000000000e+01 1.746293245469522404e+01 1.666666666666666430e+01 1.666666666666666430e+01 6.000000000000000000e+00
1.900000000000000000e+01 1.758649093904448080e+01 2.500000000000000000e+01 2.222222222222222143e+01 9.000000000000000000e+00
2.000000000000000000e+01 1.544481054365733108e+01 2.500000000000000000e+01 1.944444444444444642e+01 9.000000000000000000e+00
2.100000000000000000e+01 1.663920922570016359e+01 1.944444444444444642e+01 1.666666666666666430e+01 7.000000000000000000e+00
2.200000000000000000e+01 1.622734761120263514e+01 2.222222222222222143e+01 1.666666666666666430e+01 8.000000000000000000e+00
2.300000000000000000e+01 1.589785831960461238e+01 2.222222222222222143e+01 1.944444444444444642e+01 8.000000000000000000e+00
2.400000000000000000e+01 1.696869851729818990e+01 1.388888888888888928e+01 2.500000000000000000e+01 5.000000000000000000e+00
2.500000000000000000e+01 1.647446457990115221e+01 8.333333333333332149e+00 4.166666666666667140e+01 3.000000000000000000e+00
2.600000000000000000e+01 1.779242174629324680e+01 1.388888888888888928e+01 2.222222222222222143e+01 5.000000000000000000e+00
2.700000000000000000e+01 1.713344316309720128e+01 1.388888888888888928e+01 3.888888888888889284e+01 5.000000000000000000e+00
2.800000000000000000e+01 1.725700164744645804e+01 1.666666666666666430e+01 2.500000000000000000e+01 6.000000000000000000e+00
2.900000000000000000e+01 1.688632619439868066e+01 1.388888888888888928e+01 4.722222222222222854e+01 5.000000000000000000e+00
3.000000000000000000e+01 1.593904448105436522e+01 1.666666666666666430e+01 2.500000000000000000e+01 6.000000000000000000e+00
3.100000000000000000e+01 1.511532125205930832e+01 1.944444444444444642e+01 3.888888888888889284e+01 7.000000000000000000e+00
3.200000000000000000e+01 1.457990115321252134e+01 1.944444444444444642e+01 2.500000000000000000e+01 7.000000000000000000e+00
3.300000000000000000e+01 1.346787479406919275e+01 3.055555555555555358e+01 2.500000000000000000e+01 1.100000000000000000e+01
3.400000000000000000e+01 1.482701812191103663e+01 8.333333333333332149e+00 1.944444444444444642e+01 3.000000000000000000e+00
3.500000000000000000e+01 1.478583196046128556e+01 5.555555555555555358e+00 2.500000000000000000e+01 2.000000000000000000e+00
3.600000000000000000e+01 1.495057660626029694e+01 1.111111111111111072e+01 3.333333333333332860e+01 4.000000000000000000e+00
3.700000000000000000e+01 1.503294892915980263e+01 2.222222222222222143e+01 2.222222222222222143e+01 8.000000000000000000e+00
3.800000000000000000e+01 1.482701812191103663e+01 2.500000000000000000e+01 3.611111111111110716e+01 9.000000000000000000e+00
3.900000000000000000e+01 1.441515650741350996e+01 3.055555555555555358e+01 3.611111111111110716e+01 1.100000000000000000e+01
4.000000000000000000e+01 1.289126853377265114e+01 1.111111111111111072e+01 3.055555555555555358e+01 4.000000000000000000e+00
4.100000000000000000e+01 1.499176276771004801e+01 0.000000000000000000e+00 3.055555555555555358e+01 -6.000000000000000000e+03
