# step, world, group,control
0.000000000000000000e+00 2.619439868204283428e+01 3.333333333333332860e+01 2.777777777777777857e+01 1.200000000000000000e+01
1.000000000000000000e+00 2.265238879736408606e+01 2.777777777777777857e+01 3.333333333333332860e+01 1.000000000000000000e+01
2.000000000000000000e+00 2.203459637561779161e+01 3.055555555555555358e+01 4.444444444444444287e+01 1.100000000000000000e+01
3.000000000000000000e+00 2.112850082372322902e+01 3.611111111111110716e+01 2.777777777777777857e+01 1.300000000000000000e+01
4.000000000000000000e+00 2.314662273476112020e+01 3.333333333333332860e+01 3.333333333333332860e+01 1.200000000000000000e+01
5.000000000000000000e+00 2.009884678747940612e+01 3.611111111111110716e+01 3.611111111111110716e+01 1.300000000000000000e+01
6.000000000000000000e+00 2.014003294892916074e+01 2.500000000000000000e+01 3.333333333333332860e+01 9.000000000000000000e+00
7.000000000000000000e+00 1.952224052718286629e+01 1.944444444444444642e+01 2.500000000000000000e+01 7.000000000000000000e+00
8.000000000000000000e+00 1.845140032948929232e+01 3.888888888888889284e+01 2.222222222222222143e+01 1.400000000000000000e+01
9.000000000000000000e+00 1.820428336079077525e+01 2.500000000000000000e+01 2.222222222222222143e+01 9.000000000000000000e+00
1.000000000000000000e+01 1.771004942339374111e+01 3.055555555555555358e+01 1.666666666666666430e+01 1.100000000000000000e+01
1.100000000000000000e+01 1.655683690280065790e+01 3.333333333333332860e+01 1.944444444444444642e+01 1.200000000000000000e+01
1.200000000000000000e+01 1.742174629324546942e+01 2.777777777777777857e+01 2.222222222222222143e+01 1.000000000000000000e+01
1.300000000000000000e+01 1.618616144975288407e+01 3.611111111111110716e+01 2.500000000000000000e+01 1.300000000000000000e+01
1.400000000000000000e+01 1.593904448105436522e+01 3.333333333333332860e+01 1.944444444444444642e+01 1.200000000000000000e+01
1.500000000000000000e+01 1.622734761120263514e+01 1.944444444444444642e+01 3.888888888888889284e+01 7.000000000000000000e+00
1.600000000000000000e+01 1.639209225700164652e+01 3.333333333333332860e+01 2.222222222222222143e+01 1.200000000000000000e+01
1.700000000000000000e+01 1.672158154859966928e+01 3.055555555555555358e+01 4.722222222222222854e+01 1.100000000000000000e+01
1.800000000000000000e+01 1.635090609555189545e+01 3.611111111111110716e+01 1.666666666666666430e+01 1.300000000000000000e+01
1.900000000000000000e+01 1.808072487644151494e+01 3.611111111111110716e+01 1.111111111111111072e+01 1.300000000000000000e+01
2.000000000000000000e+01 1.606260296540362376e+01 3.333333333333332860e+01 8.333333333333332149e+00 1.200000000000000000e+01
2.100000000000000000e+01 1.437397034596375711e+01 4.722222222222222854e+01 1.111111111111111072e+01 1.700000000000000000e+01
2.200000000000000000e+01 1.478583196046128556e+01 1.666666666666666430e+01 1.388888888888888928e+01 6.000000000000000000e+00
2.300000000000000000e+01 1.445634266886326103e+01 2.777777777777777857e+01 1.388888888888888928e+01 1.000000000000000000e+01
2.400000000000000000e+01 1.355024711696869666e+01 2.777777777777777857e+01 2.777777777777777857e+01 1.000000000000000000e+01
2.500000000000000000e+01 1.173805601317957148e+01 4.444444444444444287e+01 2.222222222222222143e+01 1.600000000000000000e+01
2.600000000000000000e+01 1.140856672158154872e+01 4.166666666666667140e+01 2.500000000000000000e+01 1.500000000000000000e+01
2.700000000000000000e+01 1.112026359143327880e+01 3.055555555555555358e+01 3.888888888888889284e+01 1.100000000000000000e+01
2.800000000000000000e+01 1.252059308072487553e+01 3.888888888888889284e+01 2.222222222222222143e+01 1.400000000000000000e+01
2.900000000000000000e+01 1.116144975288303165e+01 5.277777777777777857e+01 1.944444444444444642e+01 1.900000000000000000e+01
3.000000000000000000e+01 1.182042833607907717e+01 4.166666666666667140e+01 2.222222222222222143e+01 1.500000000000000000e+01
3.100000000000000000e+01 1.173805601317957148e+01 5.555555555555555713e+01 3.888888888888889284e+01 2.000000000000000000e+01
3.200000000000000000e+01 1.309719934102141714e+01 1.944444444444444642e+01 2.777777777777777857e+01 7.000000000000000000e+00
3.300000000000000000e+01 1.313838550247116999e+01 3.333333333333332860e+01 2.500000000000000000e+01 1.200000000000000000e+01
3.400000000000000000e+01 1.379736408566721551e+01 2.500000000000000000e+01 1.944444444444444642e+01 9.000000000000000000e+00
3.500000000000000000e+01 1.297364085667215861e+01 2.777777777777777857e+01 1.666666666666666430e+01 1.000000000000000000e+01
3.600000000000000000e+01 1.334431630971993421e+01 1.666666666666666430e+01 1.388888888888888928e+01 6.000000000000000000e+00
3.700000000000000000e+01 1.470345963756177987e+01 2.222222222222222143e+01 1.111111111111111072e+01 8.000000000000000000e+00
3.800000000000000000e+01 1.367380560131795697e+01 3.611111111111110716e+01 8.333333333333332149e+00 1.300000000000000000e+01
3.900000000000000000e+01 1.317957166392092283e+01 3.611111111111110716e+01 2.222222222222222143e+01 1.300000000000000000e+01
4.000000000000000000e+01 1.285008237232289829e+01 4.444444444444444287e+01 1.111111111111111072e+01 1.600000000000000000e+01
4.100000000000000000e+01 1.400329489291597973e+01 5.277777777777777857e+01 5.555555555555555358e+00 1.900000000000000000e+01
4.200000000000000000e+01 1.239703459637561878e+01 2.777777777777777857e+01 8.333333333333332149e+00 1.000000000000000000e+01
4.300000000000000000e+01 1.363261943986820413e+01 3.888888888888889284e+01 1.388888888888888928e+01 1.400000000000000000e+01
4.400000000000000000e+01 1.260296540362438300e+01 2.222222222222222143e+01 1.944444444444444642e+01 8.000000000000000000e+00
4.500000000000000000e+01 1.247940691927512447e+01 1.388888888888888928e+01 1.944444444444444642e+01 5.000000000000000000e+00
4.600000000000000000e+01 1.182042833607907717e+01 1.944444444444444642e+01 3.055555555555555358e+01 7.000000000000000000e+00
4.700000000000000000e+01 1.099670510708401849e+01 1.666666666666666430e+01 1.666666666666666430e+01 6.000000000000000000e+00
4.800000000000000000e+01 1.149093904448105441e+01 5.555555555555555358e+00 1.944444444444444642e+01 2.000000000000000000e+00
4.900000000000000000e+01 1.025535420098846728e+01 1.666666666666666430e+01 1.944444444444444642e+01 6.000000000000000000e+00
5.000000000000000000e+01 1.004942339373970306e+01 1.944444444444444642e+01 3.888888888888889284e+01 7.000000000000000000e+00
5.100000000000000000e+01 9.719934102141680299e+00 2.222222222222222143e+01 1.666666666666666430e+01 8.000000000000000000e+00
5.200000000000000000e+01 1.037891268533772759e+01 1.388888888888888928e+01 1.388888888888888928e+01 5.000000000000000000e+00
5.300000000000000000e+01 9.555189456342668919e+00 1.111111111111111072e+01 8.333333333333332149e+00 4.000000000000000000e+00
5.400000000000000000e+01 9.719934102141680299e+00 1.666666666666666430e+01 8.333333333333332149e+00 6.000000000000000000e+00
5.500000000000000000e+01 9.555189456342668919e+00 1.666666666666666430e+01 8.333333333333332149e+00 6.000000000000000000e+00
5.600000000000000000e+01 1.025535420098846728e+01 1.944444444444444642e+01 8.333333333333332149e+00 7.000000000000000000e+00
5.700000000000000000e+01 9.719934102141680299e+00 1.666666666666666430e+01 5.555555555555555358e+00 6.000000000000000000e+00
5.800000000000000000e+01 9.884678747940691679e+00 2.777777777777777857e+01 2.777777777777777679e+00 1.000000000000000000e+01
5.900000000000000000e+01 8.896210873146623399e+00 3.055555555555555358e+01 0.000000000000000000e+00 1.100000000000000000e+01
6.000000000000000000e+01 9.349258649093904694e+00 3.888888888888889284e+01 0.000000000000000000e+00 1.400000000000000000e+01
6.100000000000000000e+01 9.802306425041185989e+00 2.500000000000000000e+01 0.000000000000000000e+00 9.000000000000000000e+00
6.200000000000000000e+01 1.029654036243822013e+01 3.611111111111110716e+01 0.000000000000000000e+00 1.300000000000000000e+01
6.300000000000000000e+01 9.843492586490938834e+00 3.055555555555555358e+01 0.000000000000000000e+00 1.100000000000000000e+01
6.400000000000000000e+01 1.025535420098846728e+01 3.611111111111110716e+01 0.000000000000000000e+00 1.300000000000000000e+01
6.500000000000000000e+01 9.925864909390444524e+00 4.444444444444444287e+01 0.000000000000000000e+00 1.600000000000000000e+01
6.600000000000000000e+01 1.124382207578253734e+01 3.055555555555555358e+01 0.000000000000000000e+00 1.100000000000000000e+01
6.700000000000000000e+01 1.099670510708401849e+01 2.777777777777777857e+01 0.000000000000000000e+00 1.000000000000000000e+01
6.800000000000000000e+01 1.103789126853377311e+01 2.222222222222222143e+01 0.000000000000000000e+00 8.000000000000000000e+00
6.900000000000000000e+01 1.157331136738056010e+01 2.222222222222222143e+01 0.000000000000000000e+00 8.000000000000000000e+00
7.000000000000000000e+01 1.219110378912685277e+01 2.777777777777777857e+01 0.000000000000000000e+00 1.000000000000000000e+01
7.100000000000000000e+01 1.264415156507413585e+01 3.055555555555555358e+01 0.000000000000000000e+00 1.100000000000000000e+01
7.200000000000000000e+01 1.202635914332784139e+01 2.500000000000000000e+01 0.000000000000000000e+00 9.000000000000000000e+00
7.300000000000000000e+01 1.383855024711696835e+01 1.944444444444444642e+01 0.000000000000000000e+00 7.000000000000000000e+00
7.400000000000000000e+01 1.239703459637561878e+01 1.666666666666666430e+01 0.000000000000000000e+00 6.000000000000000000e+00
7.500000000000000000e+01 1.276771004942339438e+01 3.611111111111110716e+01 0.000000000000000000e+00 1.300000000000000000e+01
7.600000000000000000e+01 1.260296540362438300e+01 2.777777777777777857e+01 0.000000000000000000e+00 1.000000000000000000e+01
7.700000000000000000e+01 1.260296540362438300e+01 2.222222222222222143e+01 0.000000000000000000e+00 8.000000000000000000e+00
7.800000000000000000e+01 1.173805601317957148e+01 2.777777777777777857e+01 0.000000000000000000e+00 1.000000000000000000e+01
7.900000000000000000e+01 1.182042833607907717e+01 1.666666666666666430e+01 0.000000000000000000e+00 6.000000000000000000e+00
8.000000000000000000e+01 1.083196046128500711e+01 1.944444444444444642e+01 0.000000000000000000e+00 7.000000000000000000e+00
8.100000000000000000e+01 1.132619439868204303e+01 1.944444444444444642e+01 0.000000000000000000e+00 7.000000000000000000e+00
8.200000000000000000e+01 1.099670510708401849e+01 2.222222222222222143e+01 0.000000000000000000e+00 8.000000000000000000e+00
8.300000000000000000e+01 1.157331136738056010e+01 2.222222222222222143e+01 0.000000000000000000e+00 8.000000000000000000e+00
8.400000000000000000e+01 1.058484349258649004e+01 3.888888888888889284e+01 0.000000000000000000e+00 1.400000000000000000e+01
8.500000000000000000e+01 1.091433278418451280e+01 2.222222222222222143e+01 0.000000000000000000e+00 8.000000000000000000e+00
8.600000000000000000e+01 1.140856672158154872e+01 1.666666666666666430e+01 0.000000000000000000e+00 6.000000000000000000e+00
8.700000000000000000e+01 1.103789126853377311e+01 1.388888888888888928e+01 0.000000000000000000e+00 5.000000000000000000e+00
8.800000000000000000e+01 1.009060955518945590e+01 1.111111111111111072e+01 0.000000000000000000e+00 4.000000000000000000e+00
8.900000000000000000e+01 1.046128500823723328e+01 1.666666666666666430e+01 0.000000000000000000e+00 6.000000000000000000e+00
9.000000000000000000e+01 1.091433278418451280e+01 1.388888888888888928e+01 0.000000000000000000e+00 5.000000000000000000e+00
9.100000000000000000e+01 1.066721581548599573e+01 1.111111111111111072e+01 0.000000000000000000e+00 4.000000000000000000e+00
9.200000000000000000e+01 9.472817133443163229e+00 1.666666666666666430e+01 0.000000000000000000e+00 6.000000000000000000e+00
9.300000000000000000e+01 9.637561779242174609e+00 1.111111111111111072e+01 0.000000000000000000e+00 4.000000000000000000e+00
9.400000000000000000e+01 9.761120263591433144e+00 1.388888888888888928e+01 0.000000000000000000e+00 5.000000000000000000e+00
9.500000000000000000e+01 9.019769357495881934e+00 1.388888888888888928e+01 0.000000000000000000e+00 5.000000000000000000e+00
9.600000000000000000e+01 8.731466227347612019e+00 1.666666666666666430e+01 0.000000000000000000e+00 6.000000000000000000e+00
9.700000000000000000e+01 8.401976935749589259e+00 1.944444444444444642e+01 0.000000000000000000e+00 7.000000000000000000e+00
9.800000000000000000e+01 8.690280065897857398e+00 1.944444444444444642e+01 0.000000000000000000e+00 7.000000000000000000e+00
9.900000000000000000e+01 8.772652388797364864e+00 2.777777777777777857e+01 0.000000000000000000e+00 1.000000000000000000e+01
1.000000000000000000e+02 9.102141680395387624e+00 2.222222222222222143e+01 0.000000000000000000e+00 8.000000000000000000e+00
1.010000000000000000e+02 9.266886326194399004e+00 2.222222222222222143e+01 0.000000000000000000e+00 8.000000000000000000e+00
1.020000000000000000e+02 9.884678747940691679e+00 3.055555555555555358e+01 0.000000000000000000e+00 1.100000000000000000e+01
1.030000000000000000e+02 1.009060955518945590e+01 2.500000000000000000e+01 0.000000000000000000e+00 9.000000000000000000e+00
1.040000000000000000e+02 9.555189456342668919e+00 5.000000000000000000e+01 0.000000000000000000e+00 1.800000000000000000e+01
1.050000000000000000e+02 1.066721581548599573e+01 2.222222222222222143e+01 0.000000000000000000e+00 8.000000000000000000e+00
1.060000000000000000e+02 9.555189456342668919e+00 1.388888888888888928e+01 0.000000000000000000e+00 5.000000000000000000e+00
1.070000000000000000e+02 1.009060955518945590e+01 1.666666666666666430e+01 0.000000000000000000e+00 6.000000000000000000e+00
1.080000000000000000e+02 9.349258649093904694e+00 1.388888888888888928e+01 0.000000000000000000e+00 5.000000000000000000e+00
1.090000000000000000e+02 9.596375617792421764e+00 1.944444444444444642e+01 0.000000000000000000e+00 7.000000000000000000e+00
1.100000000000000000e+02 9.596375617792421764e+00 1.666666666666666430e+01 0.000000000000000000e+00 6.000000000000000000e+00
1.110000000000000000e+02 1.033772652388797297e+01 2.500000000000000000e+01 0.000000000000000000e+00 9.000000000000000000e+00
1.120000000000000000e+02 9.802306425041185989e+00 2.777777777777777857e+01 0.000000000000000000e+00 1.000000000000000000e+01
1.130000000000000000e+02 9.843492586490938834e+00 2.777777777777777857e+01 0.000000000000000000e+00 1.000000000000000000e+01
1.140000000000000000e+02 9.678747940691927454e+00 1.944444444444444642e+01 0.000000000000000000e+00 7.000000000000000000e+00
1.150000000000000000e+02 8.731466227347612019e+00 3.055555555555555358e+01 0.000000000000000000e+00 1.100000000000000000e+01
1.160000000000000000e+02 9.431630971993410384e+00 2.222222222222222143e+01 0.000000000000000000e+00 8.000000000000000000e+00
1.170000000000000000e+02 9.472817133443163229e+00 1.944444444444444642e+01 0.000000000000000000e+00 7.000000000000000000e+00
1.180000000000000000e+02 1.025535420098846728e+01 1.388888888888888928e+01 0.000000000000000000e+00 5.000000000000000000e+00
1.190000000000000000e+02 9.967051070840197369e+00 1.388888888888888928e+01 0.000000000000000000e+00 5.000000000000000000e+00
1.200000000000000000e+02 1.033772652388797297e+01 1.944444444444444642e+01 0.000000000000000000e+00 7.000000000000000000e+00
1.210000000000000000e+02 9.431630971993410384e+00 2.777777777777777857e+01 0.000000000000000000e+00 1.000000000000000000e+01
1.220000000000000000e+02 9.719934102141680299e+00 1.111111111111111072e+01 0.000000000000000000e+00 4.000000000000000000e+00
1.230000000000000000e+02 9.925864909390444524e+00 1.666666666666666430e+01 0.000000000000000000e+00 6.000000000000000000e+00
1.240000000000000000e+02 9.884678747940691679e+00 3.611111111111110716e+01 0.000000000000000000e+00 1.300000000000000000e+01
1.250000000000000000e+02 9.761120263591433144e+00 2.500000000000000000e+01 0.000000000000000000e+00 9.000000000000000000e+00
1.260000000000000000e+02 9.678747940691927454e+00 3.333333333333332860e+01 0.000000000000000000e+00 1.200000000000000000e+01
1.270000000000000000e+02 9.472817133443163229e+00 2.222222222222222143e+01 0.000000000000000000e+00 8.000000000000000000e+00
1.280000000000000000e+02 9.266886326194399004e+00 2.500000000000000000e+01 0.000000000000000000e+00 9.000000000000000000e+00
1.290000000000000000e+02 8.690280065897857398e+00 3.055555555555555358e+01 0.000000000000000000e+00 1.100000000000000000e+01
1.300000000000000000e+02 8.237232289950576103e+00 3.055555555555555358e+01 0.000000000000000000e+00 1.100000000000000000e+01
1.310000000000000000e+02 8.319604612850081793e+00 3.888888888888889284e+01 0.000000000000000000e+00 1.400000000000000000e+01
1.320000000000000000e+02 9.225700164744646159e+00 1.666666666666666430e+01 0.000000000000000000e+00 6.000000000000000000e+00
1.330000000000000000e+02 9.308072487644151849e+00 2.222222222222222143e+01 0.000000000000000000e+00 8.000000000000000000e+00
1.340000000000000000e+02 9.514003294892916074e+00 2.777777777777777857e+01 0.000000000000000000e+00 1.000000000000000000e+01
1.350000000000000000e+02 9.555189456342668919e+00 4.166666666666667140e+01 0.000000000000000000e+00 1.500000000000000000e+01
1.360000000000000000e+02 9.514003294892916074e+00 3.611111111111110716e+01 0.000000000000000000e+00 1.300000000000000000e+01
1.370000000000000000e+02 8.443163097199340328e+00 3.888888888888889284e+01 0.000000000000000000e+00 1.400000000000000000e+01
1.380000000000000000e+02 8.319604612850081793e+00 3.055555555555555358e+01 0.000000000000000000e+00 1.100000000000000000e+01
1.390000000000000000e+02 8.154859967051070413e+00 5.000000000000000000e+01 0.000000000000000000e+00 1.800000000000000000e+01
1.400000000000000000e+02 9.266886326194399004e+00 1.944444444444444642e+01 0.000000000000000000e+00 7.000000000000000000e+00
1.410000000000000000e+02 8.649093904448106329e+00 3.611111111111110716e+01 0.000000000000000000e+00 1.300000000000000000e+01
1.420000000000000000e+02 9.266886326194399004e+00 3.055555555555555358e+01 0.000000000000000000e+00 1.100000000000000000e+01
1.430000000000000000e+02 9.349258649093904694e+00 3.055555555555555358e+01 0.000000000000000000e+00 1.100000000000000000e+01
1.440000000000000000e+02 9.761120263591433144e+00 1.666666666666666430e+01 0.000000000000000000e+00 6.000000000000000000e+00
1.450000000000000000e+02 8.978583196046129089e+00 2.222222222222222143e+01 0.000000000000000000e+00 8.000000000000000000e+00
1.460000000000000000e+02 8.690280065897857398e+00 3.055555555555555358e+01 0.000000000000000000e+00 1.100000000000000000e+01
1.470000000000000000e+02 7.454695222405272048e+00 2.777777777777777857e+01 0.000000000000000000e+00 1.000000000000000000e+01
1.480000000000000000e+02 7.537067545304777738e+00 3.333333333333332860e+01 0.000000000000000000e+00 1.200000000000000000e+01
1.490000000000000000e+02 7.042833607907743598e+00 3.333333333333332860e+01 0.000000000000000000e+00 1.200000000000000000e+01
1.500000000000000000e+02 6.672158154859967105e+00 3.888888888888889284e+01 0.000000000000000000e+00 1.400000000000000000e+01
1.510000000000000000e+02 6.466227347611202880e+00 4.166666666666667140e+01 0.000000000000000000e+00 1.500000000000000000e+01
1.520000000000000000e+02 6.672158154859967105e+00 1.944444444444444642e+01 0.000000000000000000e+00 7.000000000000000000e+00
1.530000000000000000e+02 6.795716639209226528e+00 1.388888888888888928e+01 0.000000000000000000e+00 5.000000000000000000e+00
1.540000000000000000e+02 6.836902800658978485e+00 2.222222222222222143e+01 0.000000000000000000e+00 8.000000000000000000e+00
1.550000000000000000e+02 7.372322899505766358e+00 2.222222222222222143e+01 0.000000000000000000e+00 8.000000000000000000e+00
1.560000000000000000e+02 6.713344316309719950e+00 1.666666666666666430e+01 0.000000000000000000e+00 6.000000000000000000e+00
1.570000000000000000e+02 7.248764415156506935e+00 1.388888888888888928e+01 0.000000000000000000e+00 5.000000000000000000e+00
1.580000000000000000e+02 7.331136738056012625e+00 1.388888888888888928e+01 0.000000000000000000e+00 5.000000000000000000e+00
1.590000000000000000e+02 7.166392092257001245e+00 8.333333333333332149e+00 0.000000000000000000e+00 3.000000000000000000e+00
1.600000000000000000e+02 7.454695222405272048e+00 8.333333333333332149e+00 0.000000000000000000e+00 3.000000000000000000e+00
1.610000000000000000e+02 7.413509060955518315e+00 5.555555555555555358e+00 0.000000000000000000e+00 2.000000000000000000e+00
1.620000000000000000e+02 7.372322899505766358e+00 8.333333333333332149e+00 0.000000000000000000e+00 3.000000000000000000e+00
1.630000000000000000e+02 7.701812191103789118e+00 8.333333333333332149e+00 0.000000000000000000e+00 3.000000000000000000e+00
1.640000000000000000e+02 7.990115321252059033e+00 1.388888888888888928e+01 0.000000000000000000e+00 5.000000000000000000e+00
1.650000000000000000e+02 7.166392092257001245e+00 1.666666666666666430e+01 0.000000000000000000e+00 6.000000000000000000e+00
1.660000000000000000e+02 7.372322899505766358e+00 1.944444444444444642e+01 0.000000000000000000e+00 7.000000000000000000e+00
1.670000000000000000e+02 7.784184514003294808e+00 1.944444444444444642e+01 0.000000000000000000e+00 7.000000000000000000e+00
1.680000000000000000e+02 7.413509060955518315e+00 3.611111111111110716e+01 0.000000000000000000e+00 1.300000000000000000e+01
1.690000000000000000e+02 8.360790774299834638e+00 1.111111111111111072e+01 0.000000000000000000e+00 4.000000000000000000e+00
1.700000000000000000e+02 9.060955518945634779e+00 1.388888888888888928e+01 0.000000000000000000e+00 5.000000000000000000e+00
1.710000000000000000e+02 8.113673805601317568e+00 1.944444444444444642e+01 0.000000000000000000e+00 7.000000000000000000e+00
1.720000000000000000e+02 8.731466227347612019e+00 3.333333333333332860e+01 0.000000000000000000e+00 1.200000000000000000e+01
1.730000000000000000e+02 7.907742998352553343e+00 2.500000000000000000e+01 0.000000000000000000e+00 9.000000000000000000e+00
1.740000000000000000e+02 7.784184514003294808e+00 2.222222222222222143e+01 0.000000000000000000e+00 8.000000000000000000e+00
1.750000000000000000e+02 8.113673805601317568e+00 2.222222222222222143e+01 0.000000000000000000e+00 8.000000000000000000e+00
1.760000000000000000e+02 8.566721581548600639e+00 2.500000000000000000e+01 0.000000000000000000e+00 9.000000000000000000e+00
1.770000000000000000e+02 8.566721581548600639e+00 2.222222222222222143e+01 0.000000000000000000e+00 8.000000000000000000e+00
1.780000000000000000e+02 7.331136738056012625e+00 3.055555555555555358e+01 0.000000000000000000e+00 1.100000000000000000e+01
1.790000000000000000e+02 8.319604612850081793e+00 3.611111111111110716e+01 0.000000000000000000e+00 1.300000000000000000e+01
1.800000000000000000e+02 8.072487644151564723e+00 3.333333333333332860e+01 0.000000000000000000e+00 1.200000000000000000e+01
1.810000000000000000e+02 8.401976935749589259e+00 2.777777777777777857e+01 0.000000000000000000e+00 1.000000000000000000e+01
1.820000000000000000e+02 8.813838550247117709e+00 4.166666666666667140e+01 0.000000000000000000e+00 1.500000000000000000e+01
1.830000000000000000e+02 8.649093904448106329e+00 2.222222222222222143e+01 0.000000000000000000e+00 8.000000000000000000e+00
1.840000000000000000e+02 1.000823723228995021e+01 2.222222222222222143e+01 0.000000000000000000e+00 8.000000000000000000e+00
1.850000000000000000e+02 8.525535420098846018e+00 2.500000000000000000e+01 0.000000000000000000e+00 9.000000000000000000e+00
1.860000000000000000e+02 8.278418451400328948e+00 1.944444444444444642e+01 0.000000000000000000e+00 7.000000000000000000e+00
1.870000000000000000e+02 7.742998352553541075e+00 1.111111111111111072e+01 0.000000000000000000e+00 4.000000000000000000e+00
1.880000000000000000e+02 7.990115321252059033e+00 8.333333333333332149e+00 0.000000000000000000e+00 3.000000000000000000e+00
1.890000000000000000e+02 7.084019769357495555e+00 1.666666666666666430e+01 0.000000000000000000e+00 6.000000000000000000e+00
1.900000000000000000e+02 7.207578253706754978e+00 1.666666666666666430e+01 0.000000000000000000e+00 6.000000000000000000e+00
1.910000000000000000e+02 6.713344316309719950e+00 2.500000000000000000e+01 0.000000000000000000e+00 9.000000000000000000e+00
1.920000000000000000e+02 6.630971993410214260e+00 1.944444444444444642e+01 0.000000000000000000e+00 7.000000000000000000e+00
1.930000000000000000e+02 6.095551894563426387e+00 2.500000000000000000e+01 0.000000000000000000e+00 9.000000000000000000e+00
1.940000000000000000e+02 6.342668863261943457e+00 3.055555555555555358e+01 0.000000000000000000e+00 1.100000000000000000e+01
1.950000000000000000e+02 6.342668863261943457e+00 3.611111111111110716e+01 0.000000000000000000e+00 1.300000000000000000e+01
1.960000000000000000e+02 7.001647446457989865e+00 3.888888888888889284e+01 0.000000000000000000e+00 1.400000000000000000e+01
1.970000000000000000e+02 6.507413509060954837e+00 3.333333333333332860e+01 0.000000000000000000e+00 1.200000000000000000e+01
1.980000000000000000e+02 6.589785831960461415e+00 3.333333333333332860e+01 0.000000000000000000e+00 1.200000000000000000e+01
1.990000000000000000e+02 7.166392092257001245e+00 3.888888888888889284e+01 0.000000000000000000e+00 1.400000000000000000e+01
2.000000000000000000e+02 6.589785831960461415e+00 3.888888888888889284e+01 0.000000000000000000e+00 1.400000000000000000e+01
2.010000000000000000e+02 7.042833607907743598e+00 4.722222222222222854e+01 0.000000000000000000e+00 1.700000000000000000e+01
2.020000000000000000e+02 7.166392092257001245e+00 3.611111111111110716e+01 0.000000000000000000e+00 1.300000000000000000e+01
2.030000000000000000e+02 7.578253706754529695e+00 3.055555555555555358e+01 0.000000000000000000e+00 1.100000000000000000e+01
2.040000000000000000e+02 7.701812191103789118e+00 3.333333333333332860e+01 0.000000000000000000e+00 1.200000000000000000e+01
2.050000000000000000e+02 7.042833607907743598e+00 3.611111111111110716e+01 0.000000000000000000e+00 1.300000000000000000e+01
2.060000000000000000e+02 7.207578253706754978e+00 5.277777777777777857e+01 0.000000000000000000e+00 1.900000000000000000e+01
2.070000000000000000e+02 7.207578253706754978e+00 3.055555555555555358e+01 0.000000000000000000e+00 1.100000000000000000e+01
2.080000000000000000e+02 7.701812191103789118e+00 2.500000000000000000e+01 0.000000000000000000e+00 9.000000000000000000e+00
2.090000000000000000e+02 8.443163097199340328e+00 1.944444444444444642e+01 0.000000000000000000e+00 7.000000000000000000e+00
2.100000000000000000e+02 8.154859967051070413e+00 2.222222222222222143e+01 0.000000000000000000e+00 8.000000000000000000e+00
2.110000000000000000e+02 8.360790774299834638e+00 2.777777777777777857e+01 0.000000000000000000e+00 1.000000000000000000e+01
2.120000000000000000e+02 7.578253706754529695e+00 3.055555555555555358e+01 0.000000000000000000e+00 1.100000000000000000e+01
2.130000000000000000e+02 7.166392092257001245e+00 3.888888888888889284e+01 0.000000000000000000e+00 1.400000000000000000e+01
2.140000000000000000e+02 7.907742998352553343e+00 2.222222222222222143e+01 0.000000000000000000e+00 8.000000000000000000e+00
2.150000000000000000e+02 7.742998352553541075e+00 2.777777777777777857e+01 0.000000000000000000e+00 1.000000000000000000e+01
2.160000000000000000e+02 7.742998352553541075e+00 3.333333333333332860e+01 0.000000000000000000e+00 1.200000000000000000e+01
2.170000000000000000e+02 6.919275123558484175e+00 3.611111111111110716e+01 0.000000000000000000e+00 1.300000000000000000e+01
2.180000000000000000e+02 7.454695222405272048e+00 3.888888888888889284e+01 0.000000000000000000e+00 1.400000000000000000e+01
2.190000000000000000e+02 7.701812191103789118e+00 3.611111111111110716e+01 0.000000000000000000e+00 1.300000000000000000e+01
2.200000000000000000e+02 7.166392092257001245e+00 4.166666666666667140e+01 0.000000000000000000e+00 1.500000000000000000e+01
2.210000000000000000e+02 7.825370675453047653e+00 3.611111111111110716e+01 0.000000000000000000e+00 1.300000000000000000e+01
2.220000000000000000e+02 7.701812191103789118e+00 3.333333333333332860e+01 0.000000000000000000e+00 1.200000000000000000e+01
2.230000000000000000e+02 8.443163097199340328e+00 3.611111111111110716e+01 0.000000000000000000e+00 1.300000000000000000e+01
2.240000000000000000e+02 9.349258649093904694e+00 2.500000000000000000e+01 0.000000000000000000e+00 9.000000000000000000e+00
2.250000000000000000e+02 7.742998352553541075e+00 3.333333333333332860e+01 0.000000000000000000e+00 1.200000000000000000e+01
2.260000000000000000e+02 9.143327841845140469e+00 1.111111111111111072e+01 0.000000000000000000e+00 4.000000000000000000e+00
2.270000000000000000e+02 8.484349258649094949e+00 5.555555555555555358e+00 0.000000000000000000e+00 2.000000000000000000e+00
2.280000000000000000e+02 8.937397034596376244e+00 2.777777777777777679e+00 0.000000000000000000e+00 1.000000000000000000e+00
2.290000000000000000e+02 8.525535420098846018e+00 5.555555555555555358e+00 0.000000000000000000e+00 2.000000000000000000e+00
2.300000000000000000e+02 8.772652388797364864e+00 1.111111111111111072e+01 0.000000000000000000e+00 4.000000000000000000e+00
2.310000000000000000e+02 8.855024711696870554e+00 1.111111111111111072e+01 0.000000000000000000e+00 4.000000000000000000e+00
2.320000000000000000e+02 8.607907742998351708e+00 1.111111111111111072e+01 0.000000000000000000e+00 4.000000000000000000e+00
2.330000000000000000e+02 8.072487644151564723e+00 2.777777777777777679e+00 0.000000000000000000e+00 1.000000000000000000e+00
2.340000000000000000e+02 8.607907742998351708e+00 0.000000000000000000e+00 0.000000000000000000e+00 -6.000000000000000000e+03
