# step, world, group,control
0.000000000000000000e+00 2.532948929159802276e+01 3.055555555555555358e+01 3.055555555555555358e+01 1.100000000000000000e+01
1.000000000000000000e+00 2.516474464579901493e+01 2.777777777777777857e+01 2.222222222222222143e+01 1.000000000000000000e+01
2.000000000000000000e+00 2.232289950576606330e+01 2.777777777777777857e+01 3.611111111111110716e+01 1.000000000000000000e+01
3.000000000000000000e+00 2.429983525535420341e+01 3.055555555555555358e+01 3.611111111111110716e+01 1.100000000000000000e+01
4.000000000000000000e+00 2.075782537067545519e+01 1.944444444444444642e+01 1.666666666666666430e+01 7.000000000000000000e+00
5.000000000000000000e+00 2.149917627677100285e+01 2.500000000000000000e+01 2.500000000000000000e+01 9.000000000000000000e+00
6.000000000000000000e+00 2.042833607907742888e+01 1.388888888888888928e+01 1.666666666666666430e+01 5.000000000000000000e+00
7.000000000000000000e+00 2.170510708401976885e+01 1.388888888888888928e+01 8.333333333333332149e+00 5.000000000000000000e+00
8.000000000000000000e+00 2.046952224052718350e+01 1.944444444444444642e+01 8.333333333333332149e+00 7.000000000000000000e+00
9.000000000000000000e+00 1.993410214168039474e+01 2.500000000000000000e+01 8.333333333333332149e+00 9.000000000000000000e+00
1.000000000000000000e+01 2.022240527182866643e+01 1.944444444444444642e+01 5.555555555555555358e+00 7.000000000000000000e+00
1.100000000000000000e+01 2.005766062602965505e+01 1.111111111111111072e+01 2.777777777777777679e+00 4.000000000000000000e+00
1.200000000000000000e+01 1.869851729818780939e+01 1.944444444444444642e+01 2.777777777777777679e+00 7.000000000000000000e+00
1.300000000000000000e+01 1.816309719934102063e+01 1.388888888888888928e+01 1.111111111111111072e+01 5.000000000000000000e+00
1.400000000000000000e+01 1.857495881383854908e+01 1.388888888888888928e+01 8.333333333333332149e+00 5.000000000000000000e+00
1.500000000000000000e+01 1.795716639209225818e+01 1.944444444444444642e+01 5.555555555555555358e+00 7.000000000000000000e+00
1.600000000000000000e+01 1.721581548599670342e+01 1.666666666666666430e+01 1.111111111111111072e+01 6.000000000000000000e+00
1.700000000000000000e+01 1.700988467874794097e+01 1.666666666666666430e+01 1.111111111111111072e+01 6.000000000000000000e+00
1.800000000000000000e+01 1.684514003294892959e+01 1.388888888888888928e+01 1.388888888888888928e+01 5.000000000000000000e+00
1.900000000000000000e+01 1.672158154859966928e+01 2.500000000000000000e+01 8.333333333333332149e+00 9.000000000000000000e+00
2.000000000000000000e+01 1.754530477759472973e+01 1.666666666666666430e+01 1.111111111111111072e+01 6.000000000000000000e+00
2.100000000000000000e+01 1.610378912685337838e+01 1.944444444444444642e+01 1.944444444444444642e+01 7.000000000000000000e+00
2.200000000000000000e+01 1.705107084019769204e+01 2.777777777777777857e+01 8.333333333333332149e+00 1.000000000000000000e+01
2.300000000000000000e+01 1.474464579901153272e+01 2.500000000000000000e+01 2.777777777777777679e+00 9.000000000000000000e+00
2.400000000000000000e+01 1.350906095551894559e+01 2.500000000000000000e+01 0.000000000000000000e+00 9.000000000000000000e+00
2.500000000000000000e+01 1.289126853377265114e+01 2.222222222222222143e+01 0.000000000000000000e+00 8.000000000000000000e+00
2.600000000000000000e+01 1.355024711696869666e+01 1.944444444444444642e+01 0.000000000000000000e+00 7.000000000000000000e+00
2.700000000000000000e+01 1.326194398682042852e+01 3.333333333333332860e+01 0.000000000000000000e+00 1.200000000000000000e+01
2.800000000000000000e+01 1.214991762767710171e+01 3.333333333333332860e+01 0.000000000000000000e+00 1.200000000000000000e+01
2.900000000000000000e+01 1.297364085667215861e+01 5.277777777777777857e+01 0.000000000000000000e+00 1.900000000000000000e+01
3.000000000000000000e+01 1.289126853377265114e+01 2.777777777777777857e+01 0.000000000000000000e+00 1.000000000000000000e+01
3.100000000000000000e+01 1.457990115321252134e+01 2.222222222222222143e+01 0.000000000000000000e+00 8.000000000000000000e+00
3.200000000000000000e+01 1.186161449752883001e+01 3.611111111111110716e+01 2.777777777777777679e+00 1.300000000000000000e+01
3.300000000000000000e+01 1.202635914332784139e+01 3.055555555555555358e+01 0.000000000000000000e+00 1.100000000000000000e+01
3.400000000000000000e+01 1.153212520593080725e+01 3.055555555555555358e+01 0.000000000000000000e+00 1.100000000000000000e+01
3.500000000000000000e+01 1.190280065897858286e+01 2.222222222222222143e+01 0.000000000000000000e+00 8.000000000000000000e+00
3.600000000000000000e+01 1.025535420098846728e+01 3.333333333333332860e+01 0.000000000000000000e+00 1.200000000000000000e+01
3.700000000000000000e+01 1.025535420098846728e+01 2.500000000000000000e+01 0.000000000000000000e+00 9.000000000000000000e+00
3.800000000000000000e+01 1.013179571663920875e+01 4.722222222222222854e+01 0.000000000000000000e+00 1.700000000000000000e+01
3.900000000000000000e+01 1.046128500823723328e+01 3.611111111111110716e+01 0.000000000000000000e+00 1.300000000000000000e+01
4.000000000000000000e+01 8.566721581548600639e+00 5.000000000000000000e+01 0.000000000000000000e+00 1.800000000000000000e+01
4.100000000000000000e+01 9.266886326194399004e+00 2.222222222222222143e+01 0.000000000000000000e+00 8.000000000000000000e+00
4.200000000000000000e+01 8.237232289950576103e+00 2.777777777777777857e+01 0.000000000000000000e+00 1.000000000000000000e+01
4.300000000000000000e+01 8.607907742998351708e+00 1.388888888888888928e+01 0.000000000000000000e+00 5.000000000000000000e+00
4.400000000000000000e+01 8.113673805601317568e+00 2.222222222222222143e+01 0.000000000000000000e+00 8.000000000000000000e+00
4.500000000000000000e+01 9.225700164744646159e+00 2.222222222222222143e+01 0.000000000000000000e+00 8.000000000000000000e+00
4.600000000000000000e+01 8.360790774299834638e+00 1.944444444444444642e+01 0.000000000000000000e+00 7.000000000000000000e+00
4.700000000000000000e+01 9.225700164744646159e+00 1.944444444444444642e+01 0.000000000000000000e+00 7.000000000000000000e+00
4.800000000000000000e+01 9.390444810543657539e+00 2.500000000000000000e+01 0.000000000000000000e+00 9.000000000000000000e+00
4.900000000000000000e+01 9.967051070840197369e+00 2.777777777777777857e+01 0.000000000000000000e+00 1.000000000000000000e+01
5.000000000000000000e+01 1.091433278418451280e+01 3.333333333333332860e+01 0.000000000000000000e+00 1.200000000000000000e+01
5.100000000000000000e+01 1.083196046128500711e+01 2.777777777777777857e+01 0.000000000000000000e+00 1.000000000000000000e+01
5.200000000000000000e+01 9.843492586490938834e+00 3.611111111111110716e+01 0.000000000000000000e+00 1.300000000000000000e+01
5.300000000000000000e+01 1.017298187808896159e+01 3.888888888888889284e+01 0.000000000000000000e+00 1.400000000000000000e+01
5.400000000000000000e+01 1.000823723228995021e+01 2.777777777777777857e+01 0.000000000000000000e+00 1.000000000000000000e+01
5.500000000000000000e+01 1.033772652388797297e+01 4.444444444444444287e+01 0.000000000000000000e+00 1.600000000000000000e+01
5.600000000000000000e+01 1.062602965403624466e+01 1.944444444444444642e+01 0.000000000000000000e+00 7.000000000000000000e+00
5.700000000000000000e+01 1.070840197693575035e+01 3.333333333333332860e+01 0.000000000000000000e+00 1.200000000000000000e+01
5.800000000000000000e+01 1.132619439868204303e+01 3.055555555555555358e+01 0.000000000000000000e+00 1.100000000000000000e+01
5.900000000000000000e+01 9.967051070840197369e+00 4.444444444444444287e+01 0.000000000000000000e+00 1.600000000000000000e+01
6.000000000000000000e+01 1.054365733113673897e+01 3.611111111111110716e+01 0.000000000000000000e+00 1.300000000000000000e+01
6.100000000000000000e+01 1.087314662273476173e+01 1.666666666666666430e+01 0.000000000000000000e+00 6.000000000000000000e+00
6.200000000000000000e+01 1.066721581548599573e+01 8.333333333333332149e+00 0.000000000000000000e+00 3.000000000000000000e+00
6.300000000000000000e+01 1.021416803953871444e+01 1.388888888888888928e+01 0.000000000000000000e+00 5.000000000000000000e+00
6.400000000000000000e+01 9.967051070840197369e+00 1.944444444444444642e+01 0.000000000000000000e+00 7.000000000000000000e+00
6.500000000000000000e+01 1.050247116968698435e+01 1.666666666666666430e+01 0.000000000000000000e+00 6.000000000000000000e+00
6.600000000000000000e+01 1.037891268533772759e+01 2.222222222222222143e+01 0.000000000000000000e+00 8.000000000000000000e+00
6.700000000000000000e+01 1.149093904448105441e+01 2.500000000000000000e+01 0.000000000000000000e+00 9.000000000000000000e+00
6.800000000000000000e+01 1.087314662273476173e+01 2.500000000000000000e+01 0.000000000000000000e+00 9.000000000000000000e+00
6.900000000000000000e+01 1.219110378912685277e+01 3.333333333333332860e+01 0.000000000000000000e+00 1.200000000000000000e+01
7.000000000000000000e+01 1.186161449752883001e+01 1.666666666666666430e+01 0.000000000000000000e+00 6.000000000000000000e+00
7.100000000000000000e+01 1.256177924217462838e+01 1.944444444444444642e+01 0.000000000000000000e+00 7.000000000000000000e+00
7.200000000000000000e+01 1.239703459637561878e+01 2.222222222222222143e+01 0.000000000000000000e+00 8.000000000000000000e+00
7.300000000000000000e+01 1.330313014827018137e+01 2.500000000000000000e+01 0.000000000000000000e+00 9.000000000000000000e+00
7.400000000000000000e+01 1.317957166392092283e+01 3.333333333333332860e+01 0.000000000000000000e+00 1.200000000000000000e+01
7.500000000000000000e+01 1.272652388797363976e+01 1.388888888888888928e+01 0.000000000000000000e+00 5.000000000000000000e+00
7.600000000000000000e+01 1.437397034596375711e+01 1.111111111111111072e+01 0.000000000000000000e+00 4.000000000000000000e+00
7.700000000000000000e+01 1.231466227347611309e+01 5.555555555555555358e+00 0.000000000000000000e+00 2.000000000000000000e+00
7.800000000000000000e+01 1.182042833607907717e+01 0.000000000000000000e+00 0.000000000000000000e+00 -6.000000000000000000e+03
