# step, world, group,control
0.000000000000000000e+00 2.574135090609555121e+01 1.111111111111111072e+01 3.333333333333332860e+01 4.000000000000000000e+00
1.000000000000000000e+00 2.495881383855024893e+01 1.666666666666666430e+01 1.944444444444444642e+01 6.000000000000000000e+00
2.000000000000000000e+00 2.462932454695222617e+01 8.333333333333332149e+00 2.222222222222222143e+01 3.000000000000000000e+00
3.000000000000000000e+00 2.248764415156507468e+01 5.555555555555555358e+00 1.944444444444444642e+01 2.000000000000000000e+00
4.000000000000000000e+00 2.162273476112026316e+01 8.333333333333332149e+00 1.944444444444444642e+01 3.000000000000000000e+00
5.000000000000000000e+00 1.902800658978583215e+01 8.333333333333332149e+00 2.500000000000000000e+01 3.000000000000000000e+00
6.000000000000000000e+00 1.911037891268533784e+01 8.333333333333332149e+00 2.777777777777777857e+01 3.000000000000000000e+00
7.000000000000000000e+00 1.861614497528830370e+01 1.111111111111111072e+01 1.944444444444444642e+01 4.000000000000000000e+00
8.000000000000000000e+00 1.762767710049423542e+01 1.388888888888888928e+01 2.222222222222222143e+01 5.000000000000000000e+00
9.000000000000000000e+00 1.672158154859966928e+01 1.666666666666666430e+01 2.500000000000000000e+01 6.000000000000000000e+00
1.000000000000000000e+01 1.663920922570016359e+01 1.944444444444444642e+01 3.055555555555555358e+01 7.000000000000000000e+00
1.100000000000000000e+01 1.581548599670510669e+01 2.777777777777777857e+01 3.055555555555555358e+01 1.000000000000000000e+01
1.200000000000000000e+01 1.659802306425041252e+01 1.944444444444444642e+01 2.500000000000000000e+01 7.000000000000000000e+00
1.300000000000000000e+01 1.655683690280065790e+01 3.888888888888889284e+01 2.777777777777777857e+01 1.400000000000000000e+01
1.400000000000000000e+01 1.886326194398682077e+01 5.555555555555555358e+00 1.944444444444444642e+01 2.000000000000000000e+00
1.500000000000000000e+01 1.729818780889621266e+01 0.000000000000000000e+00 2.500000000000000000e+01 -6.000000000000000000e+03
