# step, world, group,control
0.000000000000000000e+00 2.747116968698517425e+01 1.944444444444444642e+01 3.888888888888889284e+01 7.000000000000000000e+00
1.000000000000000000e+00 2.302306425041186344e+01 3.611111111111110716e+01 4.166666666666667140e+01 1.300000000000000000e+01
2.000000000000000000e+00 2.388797364085667141e+01 4.166666666666667140e+01 3.611111111111110716e+01 1.500000000000000000e+01
3.000000000000000000e+00 2.322899505766062589e+01 3.611111111111110716e+01 4.722222222222222854e+01 1.300000000000000000e+01
4.000000000000000000e+00 2.228171334431630868e+01 4.444444444444444287e+01 3.333333333333332860e+01 1.600000000000000000e+01
5.000000000000000000e+00 2.384678747940692034e+01 4.722222222222222854e+01 3.333333333333332860e+01 1.700000000000000000e+01
6.000000000000000000e+00 2.281713344316309744e+01 3.888888888888889284e+01 3.888888888888889284e+01 1.400000000000000000e+01
7.000000000000000000e+00 2.364085667215815434e+01 2.222222222222222143e+01 3.888888888888889284e+01 8.000000000000000000e+00
8.000000000000000000e+00 2.191103789126853485e+01 3.055555555555555358e+01 2.500000000000000000e+01 1.100000000000000000e+01
9.000000000000000000e+00 2.186985172981878023e+01 1.666666666666666430e+01 3.055555555555555358e+01 6.000000000000000000e+00
1.000000000000000000e+01 2.166392092257001423e+01 3.888888888888889284e+01 1.388888888888888928e+01 1.400000000000000000e+01
1.100000000000000000e+01 2.079901153212520626e+01 1.944444444444444642e+01 1.111111111111111072e+01 7.000000000000000000e+00
1.200000000000000000e+01 2.055189456342668919e+01 1.388888888888888928e+01 1.388888888888888928e+01 5.000000000000000000e+00
1.300000000000000000e+01 1.873970345963756046e+01 2.777777777777777857e+01 2.500000000000000000e+01 1.000000000000000000e+01
1.400000000000000000e+01 2.042833607907742888e+01 3.055555555555555358e+01 1.944444444444444642e+01 1.100000000000000000e+01
1.500000000000000000e+01 1.894563426688632646e+01 3.055555555555555358e+01 2.777777777777777857e+01 1.100000000000000000e+01
1.600000000000000000e+01 1.865733113673805477e+01 2.777777777777777857e+01 3.055555555555555358e+01 1.000000000000000000e+01
1.700000000000000000e+01 1.692751235584843528e+01 2.777777777777777857e+01 2.777777777777777857e+01 1.000000000000000000e+01
1.800000000000000000e+01 1.771004942339374111e+01 4.722222222222222854e+01 4.166666666666667140e+01 1.700000000000000000e+01
1.900000000000000000e+01 1.639209225700164652e+01 2.222222222222222143e+01 3.055555555555555358e+01 8.000000000000000000e+00
2.000000000000000000e+01 1.668039538714991821e+01 4.166666666666667140e+01 1.111111111111111072e+01 1.500000000000000000e+01
2.100000000000000000e+01 1.610378912685337838e+01 2.777777777777777857e+01 1.388888888888888928e+01 1.000000000000000000e+01
2.200000000000000000e+01 1.585667215815486131e+01 4.166666666666667140e+01 1.111111111111111072e+01 1.500000000000000000e+01
2.300000000000000000e+01 1.700988467874794097e+01 4.166666666666667140e+01 0.000000000000000000e+00 1.500000000000000000e+01
2.400000000000000000e+01 1.705107084019769204e+01 1.944444444444444642e+01 0.000000000000000000e+00 7.000000000000000000e+00
2.500000000000000000e+01 1.836902800658978663e+01 2.777777777777777857e+01 0.000000000000000000e+00 1.000000000000000000e+01
2.600000000000000000e+01 1.672158154859966928e+01 3.055555555555555358e+01 2.777777777777777679e+00 1.100000000000000000e+01
2.700000000000000000e+01 1.528006589785831970e+01 3.611111111111110716e+01 2.777777777777777679e+00 1.300000000000000000e+01
2.800000000000000000e+01 1.511532125205930832e+01 3.333333333333332860e+01 2.777777777777777679e+00 1.200000000000000000e+01
2.900000000000000000e+01 1.474464579901153272e+01 3.055555555555555358e+01 5.555555555555555358e+00 1.100000000000000000e+01
3.000000000000000000e+01 1.416803953871499111e+01 3.333333333333332860e+01 2.777777777777777679e+00 1.200000000000000000e+01
3.100000000000000000e+01 1.363261943986820413e+01 2.500000000000000000e+01 0.000000000000000000e+00 9.000000000000000000e+00
3.200000000000000000e+01 1.285008237232289829e+01 2.777777777777777857e+01 0.000000000000000000e+00 1.000000000000000000e+01
3.300000000000000000e+01 1.219110378912685277e+01 3.333333333333332860e+01 0.000000000000000000e+00 1.200000000000000000e+01
3.400000000000000000e+01 1.355024711696869666e+01 1.388888888888888928e+01 0.000000000000000000e+00 5.000000000000000000e+00
3.500000000000000000e+01 1.227347611202635846e+01 1.666666666666666430e+01 0.000000000000000000e+00 6.000000000000000000e+00
3.600000000000000000e+01 1.235584843492586415e+01 1.666666666666666430e+01 0.000000000000000000e+00 6.000000000000000000e+00
3.700000000000000000e+01 1.231466227347611309e+01 1.944444444444444642e+01 0.000000000000000000e+00 7.000000000000000000e+00
3.800000000000000000e+01 1.095551894563426742e+01 1.944444444444444642e+01 0.000000000000000000e+00 7.000000000000000000e+00
3.900000000000000000e+01 1.058484349258649004e+01 1.666666666666666430e+01 0.000000000000000000e+00 6.000000000000000000e+00
4.000000000000000000e+01 1.116144975288303165e+01 2.222222222222222143e+01 0.000000000000000000e+00 8.000000000000000000e+00
4.100000000000000000e+01 1.046128500823723328e+01 2.777777777777777857e+01 0.000000000000000000e+00 1.000000000000000000e+01
4.200000000000000000e+01 1.091433278418451280e+01 2.500000000000000000e+01 0.000000000000000000e+00 9.000000000000000000e+00
4.300000000000000000e+01 1.157331136738056010e+01 2.500000000000000000e+01 0.000000000000000000e+00 9.000000000000000000e+00
4.400000000000000000e+01 1.140856672158154872e+01 1.666666666666666430e+01 0.000000000000000000e+00 6.000000000000000000e+00
4.500000000000000000e+01 1.083196046128500711e+01 2.222222222222222143e+01 0.000000000000000000e+00 8.000000000000000000e+00
4.600000000000000000e+01 1.177924217462932432e+01 1.388888888888888928e+01 0.000000000000000000e+00 5.000000000000000000e+00
4.700000000000000000e+01 1.198517298187809033e+01 2.777777777777777679e+00 0.000000000000000000e+00 1.000000000000000000e+00
4.800000000000000000e+01 1.095551894563426742e+01 5.555555555555555358e+00 0.000000000000000000e+00 2.000000000000000000e+00
4.900000000000000000e+01 1.079077429983525604e+01 5.555555555555555358e+00 0.000000000000000000e+00 2.000000000000000000e+00
5.000000000000000000e+01 1.182042833607907717e+01 0.000000000000000000e+00 0.000000000000000000e+00 -6.000000000000000000e+03
