# step, world, group,control
0.000000000000000000e+00 2.664744645799011380e+01 3.055555555555555358e+01 2.777777777777777857e+01 1.100000000000000000e+01
1.000000000000000000e+00 2.545304777594727952e+01 1.944444444444444642e+01 3.333333333333332860e+01 7.000000000000000000e+00
2.000000000000000000e+00 2.475288303130148293e+01 3.055555555555555358e+01 4.166666666666667140e+01 1.100000000000000000e+01
3.000000000000000000e+00 2.314662273476112020e+01 2.222222222222222143e+01 4.722222222222222854e+01 8.000000000000000000e+00
4.000000000000000000e+00 2.252883031301482930e+01 1.944444444444444642e+01 4.444444444444444287e+01 7.000000000000000000e+00
5.000000000000000000e+00 2.141680395387150071e+01 1.944444444444444642e+01 2.500000000000000000e+01 7.000000000000000000e+00
6.000000000000000000e+00 2.079901153212520626e+01 1.111111111111111072e+01 3.611111111111110716e+01 4.000000000000000000e+00
7.000000000000000000e+00 2.178747940691927454e+01 1.111111111111111072e+01 2.777777777777777857e+01 4.000000000000000000e+00
8.000000000000000000e+00 2.170510708401976885e+01 1.111111111111111072e+01 2.777777777777777857e+01 4.000000000000000000e+00
9.000000000000000000e+00 2.055189456342668919e+01 1.111111111111111072e+01 2.500000000000000000e+01 4.000000000000000000e+00
1.000000000000000000e+01 2.063426688632619488e+01 1.111111111111111072e+01 2.777777777777777857e+01 4.000000000000000000e+00
1.100000000000000000e+01 1.927512355848434922e+01 1.666666666666666430e+01 3.611111111111110716e+01 6.000000000000000000e+00
1.200000000000000000e+01 2.055189456342668919e+01 8.333333333333332149e+00 4.166666666666667140e+01 3.000000000000000000e+00
1.300000000000000000e+01 2.046952224052718350e+01 5.555555555555555358e+00 1.944444444444444642e+01 2.000000000000000000e+00
1.400000000000000000e+01 2.121087314662273471e+01 1.111111111111111072e+01 3.055555555555555358e+01 4.000000000000000000e+00
1.500000000000000000e+01 1.828665568369028094e+01 1.666666666666666430e+01 2.777777777777777857e+01 6.000000000000000000e+00
1.600000000000000000e+01 1.906919275123558322e+01 1.111111111111111072e+01 3.333333333333332860e+01 4.000000000000000000e+00
1.700000000000000000e+01 1.705107084019769204e+01 8.333333333333332149e+00 3.333333333333332860e+01 3.000000000000000000e+00
1.800000000000000000e+01 1.849258649093904339e+01 1.111111111111111072e+01 2.500000000000000000e+01 4.000000000000000000e+00
1.900000000000000000e+01 1.766886326194398649e+01 1.111111111111111072e+01 2.500000000000000000e+01 4.000000000000000000e+00
2.000000000000000000e+01 1.593904448105436522e+01 1.388888888888888928e+01 2.777777777777777857e+01 5.000000000000000000e+00
2.100000000000000000e+01 1.490939044481054410e+01 1.111111111111111072e+01 2.222222222222222143e+01 4.000000000000000000e+00
2.200000000000000000e+01 1.585667215815486131e+01 5.555555555555555358e+00 3.611111111111110716e+01 2.000000000000000000e+00
2.300000000000000000e+01 1.486820428336079125e+01 5.555555555555555358e+00 1.944444444444444642e+01 2.000000000000000000e+00
2.400000000000000000e+01 1.540362438220757824e+01 1.111111111111111072e+01 2.777777777777777857e+01 4.000000000000000000e+00
2.500000000000000000e+01 1.453871499176276849e+01 1.111111111111111072e+01 2.500000000000000000e+01 4.000000000000000000e+00
2.600000000000000000e+01 1.540362438220757824e+01 1.388888888888888928e+01 3.055555555555555358e+01 5.000000000000000000e+00
2.700000000000000000e+01 1.466227347611202525e+01 1.666666666666666430e+01 3.611111111111110716e+01 6.000000000000000000e+00
2.800000000000000000e+01 1.495057660626029694e+01 1.944444444444444642e+01 3.055555555555555358e+01 7.000000000000000000e+00
2.900000000000000000e+01 1.589785831960461238e+01 1.666666666666666430e+01 3.333333333333332860e+01 6.000000000000000000e+00
3.000000000000000000e+01 1.495057660626029694e+01 2.777777777777777679e+00 3.333333333333332860e+01 1.000000000000000000e+00
3.100000000000000000e+01 1.618616144975288407e+01 2.777777777777777679e+00 4.166666666666667140e+01 1.000000000000000000e+00
3.200000000000000000e+01 1.408566721581548720e+01 0.000000000000000000e+00 3.333333333333332860e+01 -6.000000000000000000e+03
