# step, world, group,control
0.000000000000000000e+00 2.705930807248764225e+01 2.222222222222222143e+01 3.055555555555555358e+01 8.000000000000000000e+00
1.000000000000000000e+00 2.458813838550247155e+01 2.777777777777777857e+01 2.500000000000000000e+01 1.000000000000000000e+01
2.000000000000000000e+00 2.504118616144975107e+01 3.611111111111110716e+01 1.111111111111111072e+01 1.300000000000000000e+01
3.000000000000000000e+00 2.384678747940692034e+01 2.777777777777777857e+01 8.333333333333332149e+00 1.000000000000000000e+01
4.000000000000000000e+00 2.495881383855024893e+01 4.166666666666667140e+01 0.000000000000000000e+00 1.500000000000000000e+01
5.000000000000000000e+00 2.314662273476112020e+01 3.333333333333332860e+01 2.777777777777777679e+00 1.200000000000000000e+01
6.000000000000000000e+00 2.236408566721581792e+01 4.722222222222222854e+01 0.000000000000000000e+00 1.700000000000000000e+01
7.000000000000000000e+00 2.195222405271828592e+01 1.388888888888888928e+01 0.000000000000000000e+00 5.000000000000000000e+00
8.000000000000000000e+00 2.191103789126853485e+01 1.944444444444444642e+01 0.000000000000000000e+00 7.000000000000000000e+00
9.000000000000000000e+00 2.059308072487644026e+01 1.111111111111111072e+01 0.000000000000000000e+00 4.000000000000000000e+00
1.000000000000000000e+01 2.133443163097199147e+01 0.000000000000000000e+00 2.777777777777777679e+00 -6.000000000000000000e+03
