# step, world, group,control
0.000000000000000000e+00 2.730642504118615932e+01 2.500000000000000000e+01 3.055555555555555358e+01 9.000000000000000000e+00
1.000000000000000000e+00 2.590609555189456614e+01 2.500000000000000000e+01 2.500000000000000000e+01 9.000000000000000000e+00
2.000000000000000000e+00 2.553542009884678876e+01 1.666666666666666430e+01 3.611111111111110716e+01 6.000000000000000000e+00
3.000000000000000000e+00 2.475288303130148293e+01 2.500000000000000000e+01 2.777777777777777857e+01 9.000000000000000000e+00
4.000000000000000000e+00 2.520593080724876600e+01 3.055555555555555358e+01 4.166666666666667140e+01 1.100000000000000000e+01
5.000000000000000000e+00 2.372322899505766003e+01 3.888888888888889284e+01 2.777777777777777857e+01 1.400000000000000000e+01
6.000000000000000000e+00 2.289950576606260313e+01 3.055555555555555358e+01 3.055555555555555358e+01 1.100000000000000000e+01
7.000000000000000000e+00 2.314662273476112020e+01 2.500000000000000000e+01 2.500000000000000000e+01 9.000000000000000000e+00
8.000000000000000000e+00 2.252883031301482930e+01 2.777777777777777857e+01 1.666666666666666430e+01 1.000000000000000000e+01
9.000000000000000000e+00 2.289950576606260313e+01 4.444444444444444287e+01 1.944444444444444642e+01 1.600000000000000000e+01
1.000000000000000000e+01 2.203459637561779161e+01 2.222222222222222143e+01 2.500000000000000000e+01 8.000000000000000000e+00
1.100000000000000000e+01 2.294069192751235420e+01 2.222222222222222143e+01 4.166666666666667140e+01 8.000000000000000000e+00
1.200000000000000000e+01 2.042833607907742888e+01 1.944444444444444642e+01 1.111111111111111072e+01 7.000000000000000000e+00
1.300000000000000000e+01 2.285831960461285206e+01 1.944444444444444642e+01 8.333333333333332149e+00 7.000000000000000000e+00
1.400000000000000000e+01 2.051070840197693457e+01 3.055555555555555358e+01 1.111111111111111072e+01 1.100000000000000000e+01
1.500000000000000000e+01 1.861614497528830370e+01 3.055555555555555358e+01 1.111111111111111072e+01 1.100000000000000000e+01
1.600000000000000000e+01 1.820428336079077525e+01 1.666666666666666430e+01 1.666666666666666430e+01 6.000000000000000000e+00
1.700000000000000000e+01 1.799835255354200925e+01 1.666666666666666430e+01 2.777777777777777857e+01 6.000000000000000000e+00
1.800000000000000000e+01 1.717462932454695235e+01 4.444444444444444287e+01 3.055555555555555358e+01 1.600000000000000000e+01
1.900000000000000000e+01 1.610378912685337838e+01 2.222222222222222143e+01 2.500000000000000000e+01 8.000000000000000000e+00
2.000000000000000000e+01 1.565074135090609531e+01 1.388888888888888928e+01 2.777777777777777857e+01 5.000000000000000000e+00
2.100000000000000000e+01 1.626853377265238976e+01 2.222222222222222143e+01 2.777777777777777857e+01 8.000000000000000000e+00
2.200000000000000000e+01 1.548599670510708215e+01 2.777777777777777857e+01 2.222222222222222143e+01 1.000000000000000000e+01
2.300000000000000000e+01 1.482701812191103663e+01 4.166666666666667140e+01 2.222222222222222143e+01 1.500000000000000000e+01
2.400000000000000000e+01 1.412685337726523827e+01 2.777777777777777857e+01 2.777777777777777857e+01 1.000000000000000000e+01
2.500000000000000000e+01 1.400329489291597973e+01 3.611111111111110716e+01 2.222222222222222143e+01 1.300000000000000000e+01
2.600000000000000000e+01 1.420922570016474573e+01 2.500000000000000000e+01 1.388888888888888928e+01 9.000000000000000000e+00
2.700000000000000000e+01 1.367380560131795697e+01 2.777777777777777857e+01 1.944444444444444642e+01 1.000000000000000000e+01
2.800000000000000000e+01 1.330313014827018137e+01 2.777777777777777857e+01 2.500000000000000000e+01 1.000000000000000000e+01
2.900000000000000000e+01 1.499176276771004801e+01 3.055555555555555358e+01 2.222222222222222143e+01 1.100000000000000000e+01
3.000000000000000000e+01 1.408566721581548720e+01 2.500000000000000000e+01 1.944444444444444642e+01 9.000000000000000000e+00
3.100000000000000000e+01 1.499176276771004801e+01 3.055555555555555358e+01 1.666666666666666430e+01 1.100000000000000000e+01
3.200000000000000000e+01 1.437397034596375711e+01 2.500000000000000000e+01 2.222222222222222143e+01 9.000000000000000000e+00
3.300000000000000000e+01 1.470345963756177987e+01 2.500000000000000000e+01 1.944444444444444642e+01 9.000000000000000000e+00
3.400000000000000000e+01 1.297364085667215861e+01 3.611111111111110716e+01 1.944444444444444642e+01 1.300000000000000000e+01
3.500000000000000000e+01 1.272652388797363976e+01 2.500000000000000000e+01 3.333333333333332860e+01 9.000000000000000000e+00
3.600000000000000000e+01 1.359143327841845306e+01 2.500000000000000000e+01 1.666666666666666430e+01 9.000000000000000000e+00
3.700000000000000000e+01 1.231466227347611309e+01 8.333333333333332149e+00 2.500000000000000000e+01 3.000000000000000000e+00
3.800000000000000000e+01 1.219110378912685277e+01 5.555555555555555358e+00 2.222222222222222143e+01 2.000000000000000000e+00
3.900000000000000000e+01 1.202635914332784139e+01 1.111111111111111072e+01 2.500000000000000000e+01 4.000000000000000000e+00
4.000000000000000000e+01 1.120263591433278449e+01 1.111111111111111072e+01 3.055555555555555358e+01 4.000000000000000000e+00
4.100000000000000000e+01 1.132619439868204303e+01 1.111111111111111072e+01 1.111111111111111072e+01 4.000000000000000000e+00
4.200000000000000000e+01 1.107907742998352418e+01 1.111111111111111072e+01 5.555555555555555358e+00 4.000000000000000000e+00
4.300000000000000000e+01 1.120263591433278449e+01 1.111111111111111072e+01 5.555555555555555358e+00 4.000000000000000000e+00
4.400000000000000000e+01 1.099670510708401849e+01 1.111111111111111072e+01 1.111111111111111072e+01 4.000000000000000000e+00
4.500000000000000000e+01 1.136738056013179587e+01 1.111111111111111072e+01 8.333333333333332149e+00 4.000000000000000000e+00
4.600000000000000000e+01 1.087314662273476173e+01 1.111111111111111072e+01 8.333333333333332149e+00 4.000000000000000000e+00
4.700000000000000000e+01 1.000823723228995021e+01 1.666666666666666430e+01 5.555555555555555358e+00 6.000000000000000000e+00
4.800000000000000000e+01 1.029654036243822013e+01 1.666666666666666430e+01 2.777777777777777679e+00 6.000000000000000000e+00
4.900000000000000000e+01 1.042009884678747866e+01 5.555555555555555358e+00 0.000000000000000000e+00 2.000000000000000000e+00
5.000000000000000000e+01 1.021416803953871444e+01 8.333333333333332149e+00 5.555555555555555358e+00 3.000000000000000000e+00
5.100000000000000000e+01 9.514003294892916074e+00 1.388888888888888928e+01 5.555555555555555358e+00 5.000000000000000000e+00
5.200000000000000000e+01 1.042009884678747866e+01 1.388888888888888928e+01 0.000000000000000000e+00 5.000000000000000000e+00
5.300000000000000000e+01 9.925864909390444524e+00 8.333333333333332149e+00 2.777777777777777679e+00 3.000000000000000000e+00
5.400000000000000000e+01 1.021416803953871444e+01 1.666666666666666430e+01 0.000000000000000000e+00 6.000000000000000000e+00
5.500000000000000000e+01 9.060955518945634779e+00 1.388888888888888928e+01 2.777777777777777679e+00 5.000000000000000000e+00
5.600000000000000000e+01 7.907742998352553343e+00 1.666666666666666430e+01 2.777777777777777679e+00 6.000000000000000000e+00
5.700000000000000000e+01 7.907742998352553343e+00 2.222222222222222143e+01 0.000000000000000000e+00 8.000000000000000000e+00
5.800000000000000000e+01 6.754530477759472795e+00 2.222222222222222143e+01 0.000000000000000000e+00 8.000000000000000000e+00
5.900000000000000000e+01 7.207578253706754978e+00 3.611111111111110716e+01 0.000000000000000000e+00 1.300000000000000000e+01
6.000000000000000000e+01 6.342668863261943457e+00 2.777777777777777857e+01 0.000000000000000000e+00 1.000000000000000000e+01
6.100000000000000000e+01 6.466227347611202880e+00 2.222222222222222143e+01 0.000000000000000000e+00 8.000000000000000000e+00
6.200000000000000000e+01 6.425041186161449147e+00 3.888888888888889284e+01 2.777777777777777679e+00 1.400000000000000000e+01
6.300000000000000000e+01 7.372322899505766358e+00 1.944444444444444642e+01 2.777777777777777679e+00 7.000000000000000000e+00
6.400000000000000000e+01 7.207578253706754978e+00 2.777777777777777857e+01 2.777777777777777679e+00 1.000000000000000000e+01
6.500000000000000000e+01 7.784184514003294808e+00 3.055555555555555358e+01 5.555555555555555358e+00 1.100000000000000000e+01
6.600000000000000000e+01 7.866556836902800498e+00 2.777777777777777857e+01 5.555555555555555358e+00 1.000000000000000000e+01
6.700000000000000000e+01 8.772652388797364864e+00 2.500000000000000000e+01 8.333333333333332149e+00 9.000000000000000000e+00
6.800000000000000000e+01 7.784184514003294808e+00 4.722222222222222854e+01 5.555555555555555358e+00 1.700000000000000000e+01
6.900000000000000000e+01 7.948929159802306188e+00 2.777777777777777857e+01 2.777777777777777679e+00 1.000000000000000000e+01
7.000000000000000000e+01 7.001647446457989865e+00 3.055555555555555358e+01 2.777777777777777679e+00 1.100000000000000000e+01
7.100000000000000000e+01 7.331136738056012625e+00 3.333333333333332860e+01 0.000000000000000000e+00 1.200000000000000000e+01
7.200000000000000000e+01 7.042833607907743598e+00 4.166666666666667140e+01 0.000000000000000000e+00 1.500000000000000000e+01
7.300000000000000000e+01 7.125205930807249288e+00 5.277777777777777857e+01 0.000000000000000000e+00 1.900000000000000000e+01
7.400000000000000000e+01 6.548599670510708570e+00 3.333333333333332860e+01 0.000000000000000000e+00 1.200000000000000000e+01
7.500000000000000000e+01 7.372322899505766358e+00 3.333333333333332860e+01 0.000000000000000000e+00 1.200000000000000000e+01
7.600000000000000000e+01 6.672158154859967105e+00 2.500000000000000000e+01 0.000000000000000000e+00 9.000000000000000000e+00
7.700000000000000000e+01 7.001647446457989865e+00 2.500000000000000000e+01 0.000000000000000000e+00 9.000000000000000000e+00
7.800000000000000000e+01 8.031301482701811878e+00 1.388888888888888928e+01 0.000000000000000000e+00 5.000000000000000000e+00
7.900000000000000000e+01 8.566721581548600639e+00 4.166666666666667140e+01 0.000000000000000000e+00 1.500000000000000000e+01
8.000000000000000000e+01 7.948929159802306188e+00 1.666666666666666430e+01 0.000000000000000000e+00 6.000000000000000000e+00
8.100000000000000000e+01 8.484349258649094949e+00 1.388888888888888928e+01 0.000000000000000000e+00 5.000000000000000000e+00
8.200000000000000000e+01 8.525535420098846018e+00 1.944444444444444642e+01 0.000000000000000000e+00 7.000000000000000000e+00
8.300000000000000000e+01 8.607907742998351708e+00 1.666666666666666430e+01 0.000000000000000000e+00 6.000000000000000000e+00
8.400000000000000000e+01 8.154859967051070413e+00 2.222222222222222143e+01 0.000000000000000000e+00 8.000000000000000000e+00
8.500000000000000000e+01 8.401976935749589259e+00 1.666666666666666430e+01 0.000000000000000000e+00 6.000000000000000000e+00
8.600000000000000000e+01 8.566721581548600639e+00 2.777777777777777857e+01 0.000000000000000000e+00 1.000000000000000000e+01
8.700000000000000000e+01 9.596375617792421764e+00 2.500000000000000000e+01 0.000000000000000000e+00 9.000000000000000000e+00
8.800000000000000000e+01 8.401976935749589259e+00 2.222222222222222143e+01 0.000000000000000000e+00 8.000000000000000000e+00
8.900000000000000000e+01 7.001647446457989865e+00 3.333333333333332860e+01 0.000000000000000000e+00 1.200000000000000000e+01
9.000000000000000000e+01 7.084019769357495555e+00 2.777777777777777857e+01 0.000000000000000000e+00 1.000000000000000000e+01
9.100000000000000000e+01 7.331136738056012625e+00 2.500000000000000000e+01 0.000000000000000000e+00 9.000000000000000000e+00
9.200000000000000000e+01 6.836902800658978485e+00 3.055555555555555358e+01 0.000000000000000000e+00 1.100000000000000000e+01
9.300000000000000000e+01 6.754530477759472795e+00 1.944444444444444642e+01 0.000000000000000000e+00 7.000000000000000000e+00
9.400000000000000000e+01 6.177924217462932077e+00 1.944444444444444642e+01 0.000000000000000000e+00 7.000000000000000000e+00
9.500000000000000000e+01 6.548599670510708570e+00 1.666666666666666430e+01 0.000000000000000000e+00 6.000000000000000000e+00
9.600000000000000000e+01 6.672158154859967105e+00 1.666666666666666430e+01 0.000000000000000000e+00 6.000000000000000000e+00
9.700000000000000000e+01 6.754530477759472795e+00 1.388888888888888928e+01 0.000000000000000000e+00 5.000000000000000000e+00
9.800000000000000000e+01 7.701812191103789118e+00 8.333333333333332149e+00 0.000000000000000000e+00 3.000000000000000000e+00
9.900000000000000000e+01 7.701812191103789118e+00 1.111111111111111072e+01 0.000000000000000000e+00 4.000000000000000000e+00
1.000000000000000000e+02 7.537067545304777738e+00 1.666666666666666430e+01 0.000000000000000000e+00 6.000000000000000000e+00
1.010000000000000000e+02 7.619439868204283428e+00 1.388888888888888928e+01 0.000000000000000000e+00 5.000000000000000000e+00
1.020000000000000000e+02 7.495881383855024005e+00 1.666666666666666430e+01 0.000000000000000000e+00 6.000000000000000000e+00
1.030000000000000000e+02 8.607907742998351708e+00 1.111111111111111072e+01 0.000000000000000000e+00 4.000000000000000000e+00
1.040000000000000000e+02 7.660626029654035385e+00 8.333333333333332149e+00 0.000000000000000000e+00 3.000000000000000000e+00
1.050000000000000000e+02 7.537067545304777738e+00 1.111111111111111072e+01 0.000000000000000000e+00 4.000000000000000000e+00
1.060000000000000000e+02 6.630971993410214260e+00 1.111111111111111072e+01 0.000000000000000000e+00 4.000000000000000000e+00
1.070000000000000000e+02 6.795716639209226528e+00 8.333333333333332149e+00 0.000000000000000000e+00 3.000000000000000000e+00
1.080000000000000000e+02 6.878088962108732218e+00 1.111111111111111072e+01 0.000000000000000000e+00 4.000000000000000000e+00
1.090000000000000000e+02 7.248764415156506935e+00 1.111111111111111072e+01 0.000000000000000000e+00 4.000000000000000000e+00
1.100000000000000000e+02 7.413509060955518315e+00 1.666666666666666430e+01 0.000000000000000000e+00 6.000000000000000000e+00
1.110000000000000000e+02 7.289950576606260668e+00 1.944444444444444642e+01 0.000000000000000000e+00 7.000000000000000000e+00
1.120000000000000000e+02 7.948929159802306188e+00 1.111111111111111072e+01 0.000000000000000000e+00 4.000000000000000000e+00
1.130000000000000000e+02 7.619439868204283428e+00 1.666666666666666430e+01 0.000000000000000000e+00 6.000000000000000000e+00
1.140000000000000000e+02 7.742998352553541075e+00 5.555555555555555358e+00 0.000000000000000000e+00 2.000000000000000000e+00
1.150000000000000000e+02 8.401976935749589259e+00 1.666666666666666430e+01 0.000000000000000000e+00 6.000000000000000000e+00
1.160000000000000000e+02 8.649093904448106329e+00 2.777777777777777857e+01 0.000000000000000000e+00 1.000000000000000000e+01
1.170000000000000000e+02 9.019769357495881934e+00 2.777777777777777857e+01 0.000000000000000000e+00 1.000000000000000000e+01
1.180000000000000000e+02 8.401976935749589259e+00 3.333333333333332860e+01 0.000000000000000000e+00 1.200000000000000000e+01
1.190000000000000000e+02 8.566721581548600639e+00 4.166666666666667140e+01 0.000000000000000000e+00 1.500000000000000000e+01
1.200000000000000000e+02 7.948929159802306188e+00 1.666666666666666430e+01 0.000000000000000000e+00 6.000000000000000000e+00
1.210000000000000000e+02 8.525535420098846018e+00 1.666666666666666430e+01 0.000000000000000000e+00 6.000000000000000000e+00
1.220000000000000000e+02 7.907742998352553343e+00 1.666666666666666430e+01 0.000000000000000000e+00 6.000000000000000000e+00
1.230000000000000000e+02 7.578253706754529695e+00 1.666666666666666430e+01 0.000000000000000000e+00 6.000000000000000000e+00
1.240000000000000000e+02 7.207578253706754978e+00 1.666666666666666430e+01 0.000000000000000000e+00 6.000000000000000000e+00
1.250000000000000000e+02 6.754530477759472795e+00 2.500000000000000000e+01 0.000000000000000000e+00 9.000000000000000000e+00
1.260000000000000000e+02 7.125205930807249288e+00 2.777777777777777857e+01 0.000000000000000000e+00 1.000000000000000000e+01
1.270000000000000000e+02 7.825370675453047653e+00 2.500000000000000000e+01 0.000000000000000000e+00 9.000000000000000000e+00
1.280000000000000000e+02 8.443163097199340328e+00 2.222222222222222143e+01 0.000000000000000000e+00 8.000000000000000000e+00
1.290000000000000000e+02 7.578253706754529695e+00 3.055555555555555358e+01 0.000000000000000000e+00 1.100000000000000000e+01
1.300000000000000000e+02 8.196046128500823258e+00 2.500000000000000000e+01 0.000000000000000000e+00 9.000000000000000000e+00
1.310000000000000000e+02 8.319604612850081793e+00 1.944444444444444642e+01 0.000000000000000000e+00 7.000000000000000000e+00
1.320000000000000000e+02 8.278418451400328948e+00 1.388888888888888928e+01 0.000000000000000000e+00 5.000000000000000000e+00
1.330000000000000000e+02 8.937397034596376244e+00 1.666666666666666430e+01 0.000000000000000000e+00 6.000000000000000000e+00
1.340000000000000000e+02 8.196046128500823258e+00 1.388888888888888928e+01 0.000000000000000000e+00 5.000000000000000000e+00
1.350000000000000000e+02 8.196046128500823258e+00 0.000000000000000000e+00 0.000000000000000000e+00 -6.000000000000000000e+03
