# step, world, group,control
0.000000000000000000e+00 2.467051070840197724e+01 2.222222222222222143e+01 2.500000000000000000e+01 8.000000000000000000e+00
1.000000000000000000e+00 2.314662273476112020e+01 1.944444444444444642e+01 2.777777777777777857e+01 7.000000000000000000e+00
2.000000000000000000e+00 2.409390444810543386e+01 2.222222222222222143e+01 1.666666666666666430e+01 8.000000000000000000e+00
3.000000000000000000e+00 2.166392092257001423e+01 1.666666666666666430e+01 1.944444444444444642e+01 6.000000000000000000e+00
4.000000000000000000e+00 2.257001647446458037e+01 2.500000000000000000e+01 3.055555555555555358e+01 9.000000000000000000e+00
5.000000000000000000e+00 2.368204283360790896e+01 1.388888888888888928e+01 1.388888888888888928e+01 5.000000000000000000e+00
6.000000000000000000e+00 2.450576606260296586e+01 2.222222222222222143e+01 1.111111111111111072e+01 8.000000000000000000e+00
7.000000000000000000e+00 2.409390444810543386e+01 2.500000000000000000e+01 1.388888888888888928e+01 9.000000000000000000e+00
8.000000000000000000e+00 2.252883031301482930e+01 1.944444444444444642e+01 2.777777777777777857e+01 7.000000000000000000e+00
9.000000000000000000e+00 2.141680395387150071e+01 3.333333333333332860e+01 3.888888888888889284e+01 1.200000000000000000e+01
1.000000000000000000e+01 2.154036243822075747e+01 3.055555555555555358e+01 3.333333333333332860e+01 1.100000000000000000e+01
1.100000000000000000e+01 2.092257001647446657e+01 2.500000000000000000e+01 3.888888888888889284e+01 9.000000000000000000e+00
1.200000000000000000e+01 2.014003294892916074e+01 1.388888888888888928e+01 3.611111111111110716e+01 5.000000000000000000e+00
1.300000000000000000e+01 1.985172981878088905e+01 1.388888888888888928e+01 4.166666666666667140e+01 5.000000000000000000e+00
1.400000000000000000e+01 1.931630971993410384e+01 1.388888888888888928e+01 2.222222222222222143e+01 5.000000000000000000e+00
1.500000000000000000e+01 1.989291598023064367e+01 2.500000000000000000e+01 3.333333333333332860e+01 9.000000000000000000e+00
1.600000000000000000e+01 1.775123558484349218e+01 1.944444444444444642e+01 3.055555555555555358e+01 7.000000000000000000e+00
1.700000000000000000e+01 1.832784184514003201e+01 8.333333333333332149e+00 4.444444444444444287e+01 3.000000000000000000e+00
1.800000000000000000e+01 1.878088962108731508e+01 1.666666666666666430e+01 3.888888888888889284e+01 6.000000000000000000e+00
1.900000000000000000e+01 1.956342668863262091e+01 1.388888888888888928e+01 3.055555555555555358e+01 5.000000000000000000e+00
2.000000000000000000e+01 1.878088962108731508e+01 5.555555555555555358e+00 3.055555555555555358e+01 2.000000000000000000e+00
2.100000000000000000e+01 1.956342668863262091e+01 5.555555555555555358e+00 2.222222222222222143e+01 2.000000000000000000e+00
2.200000000000000000e+01 1.593904448105436522e+01 8.333333333333332149e+00 2.500000000000000000e+01 3.000000000000000000e+00
2.300000000000000000e+01 1.577429983525535384e+01 8.333333333333332149e+00 3.055555555555555358e+01 3.000000000000000000e+00
2.400000000000000000e+01 1.392092257001647582e+01 1.111111111111111072e+01 3.333333333333332860e+01 4.000000000000000000e+00
2.500000000000000000e+01 1.441515650741350996e+01 8.333333333333332149e+00 1.944444444444444642e+01 3.000000000000000000e+00
2.600000000000000000e+01 1.548599670510708215e+01 0.000000000000000000e+00 2.222222222222222143e+01 -6.000000000000000000e+03
