# step, world, group,control
0.000000000000000000e+00 2.705930807248764225e+01 2.777777777777777857e+01 2.777777777777777857e+01 1.000000000000000000e+01
1.000000000000000000e+00 2.438220757825370555e+01 2.777777777777777857e+01 1.388888888888888928e+01 1.000000000000000000e+01
2.000000000000000000e+00 2.524711696869851707e+01 2.777777777777777857e+01 2.222222222222222143e+01 1.000000000000000000e+01
3.000000000000000000e+00 2.244645799011532006e+01 2.777777777777777857e+01 2.222222222222222143e+01 1.000000000000000000e+01
4.000000000000000000e+00 2.269357495881384068e+01 2.777777777777777857e+01 1.944444444444444642e+01 1.000000000000000000e+01
5.000000000000000000e+00 2.261120263591433144e+01 2.222222222222222143e+01 2.500000000000000000e+01 8.000000000000000000e+00
6.000000000000000000e+00 2.203459637561779161e+01 1.944444444444444642e+01 1.944444444444444642e+01 7.000000000000000000e+00
7.000000000000000000e+00 2.042833607907742888e+01 1.666666666666666430e+01 1.944444444444444642e+01 6.000000000000000000e+00
8.000000000000000000e+00 2.030477759472817212e+01 1.944444444444444642e+01 1.944444444444444642e+01 7.000000000000000000e+00
9.000000000000000000e+00 1.705107084019769204e+01 3.055555555555555358e+01 1.944444444444444642e+01 1.100000000000000000e+01
1.000000000000000000e+01 1.795716639209225818e+01 1.944444444444444642e+01 1.666666666666666430e+01 7.000000000000000000e+00
1.100000000000000000e+01 1.614497528830312945e+01 3.055555555555555358e+01 1.944444444444444642e+01 1.100000000000000000e+01
1.200000000000000000e+01 1.643327841845140114e+01 3.055555555555555358e+01 2.222222222222222143e+01 1.100000000000000000e+01
1.300000000000000000e+01 1.692751235584843528e+01 2.500000000000000000e+01 1.666666666666666430e+01 9.000000000000000000e+00
1.400000000000000000e+01 1.622734761120263514e+01 5.277777777777777857e+01 2.500000000000000000e+01 1.900000000000000000e+01
1.500000000000000000e+01 1.676276771004942390e+01 1.944444444444444642e+01 1.944444444444444642e+01 7.000000000000000000e+00
1.600000000000000000e+01 1.470345963756177987e+01 1.666666666666666430e+01 2.777777777777777857e+01 6.000000000000000000e+00
1.700000000000000000e+01 1.420922570016474573e+01 2.222222222222222143e+01 3.333333333333332860e+01 8.000000000000000000e+00
1.800000000000000000e+01 1.441515650741350996e+01 1.111111111111111072e+01 2.777777777777777857e+01 4.000000000000000000e+00
1.900000000000000000e+01 1.322075782537067390e+01 1.944444444444444642e+01 1.111111111111111072e+01 7.000000000000000000e+00
2.000000000000000000e+01 1.256177924217462838e+01 2.500000000000000000e+01 8.333333333333332149e+00 9.000000000000000000e+00
2.100000000000000000e+01 1.260296540362438300e+01 2.222222222222222143e+01 5.555555555555555358e+00 8.000000000000000000e+00
2.200000000000000000e+01 1.289126853377265114e+01 3.055555555555555358e+01 8.333333333333332149e+00 1.100000000000000000e+01
2.300000000000000000e+01 1.198517298187809033e+01 2.500000000000000000e+01 1.111111111111111072e+01 9.000000000000000000e+00
2.400000000000000000e+01 1.157331136738056010e+01 1.666666666666666430e+01 8.333333333333332149e+00 6.000000000000000000e+00
2.500000000000000000e+01 1.116144975288303165e+01 1.111111111111111072e+01 1.388888888888888928e+01 4.000000000000000000e+00
2.600000000000000000e+01 1.066721581548599573e+01 1.944444444444444642e+01 1.388888888888888928e+01 7.000000000000000000e+00
2.700000000000000000e+01 1.120263591433278449e+01 2.777777777777777857e+01 1.111111111111111072e+01 1.000000000000000000e+01
2.800000000000000000e+01 1.042009884678747866e+01 2.222222222222222143e+01 2.222222222222222143e+01 8.000000000000000000e+00
2.900000000000000000e+01 9.925864909390444524e+00 2.500000000000000000e+01 1.111111111111111072e+01 9.000000000000000000e+00
3.000000000000000000e+01 1.079077429983525604e+01 2.500000000000000000e+01 5.555555555555555358e+00 9.000000000000000000e+00
3.100000000000000000e+01 9.637561779242174609e+00 3.333333333333332860e+01 2.777777777777777679e+00 1.200000000000000000e+01
3.200000000000000000e+01 8.690280065897857398e+00 3.333333333333332860e+01 2.777777777777777679e+00 1.200000000000000000e+01
3.300000000000000000e+01 8.484349258649094949e+00 3.333333333333332860e+01 2.777777777777777679e+00 1.200000000000000000e+01
3.400000000000000000e+01 9.019769357495881934e+00 3.888888888888889284e+01 0.000000000000000000e+00 1.400000000000000000e+01
3.500000000000000000e+01 8.937397034596376244e+00 1.666666666666666430e+01 2.777777777777777679e+00 6.000000000000000000e+00
3.600000000000000000e+01 8.855024711696870554e+00 1.666666666666666430e+01 2.777777777777777679e+00 6.000000000000000000e+00
3.700000000000000000e+01 7.866556836902800498e+00 1.111111111111111072e+01 5.555555555555555358e+00 4.000000000000000000e+00
3.800000000000000000e+01 7.742998352553541075e+00 1.944444444444444642e+01 5.555555555555555358e+00 7.000000000000000000e+00
3.900000000000000000e+01 8.031301482701811878e+00 8.333333333333332149e+00 5.555555555555555358e+00 3.000000000000000000e+00
4.000000000000000000e+01 8.360790774299834638e+00 1.111111111111111072e+01 5.555555555555555358e+00 4.000000000000000000e+00
4.100000000000000000e+01 8.319604612850081793e+00 1.111111111111111072e+01 8.333333333333332149e+00 4.000000000000000000e+00
4.200000000000000000e+01 8.360790774299834638e+00 1.388888888888888928e+01 8.333333333333332149e+00 5.000000000000000000e+00
4.300000000000000000e+01 9.390444810543657539e+00 8.333333333333332149e+00 1.111111111111111072e+01 3.000000000000000000e+00
4.400000000000000000e+01 8.566721581548600639e+00 8.333333333333332149e+00 8.333333333333332149e+00 3.000000000000000000e+00
4.500000000000000000e+01 7.413509060955518315e+00 1.388888888888888928e+01 8.333333333333332149e+00 5.000000000000000000e+00
4.600000000000000000e+01 7.537067545304777738e+00 1.388888888888888928e+01 8.333333333333332149e+00 5.000000000000000000e+00
4.700000000000000000e+01 7.619439868204283428e+00 1.111111111111111072e+01 1.111111111111111072e+01 4.000000000000000000e+00
4.800000000000000000e+01 7.331136738056012625e+00 2.500000000000000000e+01 1.388888888888888928e+01 9.000000000000000000e+00
4.900000000000000000e+01 7.413509060955518315e+00 2.222222222222222143e+01 1.388888888888888928e+01 8.000000000000000000e+00
5.000000000000000000e+01 7.784184514003294808e+00 1.666666666666666430e+01 1.666666666666666430e+01 6.000000000000000000e+00
5.100000000000000000e+01 7.166392092257001245e+00 1.944444444444444642e+01 1.944444444444444642e+01 7.000000000000000000e+00
5.200000000000000000e+01 7.413509060955518315e+00 1.666666666666666430e+01 2.222222222222222143e+01 6.000000000000000000e+00
5.300000000000000000e+01 7.454695222405272048e+00 1.944444444444444642e+01 2.222222222222222143e+01 7.000000000000000000e+00
5.400000000000000000e+01 6.713344316309719950e+00 3.888888888888889284e+01 3.333333333333332860e+01 1.400000000000000000e+01
5.500000000000000000e+01 7.454695222405272048e+00 1.388888888888888928e+01 3.055555555555555358e+01 5.000000000000000000e+00
5.600000000000000000e+01 8.196046128500823258e+00 1.111111111111111072e+01 3.888888888888889284e+01 4.000000000000000000e+00
5.700000000000000000e+01 7.990115321252059033e+00 5.555555555555555358e+00 2.222222222222222143e+01 2.000000000000000000e+00
5.800000000000000000e+01 8.813838550247117709e+00 2.777777777777777679e+00 2.222222222222222143e+01 1.000000000000000000e+00
5.900000000000000000e+01 8.154859967051070413e+00 0.000000000000000000e+00 2.222222222222222143e+01 -6.000000000000000000e+03
