# step, world, group,control
0.000000000000000000e+00 2.611202635914332504e+01 1.388888888888888928e+01 1.944444444444444642e+01 5.000000000000000000e+00
1.000000000000000000e+00 2.528830313014827169e+01 1.666666666666666430e+01 2.777777777777777857e+01 6.000000000000000000e+00
2.000000000000000000e+00 2.355848434925864865e+01 2.500000000000000000e+01 3.333333333333332860e+01 9.000000000000000000e+00
3.000000000000000000e+00 2.306425041186161451e+01 3.333333333333332860e+01 2.222222222222222143e+01 1.200000000000000000e+01
4.000000000000000000e+00 2.203459637561779161e+01 2.222222222222222143e+01 2.777777777777777857e+01 8.000000000000000000e+00
5.000000000000000000e+00 1.972817133443163229e+01 3.333333333333332860e+01 2.500000000000000000e+01 1.200000000000000000e+01
6.000000000000000000e+00 1.985172981878088905e+01 3.611111111111110716e+01 2.222222222222222143e+01 1.300000000000000000e+01
7.000000000000000000e+00 1.812191103789126956e+01 3.888888888888889284e+01 1.944444444444444642e+01 1.400000000000000000e+01
8.000000000000000000e+00 1.939868204283360598e+01 3.055555555555555358e+01 3.333333333333332860e+01 1.100000000000000000e+01
9.000000000000000000e+00 1.795716639209225818e+01 3.333333333333332860e+01 1.666666666666666430e+01 1.200000000000000000e+01
1.000000000000000000e+01 1.725700164744645804e+01 5.000000000000000000e+01 1.111111111111111072e+01 1.800000000000000000e+01
1.100000000000000000e+01 1.598023064250411807e+01 1.944444444444444642e+01 8.333333333333332149e+00 7.000000000000000000e+00
1.200000000000000000e+01 1.622734761120263514e+01 2.222222222222222143e+01 1.388888888888888928e+01 8.000000000000000000e+00
1.300000000000000000e+01 1.396210873146622689e+01 1.111111111111111072e+01 1.111111111111111072e+01 4.000000000000000000e+00
1.400000000000000000e+01 1.342668863261943990e+01 5.555555555555555358e+00 1.388888888888888928e+01 2.000000000000000000e+00
1.500000000000000000e+01 1.338550247116968528e+01 8.333333333333332149e+00 1.388888888888888928e+01 3.000000000000000000e+00
1.600000000000000000e+01 1.326194398682042852e+01 5.555555555555555358e+00 1.944444444444444642e+01 2.000000000000000000e+00
1.700000000000000000e+01 1.317957166392092283e+01 1.111111111111111072e+01 1.388888888888888928e+01 4.000000000000000000e+00
1.800000000000000000e+01 1.243822075782536984e+01 5.555555555555555358e+00 1.388888888888888928e+01 2.000000000000000000e+00
1.900000000000000000e+01 1.256177924217462838e+01 1.111111111111111072e+01 1.388888888888888928e+01 4.000000000000000000e+00
2.000000000000000000e+01 1.243822075782536984e+01 5.555555555555555358e+00 2.500000000000000000e+01 2.000000000000000000e+00
2.100000000000000000e+01 1.412685337726523827e+01 2.777777777777777679e+00 8.333333333333332149e+00 1.000000000000000000e+00
2.200000000000000000e+01 1.359143327841845306e+01 5.555555555555555358e+00 5.555555555555555358e+00 2.000000000000000000e+00
2.300000000000000000e+01 1.375617792421746444e+01 8.333333333333332149e+00 8.333333333333332149e+00 3.000000000000000000e+00
2.400000000000000000e+01 1.404448105436573435e+01 2.777777777777777679e+00 8.333333333333332149e+00 1.000000000000000000e+00
2.500000000000000000e+01 1.433278418451400249e+01 5.555555555555555358e+00 1.388888888888888928e+01 2.000000000000000000e+00
2.600000000000000000e+01 1.239703459637561878e+01 1.388888888888888928e+01 1.111111111111111072e+01 5.000000000000000000e+00
2.700000000000000000e+01 1.301482701812190967e+01 1.111111111111111072e+01 1.666666666666666430e+01 4.000000000000000000e+00
2.800000000000000000e+01 1.112026359143327880e+01 2.222222222222222143e+01 1.944444444444444642e+01 8.000000000000000000e+00
2.900000000000000000e+01 1.132619439868204303e+01 1.388888888888888928e+01 2.777777777777777857e+01 5.000000000000000000e+00
3.000000000000000000e+01 1.161449752883031294e+01 1.388888888888888928e+01 2.222222222222222143e+01 5.000000000000000000e+00
3.100000000000000000e+01 1.099670510708401849e+01 3.055555555555555358e+01 2.777777777777777857e+01 1.100000000000000000e+01
3.200000000000000000e+01 1.256177924217462838e+01 1.111111111111111072e+01 2.222222222222222143e+01 4.000000000000000000e+00
3.300000000000000000e+01 1.198517298187809033e+01 2.222222222222222143e+01 3.055555555555555358e+01 8.000000000000000000e+00
3.400000000000000000e+01 1.256177924217462838e+01 3.333333333333332860e+01 3.333333333333332860e+01 1.200000000000000000e+01
3.500000000000000000e+01 1.214991762767710171e+01 1.111111111111111072e+01 2.222222222222222143e+01 4.000000000000000000e+00
3.600000000000000000e+01 1.367380560131795697e+01 1.388888888888888928e+01 2.222222222222222143e+01 5.000000000000000000e+00
3.700000000000000000e+01 1.210873146622734708e+01 1.111111111111111072e+01 4.166666666666667140e+01 4.000000000000000000e+00
3.800000000000000000e+01 1.186161449752883001e+01 1.111111111111111072e+01 4.166666666666667140e+01 4.000000000000000000e+00
3.900000000000000000e+01 1.239703459637561878e+01 1.666666666666666430e+01 2.500000000000000000e+01 6.000000000000000000e+00
4.000000000000000000e+01 1.140856672158154872e+01 1.388888888888888928e+01 5.000000000000000000e+01 5.000000000000000000e+00
4.100000000000000000e+01 1.219110378912685277e+01 1.111111111111111072e+01 3.888888888888889284e+01 4.000000000000000000e+00
4.200000000000000000e+01 1.091433278418451280e+01 1.666666666666666430e+01 3.333333333333332860e+01 6.000000000000000000e+00
4.300000000000000000e+01 1.140856672158154872e+01 1.944444444444444642e+01 3.611111111111110716e+01 7.000000000000000000e+00
4.400000000000000000e+01 1.042009884678747866e+01 2.222222222222222143e+01 3.055555555555555358e+01 8.000000000000000000e+00
4.500000000000000000e+01 1.037891268533772759e+01 1.944444444444444642e+01 3.611111111111110716e+01 7.000000000000000000e+00
4.600000000000000000e+01 9.967051070840197369e+00 3.333333333333332860e+01 1.388888888888888928e+01 1.200000000000000000e+01
4.700000000000000000e+01 9.266886326194399004e+00 1.944444444444444642e+01 1.111111111111111072e+01 7.000000000000000000e+00
4.800000000000000000e+01 9.884678747940691679e+00 2.500000000000000000e+01 1.111111111111111072e+01 9.000000000000000000e+00
4.900000000000000000e+01 9.802306425041185989e+00 2.777777777777777857e+01 8.333333333333332149e+00 1.000000000000000000e+01
5.000000000000000000e+01 1.021416803953871444e+01 3.055555555555555358e+01 5.555555555555555358e+00 1.100000000000000000e+01
5.100000000000000000e+01 9.266886326194399004e+00 2.500000000000000000e+01 8.333333333333332149e+00 9.000000000000000000e+00
5.200000000000000000e+01 9.431630971993410384e+00 2.777777777777777857e+01 8.333333333333332149e+00 1.000000000000000000e+01
5.300000000000000000e+01 9.719934102141680299e+00 1.666666666666666430e+01 8.333333333333332149e+00 6.000000000000000000e+00
5.400000000000000000e+01 9.019769357495881934e+00 1.666666666666666430e+01 5.555555555555555358e+00 6.000000000000000000e+00
5.500000000000000000e+01 1.066721581548599573e+01 1.111111111111111072e+01 0.000000000000000000e+00 4.000000000000000000e+00
5.600000000000000000e+01 8.731466227347612019e+00 1.388888888888888928e+01 0.000000000000000000e+00 5.000000000000000000e+00
5.700000000000000000e+01 8.978583196046129089e+00 1.944444444444444642e+01 0.000000000000000000e+00 7.000000000000000000e+00
5.800000000000000000e+01 8.031301482701811878e+00 1.944444444444444642e+01 0.000000000000000000e+00 7.000000000000000000e+00
5.900000000000000000e+01 8.154859967051070413e+00 2.222222222222222143e+01 0.000000000000000000e+00 8.000000000000000000e+00
6.000000000000000000e+01 7.907742998352553343e+00 2.500000000000000000e+01 0.000000000000000000e+00 9.000000000000000000e+00
6.100000000000000000e+01 8.319604612850081793e+00 3.611111111111110716e+01 0.000000000000000000e+00 1.300000000000000000e+01
6.200000000000000000e+01 6.836902800658978485e+00 3.333333333333332860e+01 0.000000000000000000e+00 1.200000000000000000e+01
6.300000000000000000e+01 7.784184514003294808e+00 3.888888888888889284e+01 0.000000000000000000e+00 1.400000000000000000e+01
6.400000000000000000e+01 7.784184514003294808e+00 2.222222222222222143e+01 0.000000000000000000e+00 8.000000000000000000e+00
6.500000000000000000e+01 7.578253706754529695e+00 3.888888888888889284e+01 0.000000000000000000e+00 1.400000000000000000e+01
6.600000000000000000e+01 7.495881383855024005e+00 3.333333333333332860e+01 0.000000000000000000e+00 1.200000000000000000e+01
6.700000000000000000e+01 7.454695222405272048e+00 3.888888888888889284e+01 0.000000000000000000e+00 1.400000000000000000e+01
6.800000000000000000e+01 7.289950576606260668e+00 3.888888888888889284e+01 0.000000000000000000e+00 1.400000000000000000e+01
6.900000000000000000e+01 7.248764415156506935e+00 3.611111111111110716e+01 0.000000000000000000e+00 1.300000000000000000e+01
7.000000000000000000e+01 7.331136738056012625e+00 3.055555555555555358e+01 0.000000000000000000e+00 1.100000000000000000e+01
7.100000000000000000e+01 7.001647446457989865e+00 3.333333333333332860e+01 0.000000000000000000e+00 1.200000000000000000e+01
7.200000000000000000e+01 7.454695222405272048e+00 3.333333333333332860e+01 0.000000000000000000e+00 1.200000000000000000e+01
7.300000000000000000e+01 7.495881383855024005e+00 2.500000000000000000e+01 0.000000000000000000e+00 9.000000000000000000e+00
7.400000000000000000e+01 7.948929159802306188e+00 1.944444444444444642e+01 0.000000000000000000e+00 7.000000000000000000e+00
7.500000000000000000e+01 7.413509060955518315e+00 1.388888888888888928e+01 0.000000000000000000e+00 5.000000000000000000e+00
7.600000000000000000e+01 7.660626029654035385e+00 1.944444444444444642e+01 0.000000000000000000e+00 7.000000000000000000e+00
7.700000000000000000e+01 7.578253706754529695e+00 1.666666666666666430e+01 0.000000000000000000e+00 6.000000000000000000e+00
7.800000000000000000e+01 7.207578253706754978e+00 1.944444444444444642e+01 0.000000000000000000e+00 7.000000000000000000e+00
7.900000000000000000e+01 6.754530477759472795e+00 2.500000000000000000e+01 0.000000000000000000e+00 9.000000000000000000e+00
8.000000000000000000e+01 7.166392092257001245e+00 2.222222222222222143e+01 0.000000000000000000e+00 8.000000000000000000e+00
8.100000000000000000e+01 7.454695222405272048e+00 2.777777777777777857e+01 0.000000000000000000e+00 1.000000000000000000e+01
8.200000000000000000e+01 6.878088962108732218e+00 2.500000000000000000e+01 0.000000000000000000e+00 9.000000000000000000e+00
8.300000000000000000e+01 6.836902800658978485e+00 4.166666666666667140e+01 0.000000000000000000e+00 1.500000000000000000e+01
8.400000000000000000e+01 7.331136738056012625e+00 1.666666666666666430e+01 0.000000000000000000e+00 6.000000000000000000e+00
8.500000000000000000e+01 6.589785831960461415e+00 2.777777777777777857e+01 0.000000000000000000e+00 1.000000000000000000e+01
8.600000000000000000e+01 6.219110378912684922e+00 2.222222222222222143e+01 0.000000000000000000e+00 8.000000000000000000e+00
8.700000000000000000e+01 6.219110378912684922e+00 3.055555555555555358e+01 0.000000000000000000e+00 1.100000000000000000e+01
8.800000000000000000e+01 6.919275123558484175e+00 3.055555555555555358e+01 0.000000000000000000e+00 1.100000000000000000e+01
8.900000000000000000e+01 6.425041186161449147e+00 3.888888888888889284e+01 0.000000000000000000e+00 1.400000000000000000e+01
9.000000000000000000e+01 6.713344316309719950e+00 4.166666666666667140e+01 0.000000000000000000e+00 1.500000000000000000e+01
9.100000000000000000e+01 6.425041186161449147e+00 1.944444444444444642e+01 0.000000000000000000e+00 7.000000000000000000e+00
9.200000000000000000e+01 7.084019769357495555e+00 3.888888888888889284e+01 0.000000000000000000e+00 1.400000000000000000e+01
9.300000000000000000e+01 6.219110378912684922e+00 2.500000000000000000e+01 0.000000000000000000e+00 9.000000000000000000e+00
9.400000000000000000e+01 5.889621087314662162e+00 1.944444444444444642e+01 0.000000000000000000e+00 7.000000000000000000e+00
9.500000000000000000e+01 5.848434925864909317e+00 2.222222222222222143e+01 0.000000000000000000e+00 8.000000000000000000e+00
9.600000000000000000e+01 6.342668863261943457e+00 1.944444444444444642e+01 0.000000000000000000e+00 7.000000000000000000e+00
9.700000000000000000e+01 6.136738056013179232e+00 3.055555555555555358e+01 0.000000000000000000e+00 1.100000000000000000e+01
9.800000000000000000e+01 6.260296540362437767e+00 1.944444444444444642e+01 0.000000000000000000e+00 7.000000000000000000e+00
9.900000000000000000e+01 6.383855024711697190e+00 2.500000000000000000e+01 0.000000000000000000e+00 9.000000000000000000e+00
1.000000000000000000e+02 7.084019769357495555e+00 1.944444444444444642e+01 0.000000000000000000e+00 7.000000000000000000e+00
1.010000000000000000e+02 6.754530477759472795e+00 1.666666666666666430e+01 0.000000000000000000e+00 6.000000000000000000e+00
1.020000000000000000e+02 6.878088962108732218e+00 1.944444444444444642e+01 0.000000000000000000e+00 7.000000000000000000e+00
1.030000000000000000e+02 6.589785831960461415e+00 1.111111111111111072e+01 0.000000000000000000e+00 4.000000000000000000e+00
1.040000000000000000e+02 7.042833607907743598e+00 1.111111111111111072e+01 0.000000000000000000e+00 4.000000000000000000e+00
1.050000000000000000e+02 6.836902800658978485e+00 8.333333333333332149e+00 0.000000000000000000e+00 3.000000000000000000e+00
1.060000000000000000e+02 7.372322899505766358e+00 1.111111111111111072e+01 0.000000000000000000e+00 4.000000000000000000e+00
1.070000000000000000e+02 7.125205930807249288e+00 5.555555555555555358e+00 0.000000000000000000e+00 2.000000000000000000e+00
1.080000000000000000e+02 7.207578253706754978e+00 2.222222222222222143e+01 0.000000000000000000e+00 8.000000000000000000e+00
1.090000000000000000e+02 7.825370675453047653e+00 1.388888888888888928e+01 0.000000000000000000e+00 5.000000000000000000e+00
1.100000000000000000e+02 7.248764415156506935e+00 2.777777777777777857e+01 0.000000000000000000e+00 1.000000000000000000e+01
1.110000000000000000e+02 7.166392092257001245e+00 1.944444444444444642e+01 0.000000000000000000e+00 7.000000000000000000e+00
1.120000000000000000e+02 6.507413509060954837e+00 2.777777777777777857e+01 0.000000000000000000e+00 1.000000000000000000e+01
1.130000000000000000e+02 7.248764415156506935e+00 2.222222222222222143e+01 0.000000000000000000e+00 8.000000000000000000e+00
1.140000000000000000e+02 7.454695222405272048e+00 2.777777777777777857e+01 0.000000000000000000e+00 1.000000000000000000e+01
1.150000000000000000e+02 7.742998352553541075e+00 1.944444444444444642e+01 0.000000000000000000e+00 7.000000000000000000e+00
1.160000000000000000e+02 8.278418451400328948e+00 1.666666666666666430e+01 0.000000000000000000e+00 6.000000000000000000e+00
1.170000000000000000e+02 8.360790774299834638e+00 2.500000000000000000e+01 0.000000000000000000e+00 9.000000000000000000e+00
1.180000000000000000e+02 9.308072487644151849e+00 2.777777777777777857e+01 0.000000000000000000e+00 1.000000000000000000e+01
1.190000000000000000e+02 8.525535420098846018e+00 2.777777777777777857e+01 0.000000000000000000e+00 1.000000000000000000e+01
1.200000000000000000e+02 8.855024711696870554e+00 1.944444444444444642e+01 0.000000000000000000e+00 7.000000000000000000e+00
1.210000000000000000e+02 9.102141680395387624e+00 2.500000000000000000e+01 0.000000000000000000e+00 9.000000000000000000e+00
1.220000000000000000e+02 9.225700164744646159e+00 3.888888888888889284e+01 0.000000000000000000e+00 1.400000000000000000e+01
1.230000000000000000e+02 8.401976935749589259e+00 3.333333333333332860e+01 0.000000000000000000e+00 1.200000000000000000e+01
1.240000000000000000e+02 8.690280065897857398e+00 1.666666666666666430e+01 0.000000000000000000e+00 6.000000000000000000e+00
1.250000000000000000e+02 8.978583196046129089e+00 3.888888888888889284e+01 0.000000000000000000e+00 1.400000000000000000e+01
1.260000000000000000e+02 9.802306425041185989e+00 2.500000000000000000e+01 0.000000000000000000e+00 9.000000000000000000e+00
1.270000000000000000e+02 9.719934102141680299e+00 1.666666666666666430e+01 0.000000000000000000e+00 6.000000000000000000e+00
1.280000000000000000e+02 9.431630971993410384e+00 2.500000000000000000e+01 0.000000000000000000e+00 9.000000000000000000e+00
1.290000000000000000e+02 1.046128500823723328e+01 1.944444444444444642e+01 0.000000000000000000e+00 7.000000000000000000e+00
1.300000000000000000e+02 9.925864909390444524e+00 2.222222222222222143e+01 0.000000000000000000e+00 8.000000000000000000e+00
1.310000000000000000e+02 9.637561779242174609e+00 2.777777777777777857e+01 0.000000000000000000e+00 1.000000000000000000e+01
1.320000000000000000e+02 1.066721581548599573e+01 1.666666666666666430e+01 0.000000000000000000e+00 6.000000000000000000e+00
1.330000000000000000e+02 1.054365733113673897e+01 2.500000000000000000e+01 0.000000000000000000e+00 9.000000000000000000e+00
1.340000000000000000e+02 1.095551894563426742e+01 2.222222222222222143e+01 0.000000000000000000e+00 8.000000000000000000e+00
1.350000000000000000e+02 9.761120263591433144e+00 3.333333333333332860e+01 0.000000000000000000e+00 1.200000000000000000e+01
1.360000000000000000e+02 1.050247116968698435e+01 3.055555555555555358e+01 0.000000000000000000e+00 1.100000000000000000e+01
1.370000000000000000e+02 8.525535420098846018e+00 2.500000000000000000e+01 0.000000000000000000e+00 9.000000000000000000e+00
1.380000000000000000e+02 8.607907742998351708e+00 2.222222222222222143e+01 0.000000000000000000e+00 8.000000000000000000e+00
1.390000000000000000e+02 8.401976935749589259e+00 2.222222222222222143e+01 0.000000000000000000e+00 8.000000000000000000e+00
1.400000000000000000e+02 8.649093904448106329e+00 3.055555555555555358e+01 0.000000000000000000e+00 1.100000000000000000e+01
1.410000000000000000e+02 9.019769357495881934e+00 3.055555555555555358e+01 2.777777777777777679e+00 1.100000000000000000e+01
1.420000000000000000e+02 8.196046128500823258e+00 3.333333333333332860e+01 5.555555555555555358e+00 1.200000000000000000e+01
1.430000000000000000e+02 7.701812191103789118e+00 3.611111111111110716e+01 5.555555555555555358e+00 1.300000000000000000e+01
1.440000000000000000e+02 7.372322899505766358e+00 4.166666666666667140e+01 5.555555555555555358e+00 1.500000000000000000e+01
1.450000000000000000e+02 7.537067545304777738e+00 3.055555555555555358e+01 5.555555555555555358e+00 1.100000000000000000e+01
1.460000000000000000e+02 7.866556836902800498e+00 1.944444444444444642e+01 2.777777777777777679e+00 7.000000000000000000e+00
1.470000000000000000e+02 8.072487644151564723e+00 3.611111111111110716e+01 0.000000000000000000e+00 1.300000000000000000e+01
1.480000000000000000e+02 8.196046128500823258e+00 3.333333333333332860e+01 0.000000000000000000e+00 1.200000000000000000e+01
1.490000000000000000e+02 8.072487644151564723e+00 3.888888888888889284e+01 0.000000000000000000e+00 1.400000000000000000e+01
1.500000000000000000e+02 8.072487644151564723e+00 3.055555555555555358e+01 0.000000000000000000e+00 1.100000000000000000e+01
1.510000000000000000e+02 8.237232289950576103e+00 3.611111111111110716e+01 0.000000000000000000e+00 1.300000000000000000e+01
1.520000000000000000e+02 8.690280065897857398e+00 2.222222222222222143e+01 0.000000000000000000e+00 8.000000000000000000e+00
1.530000000000000000e+02 8.978583196046129089e+00 1.666666666666666430e+01 0.000000000000000000e+00 6.000000000000000000e+00
1.540000000000000000e+02 8.649093904448106329e+00 2.500000000000000000e+01 0.000000000000000000e+00 9.000000000000000000e+00
1.550000000000000000e+02 9.555189456342668919e+00 1.666666666666666430e+01 0.000000000000000000e+00 6.000000000000000000e+00
1.560000000000000000e+02 9.596375617792421764e+00 8.333333333333332149e+00 0.000000000000000000e+00 3.000000000000000000e+00
1.570000000000000000e+02 1.013179571663920875e+01 5.555555555555555358e+00 0.000000000000000000e+00 2.000000000000000000e+00
1.580000000000000000e+02 1.042009884678747866e+01 5.555555555555555358e+00 0.000000000000000000e+00 2.000000000000000000e+00
1.590000000000000000e+02 1.091433278418451280e+01 5.555555555555555358e+00 0.000000000000000000e+00 2.000000000000000000e+00
1.600000000000000000e+02 1.070840197693575035e+01 5.555555555555555358e+00 0.000000000000000000e+00 2.000000000000000000e+00
1.610000000000000000e+02 1.149093904448105441e+01 5.555555555555555358e+00 0.000000000000000000e+00 2.000000000000000000e+00
1.620000000000000000e+02 1.132619439868204303e+01 2.777777777777777679e+00 0.000000000000000000e+00 1.000000000000000000e+00
1.630000000000000000e+02 1.186161449752883001e+01 2.777777777777777679e+00 0.000000000000000000e+00 1.000000000000000000e+00
1.640000000000000000e+02 1.062602965403624466e+01 0.000000000000000000e+00 0.000000000000000000e+00 -6.000000000000000000e+03
