# step, world, group,control
0.000000000000000000e+00 2.652388797364085704e+01 2.777777777777777857e+01 4.166666666666667140e+01 1.000000000000000000e+01
1.000000000000000000e+00 2.388797364085667141e+01 3.333333333333332860e+01 1.666666666666666430e+01 1.200000000000000000e+01
2.000000000000000000e+00 2.372322899505766003e+01 2.222222222222222143e+01 1.388888888888888928e+01 8.000000000000000000e+00
3.000000000000000000e+00 2.211696869851729730e+01 2.777777777777777857e+01 1.111111111111111072e+01 1.000000000000000000e+01
4.000000000000000000e+00 2.219934102141680299e+01 2.500000000000000000e+01 5.555555555555555358e+00 9.000000000000000000e+00
5.000000000000000000e+00 2.046952224052718350e+01 3.888888888888889284e+01 2.777777777777777679e+00 1.400000000000000000e+01
6.000000000000000000e+00 1.935749588138385491e+01 2.500000000000000000e+01 8.333333333333332149e+00 9.000000000000000000e+00
7.000000000000000000e+00 1.795716639209225818e+01 3.055555555555555358e+01 8.333333333333332149e+00 1.100000000000000000e+01
8.000000000000000000e+00 1.725700164744645804e+01 4.166666666666667140e+01 8.333333333333332149e+00 1.500000000000000000e+01
9.000000000000000000e+00 1.808072487644151494e+01 3.333333333333332860e+01 1.111111111111111072e+01 1.200000000000000000e+01
1.000000000000000000e+01 1.828665568369028094e+01 2.222222222222222143e+01 1.111111111111111072e+01 8.000000000000000000e+00
1.100000000000000000e+01 1.746293245469522404e+01 3.055555555555555358e+01 1.666666666666666430e+01 1.100000000000000000e+01
1.200000000000000000e+01 1.659802306425041252e+01 3.888888888888889284e+01 1.944444444444444642e+01 1.400000000000000000e+01
1.300000000000000000e+01 1.684514003294892959e+01 5.000000000000000000e+01 1.944444444444444642e+01 1.800000000000000000e+01
1.400000000000000000e+01 1.569192751235584993e+01 3.333333333333332860e+01 3.055555555555555358e+01 1.200000000000000000e+01
1.500000000000000000e+01 1.573311367380560100e+01 2.777777777777777857e+01 2.500000000000000000e+01 1.000000000000000000e+01
1.600000000000000000e+01 1.486820428336079125e+01 3.888888888888889284e+01 2.222222222222222143e+01 1.400000000000000000e+01
1.700000000000000000e+01 1.474464579901153272e+01 3.611111111111110716e+01 1.944444444444444642e+01 1.300000000000000000e+01
1.800000000000000000e+01 1.482701812191103663e+01 3.611111111111110716e+01 2.500000000000000000e+01 1.300000000000000000e+01
1.900000000000000000e+01 1.569192751235584993e+01 3.611111111111110716e+01 1.666666666666666430e+01 1.300000000000000000e+01
2.000000000000000000e+01 1.593904448105436522e+01 3.055555555555555358e+01 1.111111111111111072e+01 1.100000000000000000e+01
2.100000000000000000e+01 1.532125205930807077e+01 3.333333333333332860e+01 0.000000000000000000e+00 1.200000000000000000e+01
2.200000000000000000e+01 1.466227347611202525e+01 3.333333333333332860e+01 0.000000000000000000e+00 1.200000000000000000e+01
2.300000000000000000e+01 1.544481054365733108e+01 1.944444444444444642e+01 0.000000000000000000e+00 7.000000000000000000e+00
2.400000000000000000e+01 1.367380560131795697e+01 3.888888888888889284e+01 0.000000000000000000e+00 1.400000000000000000e+01
2.500000000000000000e+01 1.359143327841845306e+01 2.500000000000000000e+01 0.000000000000000000e+00 9.000000000000000000e+00
2.600000000000000000e+01 1.338550247116968528e+01 3.333333333333332860e+01 0.000000000000000000e+00 1.200000000000000000e+01
2.700000000000000000e+01 1.285008237232289829e+01 3.055555555555555358e+01 0.000000000000000000e+00 1.100000000000000000e+01
2.800000000000000000e+01 1.280889621087314723e+01 2.777777777777777857e+01 0.000000000000000000e+00 1.000000000000000000e+01
2.900000000000000000e+01 1.182042833607907717e+01 1.944444444444444642e+01 0.000000000000000000e+00 7.000000000000000000e+00
3.000000000000000000e+01 1.153212520593080725e+01 1.111111111111111072e+01 0.000000000000000000e+00 4.000000000000000000e+00
3.100000000000000000e+01 1.140856672158154872e+01 1.388888888888888928e+01 0.000000000000000000e+00 5.000000000000000000e+00
3.200000000000000000e+01 1.087314662273476173e+01 2.222222222222222143e+01 2.777777777777777679e+00 8.000000000000000000e+00
3.300000000000000000e+01 1.095551894563426742e+01 2.500000000000000000e+01 5.555555555555555358e+00 9.000000000000000000e+00
3.400000000000000000e+01 1.095551894563426742e+01 3.333333333333332860e+01 5.555555555555555358e+00 1.200000000000000000e+01
3.500000000000000000e+01 1.029654036243822013e+01 3.611111111111110716e+01 2.777777777777777679e+00 1.300000000000000000e+01
3.600000000000000000e+01 1.042009884678747866e+01 2.777777777777777857e+01 0.000000000000000000e+00 1.000000000000000000e+01
3.700000000000000000e+01 9.761120263591433144e+00 3.888888888888889284e+01 0.000000000000000000e+00 1.400000000000000000e+01
3.800000000000000000e+01 1.009060955518945590e+01 2.500000000000000000e+01 0.000000000000000000e+00 9.000000000000000000e+00
3.900000000000000000e+01 1.099670510708401849e+01 1.388888888888888928e+01 0.000000000000000000e+00 5.000000000000000000e+00
4.000000000000000000e+01 1.169686985172981863e+01 1.666666666666666430e+01 0.000000000000000000e+00 6.000000000000000000e+00
4.100000000000000000e+01 1.194398682042833570e+01 1.944444444444444642e+01 0.000000000000000000e+00 7.000000000000000000e+00
4.200000000000000000e+01 1.223228995057660740e+01 1.666666666666666430e+01 0.000000000000000000e+00 6.000000000000000000e+00
4.300000000000000000e+01 1.309719934102141714e+01 2.777777777777777857e+01 0.000000000000000000e+00 1.000000000000000000e+01
4.400000000000000000e+01 1.231466227347611309e+01 2.500000000000000000e+01 0.000000000000000000e+00 9.000000000000000000e+00
4.500000000000000000e+01 1.317957166392092283e+01 3.055555555555555358e+01 0.000000000000000000e+00 1.100000000000000000e+01
4.600000000000000000e+01 1.206754530477759602e+01 2.222222222222222143e+01 0.000000000000000000e+00 8.000000000000000000e+00
4.700000000000000000e+01 1.231466227347611309e+01 1.944444444444444642e+01 0.000000000000000000e+00 7.000000000000000000e+00
4.800000000000000000e+01 1.227347611202635846e+01 3.333333333333332860e+01 0.000000000000000000e+00 1.200000000000000000e+01
4.900000000000000000e+01 1.289126853377265114e+01 1.944444444444444642e+01 0.000000000000000000e+00 7.000000000000000000e+00
5.000000000000000000e+01 1.301482701812190967e+01 2.500000000000000000e+01 0.000000000000000000e+00 9.000000000000000000e+00
5.100000000000000000e+01 1.400329489291597973e+01 2.777777777777777857e+01 0.000000000000000000e+00 1.000000000000000000e+01
5.200000000000000000e+01 1.289126853377265114e+01 2.777777777777777857e+01 0.000000000000000000e+00 1.000000000000000000e+01
5.300000000000000000e+01 1.379736408566721551e+01 3.333333333333332860e+01 0.000000000000000000e+00 1.200000000000000000e+01
5.400000000000000000e+01 1.289126853377265114e+01 3.333333333333332860e+01 0.000000000000000000e+00 1.200000000000000000e+01
5.500000000000000000e+01 1.367380560131795697e+01 3.333333333333332860e+01 0.000000000000000000e+00 1.200000000000000000e+01
5.600000000000000000e+01 1.289126853377265114e+01 3.333333333333332860e+01 0.000000000000000000e+00 1.200000000000000000e+01
5.700000000000000000e+01 1.375617792421746444e+01 4.722222222222222854e+01 0.000000000000000000e+00 1.700000000000000000e+01
5.800000000000000000e+01 1.313838550247116999e+01 3.333333333333332860e+01 0.000000000000000000e+00 1.200000000000000000e+01
5.900000000000000000e+01 1.437397034596375711e+01 3.611111111111110716e+01 0.000000000000000000e+00 1.300000000000000000e+01
6.000000000000000000e+01 1.330313014827018137e+01 3.611111111111110716e+01 0.000000000000000000e+00 1.300000000000000000e+01
6.100000000000000000e+01 1.457990115321252134e+01 3.888888888888889284e+01 0.000000000000000000e+00 1.400000000000000000e+01
6.200000000000000000e+01 1.367380560131795697e+01 3.888888888888889284e+01 0.000000000000000000e+00 1.400000000000000000e+01
6.300000000000000000e+01 1.528006589785831970e+01 5.555555555555555713e+01 0.000000000000000000e+00 2.000000000000000000e+01
6.400000000000000000e+01 1.560955518945634246e+01 1.666666666666666430e+01 0.000000000000000000e+00 6.000000000000000000e+00
6.500000000000000000e+01 1.445634266886326103e+01 1.388888888888888928e+01 0.000000000000000000e+00 5.000000000000000000e+00
6.600000000000000000e+01 1.412685337726523827e+01 2.222222222222222143e+01 0.000000000000000000e+00 8.000000000000000000e+00
6.700000000000000000e+01 1.350906095551894559e+01 1.944444444444444642e+01 0.000000000000000000e+00 7.000000000000000000e+00
6.800000000000000000e+01 1.457990115321252134e+01 1.388888888888888928e+01 0.000000000000000000e+00 5.000000000000000000e+00
6.900000000000000000e+01 1.326194398682042852e+01 2.500000000000000000e+01 0.000000000000000000e+00 9.000000000000000000e+00
7.000000000000000000e+01 1.260296540362438300e+01 2.777777777777777857e+01 0.000000000000000000e+00 1.000000000000000000e+01
7.100000000000000000e+01 1.169686985172981863e+01 2.777777777777777857e+01 0.000000000000000000e+00 1.000000000000000000e+01
7.200000000000000000e+01 1.099670510708401849e+01 2.500000000000000000e+01 0.000000000000000000e+00 9.000000000000000000e+00
7.300000000000000000e+01 1.079077429983525604e+01 2.500000000000000000e+01 0.000000000000000000e+00 9.000000000000000000e+00
7.400000000000000000e+01 1.169686985172981863e+01 2.500000000000000000e+01 0.000000000000000000e+00 9.000000000000000000e+00
7.500000000000000000e+01 1.136738056013179587e+01 1.944444444444444642e+01 0.000000000000000000e+00 7.000000000000000000e+00
7.600000000000000000e+01 1.161449752883031294e+01 1.666666666666666430e+01 0.000000000000000000e+00 6.000000000000000000e+00
7.700000000000000000e+01 1.103789126853377311e+01 1.944444444444444642e+01 0.000000000000000000e+00 7.000000000000000000e+00
7.800000000000000000e+01 1.235584843492586415e+01 1.944444444444444642e+01 0.000000000000000000e+00 7.000000000000000000e+00
7.900000000000000000e+01 9.678747940691927454e+00 3.888888888888889284e+01 0.000000000000000000e+00 1.400000000000000000e+01
8.000000000000000000e+01 1.013179571663920875e+01 1.944444444444444642e+01 0.000000000000000000e+00 7.000000000000000000e+00
8.100000000000000000e+01 1.004942339373970306e+01 2.777777777777777857e+01 0.000000000000000000e+00 1.000000000000000000e+01
8.200000000000000000e+01 1.079077429983525604e+01 3.888888888888889284e+01 0.000000000000000000e+00 1.400000000000000000e+01
8.300000000000000000e+01 1.000823723228995021e+01 3.055555555555555358e+01 0.000000000000000000e+00 1.100000000000000000e+01
8.400000000000000000e+01 1.050247116968698435e+01 4.444444444444444287e+01 0.000000000000000000e+00 1.600000000000000000e+01
8.500000000000000000e+01 9.761120263591433144e+00 4.444444444444444287e+01 0.000000000000000000e+00 1.600000000000000000e+01
8.600000000000000000e+01 1.116144975288303165e+01 4.722222222222222854e+01 0.000000000000000000e+00 1.700000000000000000e+01
8.700000000000000000e+01 1.066721581548599573e+01 2.222222222222222143e+01 0.000000000000000000e+00 8.000000000000000000e+00
8.800000000000000000e+01 1.046128500823723328e+01 4.166666666666667140e+01 0.000000000000000000e+00 1.500000000000000000e+01
8.900000000000000000e+01 1.021416803953871444e+01 3.333333333333332860e+01 0.000000000000000000e+00 1.200000000000000000e+01
9.000000000000000000e+01 9.266886326194399004e+00 2.500000000000000000e+01 0.000000000000000000e+00 9.000000000000000000e+00
9.100000000000000000e+01 9.308072487644151849e+00 3.333333333333332860e+01 0.000000000000000000e+00 1.200000000000000000e+01
9.200000000000000000e+01 8.401976935749589259e+00 3.888888888888889284e+01 0.000000000000000000e+00 1.400000000000000000e+01
9.300000000000000000e+01 8.690280065897857398e+00 3.055555555555555358e+01 0.000000000000000000e+00 1.100000000000000000e+01
9.400000000000000000e+01 9.349258649093904694e+00 1.944444444444444642e+01 0.000000000000000000e+00 7.000000000000000000e+00
9.500000000000000000e+01 9.143327841845140469e+00 3.888888888888889284e+01 0.000000000000000000e+00 1.400000000000000000e+01
9.600000000000000000e+01 9.761120263591433144e+00 3.888888888888889284e+01 0.000000000000000000e+00 1.400000000000000000e+01
9.700000000000000000e+01 1.025535420098846728e+01 3.055555555555555358e+01 0.000000000000000000e+00 1.100000000000000000e+01
9.800000000000000000e+01 1.042009884678747866e+01 2.500000000000000000e+01 0.000000000000000000e+00 9.000000000000000000e+00
9.900000000000000000e+01 1.025535420098846728e+01 2.777777777777777857e+01 0.000000000000000000e+00 1.000000000000000000e+01
1.000000000000000000e+02 1.004942339373970306e+01 3.055555555555555358e+01 0.000000000000000000e+00 1.100000000000000000e+01
1.010000000000000000e+02 1.017298187808896159e+01 2.222222222222222143e+01 0.000000000000000000e+00 8.000000000000000000e+00
1.020000000000000000e+02 1.033772652388797297e+01 1.666666666666666430e+01 0.000000000000000000e+00 6.000000000000000000e+00
1.030000000000000000e+02 9.102141680395387624e+00 2.777777777777777857e+01 0.000000000000000000e+00 1.000000000000000000e+01
1.040000000000000000e+02 9.431630971993410384e+00 2.222222222222222143e+01 0.000000000000000000e+00 8.000000000000000000e+00
1.050000000000000000e+02 7.825370675453047653e+00 1.666666666666666430e+01 0.000000000000000000e+00 6.000000000000000000e+00
1.060000000000000000e+02 7.660626029654035385e+00 1.666666666666666430e+01 0.000000000000000000e+00 6.000000000000000000e+00
1.070000000000000000e+02 7.084019769357495555e+00 2.500000000000000000e+01 0.000000000000000000e+00 9.000000000000000000e+00
1.080000000000000000e+02 7.537067545304777738e+00 2.777777777777777857e+01 0.000000000000000000e+00 1.000000000000000000e+01
1.090000000000000000e+02 7.331136738056012625e+00 1.111111111111111072e+01 0.000000000000000000e+00 4.000000000000000000e+00
1.100000000000000000e+02 8.113673805601317568e+00 2.500000000000000000e+01 0.000000000000000000e+00 9.000000000000000000e+00
1.110000000000000000e+02 8.607907742998351708e+00 1.666666666666666430e+01 0.000000000000000000e+00 6.000000000000000000e+00
1.120000000000000000e+02 9.349258649093904694e+00 1.944444444444444642e+01 0.000000000000000000e+00 7.000000000000000000e+00
1.130000000000000000e+02 8.607907742998351708e+00 1.666666666666666430e+01 0.000000000000000000e+00 6.000000000000000000e+00
1.140000000000000000e+02 9.678747940691927454e+00 2.500000000000000000e+01 0.000000000000000000e+00 9.000000000000000000e+00
1.150000000000000000e+02 8.813838550247117709e+00 2.777777777777777857e+01 0.000000000000000000e+00 1.000000000000000000e+01
1.160000000000000000e+02 9.225700164744646159e+00 5.555555555555555358e+00 0.000000000000000000e+00 2.000000000000000000e+00
1.170000000000000000e+02 9.719934102141680299e+00 8.333333333333332149e+00 0.000000000000000000e+00 3.000000000000000000e+00
1.180000000000000000e+02 9.761120263591433144e+00 1.111111111111111072e+01 0.000000000000000000e+00 4.000000000000000000e+00
1.190000000000000000e+02 1.050247116968698435e+01 1.111111111111111072e+01 0.000000000000000000e+00 4.000000000000000000e+00
1.200000000000000000e+02 1.009060955518945590e+01 2.222222222222222143e+01 0.000000000000000000e+00 8.000000000000000000e+00
1.210000000000000000e+02 1.021416803953871444e+01 1.111111111111111072e+01 0.000000000000000000e+00 4.000000000000000000e+00
1.220000000000000000e+02 1.021416803953871444e+01 2.222222222222222143e+01 0.000000000000000000e+00 8.000000000000000000e+00
1.230000000000000000e+02 1.037891268533772759e+01 2.777777777777777857e+01 0.000000000000000000e+00 1.000000000000000000e+01
1.240000000000000000e+02 9.266886326194399004e+00 2.222222222222222143e+01 0.000000000000000000e+00 8.000000000000000000e+00
1.250000000000000000e+02 9.761120263591433144e+00 2.500000000000000000e+01 0.000000000000000000e+00 9.000000000000000000e+00
1.260000000000000000e+02 9.390444810543657539e+00 1.944444444444444642e+01 0.000000000000000000e+00 7.000000000000000000e+00
1.270000000000000000e+02 1.058484349258649004e+01 2.777777777777777857e+01 0.000000000000000000e+00 1.000000000000000000e+01
1.280000000000000000e+02 1.083196046128500711e+01 3.611111111111110716e+01 0.000000000000000000e+00 1.300000000000000000e+01
1.290000000000000000e+02 1.070840197693575035e+01 3.888888888888889284e+01 0.000000000000000000e+00 1.400000000000000000e+01
1.300000000000000000e+02 1.107907742998352418e+01 1.944444444444444642e+01 0.000000000000000000e+00 7.000000000000000000e+00
1.310000000000000000e+02 1.099670510708401849e+01 1.388888888888888928e+01 0.000000000000000000e+00 5.000000000000000000e+00
1.320000000000000000e+02 1.091433278418451280e+01 2.500000000000000000e+01 0.000000000000000000e+00 9.000000000000000000e+00
1.330000000000000000e+02 1.095551894563426742e+01 1.944444444444444642e+01 0.000000000000000000e+00 7.000000000000000000e+00
1.340000000000000000e+02 1.074958813838550142e+01 2.500000000000000000e+01 0.000000000000000000e+00 9.000000000000000000e+00
1.350000000000000000e+02 1.013179571663920875e+01 3.055555555555555358e+01 0.000000000000000000e+00 1.100000000000000000e+01
1.360000000000000000e+02 1.074958813838550142e+01 2.777777777777777679e+00 0.000000000000000000e+00 1.000000000000000000e+00
1.370000000000000000e+02 1.021416803953871444e+01 2.777777777777777679e+00 0.000000000000000000e+00 1.000000000000000000e+00
1.380000000000000000e+02 1.000823723228995021e+01 0.000000000000000000e+00 0.000000000000000000e+00 -6.000000000000000000e+03
