# step, world, group,control
0.000000000000000000e+00 2.697693574958813656e+01 3.611111111111110716e+01 3.333333333333332860e+01 1.300000000000000000e+01
1.000000000000000000e+00 2.504118616144975107e+01 3.888888888888889284e+01 1.666666666666666430e+01 1.400000000000000000e+01
2.000000000000000000e+00 2.574135090609555121e+01 3.055555555555555358e+01 1.944444444444444642e+01 1.100000000000000000e+01
3.000000000000000000e+00 2.681219110378912873e+01 3.611111111111110716e+01 1.944444444444444642e+01 1.300000000000000000e+01
4.000000000000000000e+00 2.351729818780889758e+01 3.611111111111110716e+01 1.944444444444444642e+01 1.300000000000000000e+01
5.000000000000000000e+00 2.413509060955519203e+01 4.166666666666667140e+01 2.500000000000000000e+01 1.500000000000000000e+01
6.000000000000000000e+00 2.269357495881384068e+01 4.166666666666667140e+01 3.055555555555555358e+01 1.500000000000000000e+01
7.000000000000000000e+00 2.384678747940692034e+01 3.333333333333332860e+01 1.388888888888888928e+01 1.200000000000000000e+01
8.000000000000000000e+00 2.232289950576606330e+01 3.611111111111110716e+01 1.388888888888888928e+01 1.300000000000000000e+01
9.000000000000000000e+00 2.182866556836902561e+01 4.444444444444444287e+01 1.666666666666666430e+01 1.600000000000000000e+01
1.000000000000000000e+01 2.009884678747940612e+01 4.444444444444444287e+01 1.111111111111111072e+01 1.600000000000000000e+01
1.100000000000000000e+01 1.981054365733113798e+01 5.000000000000000000e+01 1.111111111111111072e+01 1.800000000000000000e+01
1.200000000000000000e+01 2.084019769357495733e+01 3.055555555555555358e+01 1.388888888888888928e+01 1.100000000000000000e+01
1.300000000000000000e+01 1.972817133443163229e+01 4.722222222222222854e+01 1.666666666666666430e+01 1.700000000000000000e+01
1.400000000000000000e+01 1.939868204283360598e+01 2.222222222222222143e+01 1.666666666666666430e+01 8.000000000000000000e+00
1.500000000000000000e+01 2.059308072487644026e+01 2.500000000000000000e+01 1.666666666666666430e+01 9.000000000000000000e+00
1.600000000000000000e+01 1.824546952224052632e+01 3.055555555555555358e+01 2.500000000000000000e+01 1.100000000000000000e+01
1.700000000000000000e+01 1.915156507413509246e+01 2.222222222222222143e+01 2.500000000000000000e+01 8.000000000000000000e+00
1.800000000000000000e+01 1.795716639209225818e+01 3.888888888888889284e+01 2.500000000000000000e+01 1.400000000000000000e+01
1.900000000000000000e+01 1.882207578253706615e+01 3.611111111111110716e+01 3.055555555555555358e+01 1.300000000000000000e+01
2.000000000000000000e+01 1.976935749588138336e+01 2.222222222222222143e+01 2.777777777777777857e+01 8.000000000000000000e+00
2.100000000000000000e+01 1.927512355848434922e+01 4.166666666666667140e+01 2.500000000000000000e+01 1.500000000000000000e+01
2.200000000000000000e+01 1.878088962108731508e+01 3.333333333333332860e+01 3.888888888888889284e+01 1.200000000000000000e+01
2.300000000000000000e+01 1.985172981878088905e+01 3.611111111111110716e+01 1.944444444444444642e+01 1.300000000000000000e+01
2.400000000000000000e+01 1.956342668863262091e+01 2.500000000000000000e+01 8.333333333333332149e+00 9.000000000000000000e+00
2.500000000000000000e+01 1.857495881383854908e+01 3.888888888888889284e+01 8.333333333333332149e+00 1.400000000000000000e+01
2.600000000000000000e+01 1.964579901153212660e+01 3.333333333333332860e+01 1.666666666666666430e+01 1.200000000000000000e+01
2.700000000000000000e+01 1.931630971993410384e+01 2.777777777777777857e+01 1.388888888888888928e+01 1.000000000000000000e+01
2.800000000000000000e+01 1.853377265238879801e+01 4.166666666666667140e+01 1.388888888888888928e+01 1.500000000000000000e+01
2.900000000000000000e+01 1.771004942339374111e+01 3.888888888888889284e+01 2.500000000000000000e+01 1.400000000000000000e+01
3.000000000000000000e+01 1.729818780889621266e+01 2.222222222222222143e+01 1.111111111111111072e+01 8.000000000000000000e+00
3.100000000000000000e+01 1.725700164744645804e+01 8.333333333333332149e+00 1.388888888888888928e+01 3.000000000000000000e+00
3.200000000000000000e+01 1.729818780889621266e+01 5.555555555555555358e+00 2.222222222222222143e+01 2.000000000000000000e+00
3.300000000000000000e+01 1.676276771004942390e+01 5.555555555555555358e+00 3.055555555555555358e+01 2.000000000000000000e+00
3.400000000000000000e+01 1.705107084019769204e+01 2.777777777777777679e+00 2.222222222222222143e+01 1.000000000000000000e+00
3.500000000000000000e+01 1.655683690280065790e+01 2.777777777777777679e+00 3.611111111111110716e+01 1.000000000000000000e+00
3.600000000000000000e+01 1.593904448105436522e+01 5.555555555555555358e+00 2.777777777777777857e+01 2.000000000000000000e+00
3.700000000000000000e+01 1.779242174629324680e+01 5.555555555555555358e+00 1.944444444444444642e+01 2.000000000000000000e+00
3.800000000000000000e+01 1.585667215815486131e+01 2.777777777777777679e+00 3.055555555555555358e+01 1.000000000000000000e+00
3.900000000000000000e+01 1.725700164744645804e+01 2.777777777777777679e+00 1.666666666666666430e+01 1.000000000000000000e+00
4.000000000000000000e+01 1.593904448105436522e+01 0.000000000000000000e+00 2.222222222222222143e+01 -6.000000000000000000e+03
