# step, world, group,control
0.000000000000000000e+00 2.640032948929159673e+01 3.333333333333332860e+01 2.777777777777777857e+01 1.200000000000000000e+01
1.000000000000000000e+00 2.215815485996704837e+01 4.166666666666667140e+01 3.055555555555555358e+01 1.500000000000000000e+01
2.000000000000000000e+00 2.191103789126853485e+01 3.888888888888889284e+01 2.777777777777777857e+01 1.400000000000000000e+01
3.000000000000000000e+00 2.009884678747940612e+01 4.166666666666667140e+01 2.777777777777777857e+01 1.500000000000000000e+01
4.000000000000000000e+00 1.923393739703459460e+01 3.333333333333332860e+01 2.500000000000000000e+01 1.200000000000000000e+01
5.000000000000000000e+00 1.890444810543657184e+01 4.166666666666667140e+01 2.222222222222222143e+01 1.500000000000000000e+01
6.000000000000000000e+00 1.746293245469522404e+01 3.055555555555555358e+01 2.222222222222222143e+01 1.100000000000000000e+01
7.000000000000000000e+00 1.803953871499176387e+01 3.611111111111110716e+01 2.500000000000000000e+01 1.300000000000000000e+01
8.000000000000000000e+00 1.861614497528830370e+01 3.888888888888889284e+01 1.388888888888888928e+01 1.400000000000000000e+01
9.000000000000000000e+00 1.902800658978583215e+01 3.055555555555555358e+01 1.388888888888888928e+01 1.100000000000000000e+01
1.000000000000000000e+01 1.742174629324546942e+01 2.222222222222222143e+01 1.388888888888888928e+01 8.000000000000000000e+00
1.100000000000000000e+01 1.824546952224052632e+01 2.222222222222222143e+01 8.333333333333332149e+00 8.000000000000000000e+00
1.200000000000000000e+01 1.861614497528830370e+01 1.111111111111111072e+01 2.777777777777777679e+00 4.000000000000000000e+00
1.300000000000000000e+01 1.956342668863262091e+01 1.111111111111111072e+01 0.000000000000000000e+00 4.000000000000000000e+00
1.400000000000000000e+01 2.001647446457990043e+01 1.388888888888888928e+01 0.000000000000000000e+00 5.000000000000000000e+00
1.500000000000000000e+01 2.009884678747940612e+01 1.666666666666666430e+01 0.000000000000000000e+00 6.000000000000000000e+00
1.600000000000000000e+01 1.981054365733113798e+01 1.388888888888888928e+01 2.777777777777777679e+00 5.000000000000000000e+00
1.700000000000000000e+01 1.894563426688632646e+01 2.777777777777777679e+00 2.777777777777777679e+00 1.000000000000000000e+00
1.800000000000000000e+01 1.828665568369028094e+01 0.000000000000000000e+00 0.000000000000000000e+00 -6.000000000000000000e+03
