# step, world, group,control
0.000000000000000000e+00 2.648270181219110597e+01 3.611111111111110716e+01 4.166666666666667140e+01 1.300000000000000000e+01
1.000000000000000000e+00 2.479406919275123755e+01 1.666666666666666430e+01 3.333333333333332860e+01 6.000000000000000000e+00
2.000000000000000000e+00 2.607084019769357397e+01 2.777777777777777857e+01 3.333333333333332860e+01 1.000000000000000000e+01
3.000000000000000000e+00 2.491762767710049431e+01 1.388888888888888928e+01 2.777777777777777857e+01 5.000000000000000000e+00
4.000000000000000000e+00 2.475288303130148293e+01 1.111111111111111072e+01 2.777777777777777857e+01 4.000000000000000000e+00
5.000000000000000000e+00 2.475288303130148293e+01 1.388888888888888928e+01 2.222222222222222143e+01 5.000000000000000000e+00
6.000000000000000000e+00 2.327018121911037696e+01 1.944444444444444642e+01 1.944444444444444642e+01 7.000000000000000000e+00
7.000000000000000000e+00 1.956342668863262091e+01 2.222222222222222143e+01 2.777777777777777857e+01 8.000000000000000000e+00
8.000000000000000000e+00 1.853377265238879801e+01 3.333333333333332860e+01 2.500000000000000000e+01 1.200000000000000000e+01
9.000000000000000000e+00 1.771004942339374111e+01 3.333333333333332860e+01 2.500000000000000000e+01 1.200000000000000000e+01
1.000000000000000000e+01 1.742174629324546942e+01 3.055555555555555358e+01 2.500000000000000000e+01 1.100000000000000000e+01
1.100000000000000000e+01 1.750411861614497511e+01 2.777777777777777857e+01 3.888888888888889284e+01 1.000000000000000000e+01
1.200000000000000000e+01 1.758649093904448080e+01 2.777777777777777857e+01 3.055555555555555358e+01 1.000000000000000000e+01
1.300000000000000000e+01 1.729818780889621266e+01 2.500000000000000000e+01 3.611111111111110716e+01 9.000000000000000000e+00
1.400000000000000000e+01 1.598023064250411807e+01 3.611111111111110716e+01 3.888888888888889284e+01 1.300000000000000000e+01
1.500000000000000000e+01 1.808072487644151494e+01 2.500000000000000000e+01 2.777777777777777857e+01 9.000000000000000000e+00
1.600000000000000000e+01 1.589785831960461238e+01 5.000000000000000000e+01 4.444444444444444287e+01 1.800000000000000000e+01
1.700000000000000000e+01 1.614497528830312945e+01 2.222222222222222143e+01 1.666666666666666430e+01 8.000000000000000000e+00
1.800000000000000000e+01 1.676276771004942390e+01 2.777777777777777857e+01 8.333333333333332149e+00 1.000000000000000000e+01
1.900000000000000000e+01 1.684514003294892959e+01 1.666666666666666430e+01 1.111111111111111072e+01 6.000000000000000000e+00
2.000000000000000000e+01 1.733937397034596373e+01 1.944444444444444642e+01 1.111111111111111072e+01 7.000000000000000000e+00
2.100000000000000000e+01 1.437397034596375711e+01 2.222222222222222143e+01 1.111111111111111072e+01 8.000000000000000000e+00
2.200000000000000000e+01 1.420922570016474573e+01 2.500000000000000000e+01 1.388888888888888928e+01 9.000000000000000000e+00
2.300000000000000000e+01 1.342668863261943990e+01 2.777777777777777857e+01 5.555555555555555358e+00 1.000000000000000000e+01
2.400000000000000000e+01 1.252059308072487553e+01 1.666666666666666430e+01 8.333333333333332149e+00 6.000000000000000000e+00
2.500000000000000000e+01 1.367380560131795697e+01 1.944444444444444642e+01 1.111111111111111072e+01 7.000000000000000000e+00
2.600000000000000000e+01 1.223228995057660740e+01 3.055555555555555358e+01 1.388888888888888928e+01 1.100000000000000000e+01
2.700000000000000000e+01 1.297364085667215861e+01 1.944444444444444642e+01 1.111111111111111072e+01 7.000000000000000000e+00
2.800000000000000000e+01 1.317957166392092283e+01 1.388888888888888928e+01 1.666666666666666430e+01 5.000000000000000000e+00
2.900000000000000000e+01 1.280889621087314723e+01 1.111111111111111072e+01 1.388888888888888928e+01 4.000000000000000000e+00
3.000000000000000000e+01 1.272652388797363976e+01 1.111111111111111072e+01 1.388888888888888928e+01 4.000000000000000000e+00
3.100000000000000000e+01 1.313838550247116999e+01 1.666666666666666430e+01 8.333333333333332149e+00 6.000000000000000000e+00
3.200000000000000000e+01 1.210873146622734708e+01 1.111111111111111072e+01 0.000000000000000000e+00 4.000000000000000000e+00
3.300000000000000000e+01 1.128500823723229018e+01 1.111111111111111072e+01 0.000000000000000000e+00 4.000000000000000000e+00
3.400000000000000000e+01 1.095551894563426742e+01 8.333333333333332149e+00 0.000000000000000000e+00 3.000000000000000000e+00
3.500000000000000000e+01 1.095551894563426742e+01 1.388888888888888928e+01 0.000000000000000000e+00 5.000000000000000000e+00
3.600000000000000000e+01 1.161449752883031294e+01 1.388888888888888928e+01 0.000000000000000000e+00 5.000000000000000000e+00
3.700000000000000000e+01 1.136738056013179587e+01 1.944444444444444642e+01 0.000000000000000000e+00 7.000000000000000000e+00
3.800000000000000000e+01 1.144975288303130156e+01 1.666666666666666430e+01 0.000000000000000000e+00 6.000000000000000000e+00
3.900000000000000000e+01 1.070840197693575035e+01 1.388888888888888928e+01 0.000000000000000000e+00 5.000000000000000000e+00
4.000000000000000000e+01 1.173805601317957148e+01 1.944444444444444642e+01 0.000000000000000000e+00 7.000000000000000000e+00
4.100000000000000000e+01 1.083196046128500711e+01 2.222222222222222143e+01 0.000000000000000000e+00 8.000000000000000000e+00
4.200000000000000000e+01 1.103789126853377311e+01 1.944444444444444642e+01 0.000000000000000000e+00 7.000000000000000000e+00
4.300000000000000000e+01 1.029654036243822013e+01 2.777777777777777857e+01 0.000000000000000000e+00 1.000000000000000000e+01
4.400000000000000000e+01 1.000823723228995021e+01 1.666666666666666430e+01 0.000000000000000000e+00 6.000000000000000000e+00
4.500000000000000000e+01 9.102141680395387624e+00 3.333333333333332860e+01 0.000000000000000000e+00 1.200000000000000000e+01
4.600000000000000000e+01 9.719934102141680299e+00 2.222222222222222143e+01 0.000000000000000000e+00 8.000000000000000000e+00
4.700000000000000000e+01 1.000823723228995021e+01 2.500000000000000000e+01 0.000000000000000000e+00 9.000000000000000000e+00
4.800000000000000000e+01 9.843492586490938834e+00 2.222222222222222143e+01 0.000000000000000000e+00 8.000000000000000000e+00
4.900000000000000000e+01 9.060955518945634779e+00 1.944444444444444642e+01 0.000000000000000000e+00 7.000000000000000000e+00
5.000000000000000000e+01 9.472817133443163229e+00 1.111111111111111072e+01 0.000000000000000000e+00 4.000000000000000000e+00
5.100000000000000000e+01 9.102141680395387624e+00 8.333333333333332149e+00 0.000000000000000000e+00 3.000000000000000000e+00
5.200000000000000000e+01 9.266886326194399004e+00 5.555555555555555358e+00 0.000000000000000000e+00 2.000000000000000000e+00
5.300000000000000000e+01 8.855024711696870554e+00 5.555555555555555358e+00 0.000000000000000000e+00 2.000000000000000000e+00
5.400000000000000000e+01 8.360790774299834638e+00 8.333333333333332149e+00 0.000000000000000000e+00 3.000000000000000000e+00
5.500000000000000000e+01 8.607907742998351708e+00 8.333333333333332149e+00 0.000000000000000000e+00 3.000000000000000000e+00
5.600000000000000000e+01 8.690280065897857398e+00 8.333333333333332149e+00 0.000000000000000000e+00 3.000000000000000000e+00
5.700000000000000000e+01 9.184514003294893314e+00 5.555555555555555358e+00 2.777777777777777679e+00 2.000000000000000000e+00
5.800000000000000000e+01 7.660626029654035385e+00 5.555555555555555358e+00 0.000000000000000000e+00 2.000000000000000000e+00
5.900000000000000000e+01 7.990115321252059033e+00 0.000000000000000000e+00 0.000000000000000000e+00 -6.000000000000000000e+03
