# step, world, group,control
0.000000000000000000e+00 2.627677100494233997e+01 2.500000000000000000e+01 3.333333333333332860e+01 9.000000000000000000e+00
1.000000000000000000e+00 2.207578253706754623e+01 3.888888888888889284e+01 2.500000000000000000e+01 1.400000000000000000e+01
2.000000000000000000e+00 2.269357495881384068e+01 2.777777777777777857e+01 1.944444444444444642e+01 1.000000000000000000e+01
3.000000000000000000e+00 1.989291598023064367e+01 3.333333333333332860e+01 1.944444444444444642e+01 1.200000000000000000e+01
4.000000000000000000e+00 2.219934102141680299e+01 1.944444444444444642e+01 1.944444444444444642e+01 7.000000000000000000e+00
5.000000000000000000e+00 2.005766062602965505e+01 2.222222222222222143e+01 2.777777777777777857e+01 8.000000000000000000e+00
6.000000000000000000e+00 2.116968698517298009e+01 2.222222222222222143e+01 1.666666666666666430e+01 8.000000000000000000e+00
7.000000000000000000e+00 1.972817133443163229e+01 2.500000000000000000e+01 8.333333333333332149e+00 9.000000000000000000e+00
8.000000000000000000e+00 2.014003294892916074e+01 4.444444444444444287e+01 8.333333333333332149e+00 1.600000000000000000e+01
9.000000000000000000e+00 1.997528830313014936e+01 2.777777777777777857e+01 1.388888888888888928e+01 1.000000000000000000e+01
1.000000000000000000e+01 1.828665568369028094e+01 4.444444444444444287e+01 1.111111111111111072e+01 1.600000000000000000e+01
1.100000000000000000e+01 1.935749588138385491e+01 3.333333333333332860e+01 1.388888888888888928e+01 1.200000000000000000e+01
1.200000000000000000e+01 1.635090609555189545e+01 3.055555555555555358e+01 8.333333333333332149e+00 1.100000000000000000e+01
1.300000000000000000e+01 1.824546952224052632e+01 2.777777777777777857e+01 2.777777777777777679e+00 1.000000000000000000e+01
1.400000000000000000e+01 1.705107084019769204e+01 3.888888888888889284e+01 2.777777777777777679e+00 1.400000000000000000e+01
1.500000000000000000e+01 1.672158154859966928e+01 1.944444444444444642e+01 0.000000000000000000e+00 7.000000000000000000e+00
1.600000000000000000e+01 1.684514003294892959e+01 1.388888888888888928e+01 0.000000000000000000e+00 5.000000000000000000e+00
1.700000000000000000e+01 1.544481054365733108e+01 2.222222222222222143e+01 0.000000000000000000e+00 8.000000000000000000e+00
1.800000000000000000e+01 1.581548599670510669e+01 2.222222222222222143e+01 0.000000000000000000e+00 8.000000000000000000e+00
1.900000000000000000e+01 1.614497528830312945e+01 3.055555555555555358e+01 0.000000000000000000e+00 1.100000000000000000e+01
2.000000000000000000e+01 1.647446457990115221e+01 1.944444444444444642e+01 2.777777777777777679e+00 7.000000000000000000e+00
2.100000000000000000e+01 1.429159802306424965e+01 3.055555555555555358e+01 2.777777777777777679e+00 1.100000000000000000e+01
2.200000000000000000e+01 1.528006589785831970e+01 2.222222222222222143e+01 5.555555555555555358e+00 8.000000000000000000e+00
2.300000000000000000e+01 1.404448105436573435e+01 2.777777777777777857e+01 2.777777777777777679e+00 1.000000000000000000e+01
2.400000000000000000e+01 1.363261943986820413e+01 1.388888888888888928e+01 8.333333333333332149e+00 5.000000000000000000e+00
2.500000000000000000e+01 1.499176276771004801e+01 1.666666666666666430e+01 1.388888888888888928e+01 6.000000000000000000e+00
2.600000000000000000e+01 1.392092257001647582e+01 2.222222222222222143e+01 5.555555555555555358e+00 8.000000000000000000e+00
2.700000000000000000e+01 1.392092257001647582e+01 2.500000000000000000e+01 5.555555555555555358e+00 9.000000000000000000e+00
2.800000000000000000e+01 1.457990115321252134e+01 3.611111111111110716e+01 5.555555555555555358e+00 1.300000000000000000e+01
2.900000000000000000e+01 1.297364085667215861e+01 3.611111111111110716e+01 2.777777777777777679e+00 1.300000000000000000e+01
3.000000000000000000e+01 1.342668863261943990e+01 3.333333333333332860e+01 5.555555555555555358e+00 1.200000000000000000e+01
3.100000000000000000e+01 1.280889621087314723e+01 4.444444444444444287e+01 8.333333333333332149e+00 1.600000000000000000e+01
3.200000000000000000e+01 1.268533772652388691e+01 3.055555555555555358e+01 8.333333333333332149e+00 1.100000000000000000e+01
3.300000000000000000e+01 1.116144975288303165e+01 5.277777777777777857e+01 1.388888888888888928e+01 1.900000000000000000e+01
3.400000000000000000e+01 1.227347611202635846e+01 2.500000000000000000e+01 8.333333333333332149e+00 9.000000000000000000e+00
3.500000000000000000e+01 1.153212520593080725e+01 2.500000000000000000e+01 1.111111111111111072e+01 9.000000000000000000e+00
3.600000000000000000e+01 1.165568369028006579e+01 1.944444444444444642e+01 8.333333333333332149e+00 7.000000000000000000e+00
3.700000000000000000e+01 1.136738056013179587e+01 1.111111111111111072e+01 1.111111111111111072e+01 4.000000000000000000e+00
3.800000000000000000e+01 1.083196046128500711e+01 1.111111111111111072e+01 1.666666666666666430e+01 4.000000000000000000e+00
3.900000000000000000e+01 1.091433278418451280e+01 8.333333333333332149e+00 1.944444444444444642e+01 3.000000000000000000e+00
4.000000000000000000e+01 1.091433278418451280e+01 5.555555555555555358e+00 1.111111111111111072e+01 2.000000000000000000e+00
4.100000000000000000e+01 1.116144975288303165e+01 8.333333333333332149e+00 1.111111111111111072e+01 3.000000000000000000e+00
4.200000000000000000e+01 1.046128500823723328e+01 5.555555555555555358e+00 1.111111111111111072e+01 2.000000000000000000e+00
4.300000000000000000e+01 1.103789126853377311e+01 8.333333333333332149e+00 1.111111111111111072e+01 3.000000000000000000e+00
4.400000000000000000e+01 1.021416803953871444e+01 1.111111111111111072e+01 1.944444444444444642e+01 4.000000000000000000e+00
4.500000000000000000e+01 1.095551894563426742e+01 1.111111111111111072e+01 2.222222222222222143e+01 4.000000000000000000e+00
4.600000000000000000e+01 1.046128500823723328e+01 1.111111111111111072e+01 2.500000000000000000e+01 4.000000000000000000e+00
4.700000000000000000e+01 9.761120263591433144e+00 1.666666666666666430e+01 3.333333333333332860e+01 6.000000000000000000e+00
4.800000000000000000e+01 1.000823723228995021e+01 1.388888888888888928e+01 3.055555555555555358e+01 5.000000000000000000e+00
4.900000000000000000e+01 1.004942339373970306e+01 1.666666666666666430e+01 2.222222222222222143e+01 6.000000000000000000e+00
5.000000000000000000e+01 9.719934102141680299e+00 1.944444444444444642e+01 2.500000000000000000e+01 7.000000000000000000e+00
5.100000000000000000e+01 9.761120263591433144e+00 2.500000000000000000e+01 2.777777777777777857e+01 9.000000000000000000e+00
5.200000000000000000e+01 1.050247116968698435e+01 2.777777777777777857e+01 2.500000000000000000e+01 1.000000000000000000e+01
5.300000000000000000e+01 1.004942339373970306e+01 3.055555555555555358e+01 3.888888888888889284e+01 1.100000000000000000e+01
5.400000000000000000e+01 1.107907742998352418e+01 3.055555555555555358e+01 3.333333333333332860e+01 1.100000000000000000e+01
5.500000000000000000e+01 9.308072487644151849e+00 5.000000000000000000e+01 2.500000000000000000e+01 1.800000000000000000e+01
5.600000000000000000e+01 9.637561779242174609e+00 2.777777777777777857e+01 2.222222222222222143e+01 1.000000000000000000e+01
5.700000000000000000e+01 9.472817133443163229e+00 3.888888888888889284e+01 1.388888888888888928e+01 1.400000000000000000e+01
5.800000000000000000e+01 9.967051070840197369e+00 2.222222222222222143e+01 8.333333333333332149e+00 8.000000000000000000e+00
5.900000000000000000e+01 1.029654036243822013e+01 2.222222222222222143e+01 5.555555555555555358e+00 8.000000000000000000e+00
6.000000000000000000e+01 1.103789126853377311e+01 1.666666666666666430e+01 2.777777777777777679e+00 6.000000000000000000e+00
6.100000000000000000e+01 1.066721581548599573e+01 2.222222222222222143e+01 2.777777777777777679e+00 8.000000000000000000e+00
6.200000000000000000e+01 9.555189456342668919e+00 1.388888888888888928e+01 2.777777777777777679e+00 5.000000000000000000e+00
6.300000000000000000e+01 8.855024711696870554e+00 3.055555555555555358e+01 5.555555555555555358e+00 1.100000000000000000e+01
6.400000000000000000e+01 9.390444810543657539e+00 1.666666666666666430e+01 8.333333333333332149e+00 6.000000000000000000e+00
6.500000000000000000e+01 9.925864909390444524e+00 2.500000000000000000e+01 8.333333333333332149e+00 9.000000000000000000e+00
6.600000000000000000e+01 9.349258649093904694e+00 2.500000000000000000e+01 2.777777777777777679e+00 9.000000000000000000e+00
6.700000000000000000e+01 1.025535420098846728e+01 1.944444444444444642e+01 2.777777777777777679e+00 7.000000000000000000e+00
6.800000000000000000e+01 9.843492586490938834e+00 1.944444444444444642e+01 2.777777777777777679e+00 7.000000000000000000e+00
6.900000000000000000e+01 1.017298187808896159e+01 1.388888888888888928e+01 5.555555555555555358e+00 5.000000000000000000e+00
7.000000000000000000e+01 8.566721581548600639e+00 1.944444444444444642e+01 8.333333333333332149e+00 7.000000000000000000e+00
7.100000000000000000e+01 8.896210873146623399e+00 2.222222222222222143e+01 8.333333333333332149e+00 8.000000000000000000e+00
7.200000000000000000e+01 7.742998352553541075e+00 1.944444444444444642e+01 8.333333333333332149e+00 7.000000000000000000e+00
7.300000000000000000e+01 8.278418451400328948e+00 1.944444444444444642e+01 8.333333333333332149e+00 7.000000000000000000e+00
7.400000000000000000e+01 7.990115321252059033e+00 1.944444444444444642e+01 8.333333333333332149e+00 7.000000000000000000e+00
7.500000000000000000e+01 7.701812191103789118e+00 1.388888888888888928e+01 1.111111111111111072e+01 5.000000000000000000e+00
7.600000000000000000e+01 7.990115321252059033e+00 1.111111111111111072e+01 1.388888888888888928e+01 4.000000000000000000e+00
7.700000000000000000e+01 7.001647446457989865e+00 1.666666666666666430e+01 1.388888888888888928e+01 6.000000000000000000e+00
7.800000000000000000e+01 8.278418451400328948e+00 1.944444444444444642e+01 1.388888888888888928e+01 7.000000000000000000e+00
7.900000000000000000e+01 7.660626029654035385e+00 1.388888888888888928e+01 2.222222222222222143e+01 5.000000000000000000e+00
8.000000000000000000e+01 8.072487644151564723e+00 1.944444444444444642e+01 1.944444444444444642e+01 7.000000000000000000e+00
8.100000000000000000e+01 8.072487644151564723e+00 1.944444444444444642e+01 3.055555555555555358e+01 7.000000000000000000e+00
8.200000000000000000e+01 9.472817133443163229e+00 1.388888888888888928e+01 1.388888888888888928e+01 5.000000000000000000e+00
8.300000000000000000e+01 8.649093904448106329e+00 8.333333333333332149e+00 2.222222222222222143e+01 3.000000000000000000e+00
8.400000000000000000e+01 9.308072487644151849e+00 5.555555555555555358e+00 2.500000000000000000e+01 2.000000000000000000e+00
8.500000000000000000e+01 9.266886326194399004e+00 0.000000000000000000e+00 2.500000000000000000e+01 -6.000000000000000000e+03
