# step, world, group,control
0.000000000000000000e+00 2.586490939044481152e+01 3.333333333333332860e+01 2.777777777777777857e+01 1.200000000000000000e+01
1.000000000000000000e+00 2.240527182866556899e+01 3.611111111111110716e+01 2.500000000000000000e+01 1.300000000000000000e+01
2.000000000000000000e+00 2.318780889621087482e+01 2.222222222222222143e+01 3.333333333333332860e+01 8.000000000000000000e+00
3.000000000000000000e+00 2.071663920922570057e+01 3.611111111111110716e+01 2.777777777777777857e+01 1.300000000000000000e+01
4.000000000000000000e+00 2.170510708401976885e+01 1.666666666666666430e+01 3.333333333333332860e+01 6.000000000000000000e+00
5.000000000000000000e+00 2.121087314662273471e+01 2.222222222222222143e+01 3.611111111111110716e+01 8.000000000000000000e+00
6.000000000000000000e+00 2.038714991762767781e+01 1.666666666666666430e+01 3.888888888888889284e+01 6.000000000000000000e+00
7.000000000000000000e+00 2.182866556836902561e+01 1.111111111111111072e+01 4.166666666666667140e+01 4.000000000000000000e+00
8.000000000000000000e+00 2.174629324546952347e+01 1.388888888888888928e+01 1.388888888888888928e+01 5.000000000000000000e+00
9.000000000000000000e+00 1.943986820428336060e+01 1.666666666666666430e+01 8.333333333333332149e+00 6.000000000000000000e+00
1.000000000000000000e+01 1.898682042833607753e+01 1.944444444444444642e+01 2.777777777777777679e+00 7.000000000000000000e+00
1.100000000000000000e+01 1.738056013179571480e+01 3.333333333333332860e+01 0.000000000000000000e+00 1.200000000000000000e+01
1.200000000000000000e+01 1.808072487644151494e+01 1.944444444444444642e+01 0.000000000000000000e+00 7.000000000000000000e+00
1.300000000000000000e+01 1.754530477759472973e+01 2.222222222222222143e+01 0.000000000000000000e+00 8.000000000000000000e+00
1.400000000000000000e+01 1.766886326194398649e+01 1.944444444444444642e+01 0.000000000000000000e+00 7.000000000000000000e+00
1.500000000000000000e+01 1.544481054365733108e+01 1.388888888888888928e+01 0.000000000000000000e+00 5.000000000000000000e+00
1.600000000000000000e+01 1.441515650741350996e+01 2.500000000000000000e+01 0.000000000000000000e+00 9.000000000000000000e+00
1.700000000000000000e+01 1.486820428336079125e+01 2.500000000000000000e+01 0.000000000000000000e+00 9.000000000000000000e+00
1.800000000000000000e+01 1.379736408566721551e+01 2.777777777777777857e+01 0.000000000000000000e+00 1.000000000000000000e+01
1.900000000000000000e+01 1.359143327841845306e+01 3.055555555555555358e+01 0.000000000000000000e+00 1.100000000000000000e+01
2.000000000000000000e+01 1.363261943986820413e+01 2.222222222222222143e+01 0.000000000000000000e+00 8.000000000000000000e+00
2.100000000000000000e+01 1.330313014827018137e+01 3.611111111111110716e+01 0.000000000000000000e+00 1.300000000000000000e+01
2.200000000000000000e+01 1.247940691927512447e+01 2.777777777777777857e+01 0.000000000000000000e+00 1.000000000000000000e+01
2.300000000000000000e+01 1.239703459637561878e+01 2.222222222222222143e+01 0.000000000000000000e+00 8.000000000000000000e+00
2.400000000000000000e+01 1.182042833607907717e+01 3.333333333333332860e+01 0.000000000000000000e+00 1.200000000000000000e+01
2.500000000000000000e+01 1.140856672158154872e+01 2.777777777777777857e+01 2.777777777777777679e+00 1.000000000000000000e+01
2.600000000000000000e+01 1.029654036243822013e+01 3.055555555555555358e+01 5.555555555555555358e+00 1.100000000000000000e+01
2.700000000000000000e+01 1.050247116968698435e+01 3.055555555555555358e+01 5.555555555555555358e+00 1.100000000000000000e+01
2.800000000000000000e+01 1.087314662273476173e+01 3.055555555555555358e+01 2.777777777777777679e+00 1.100000000000000000e+01
2.900000000000000000e+01 1.083196046128500711e+01 1.944444444444444642e+01 5.555555555555555358e+00 7.000000000000000000e+00
3.000000000000000000e+01 1.103789126853377311e+01 1.944444444444444642e+01 8.333333333333332149e+00 7.000000000000000000e+00
3.100000000000000000e+01 1.070840197693575035e+01 1.944444444444444642e+01 1.388888888888888928e+01 7.000000000000000000e+00
3.200000000000000000e+01 1.066721581548599573e+01 3.333333333333332860e+01 1.666666666666666430e+01 1.200000000000000000e+01
3.300000000000000000e+01 1.070840197693575035e+01 2.222222222222222143e+01 2.222222222222222143e+01 8.000000000000000000e+00
3.400000000000000000e+01 1.025535420098846728e+01 2.777777777777777857e+01 1.388888888888888928e+01 1.000000000000000000e+01
3.500000000000000000e+01 9.472817133443163229e+00 3.611111111111110716e+01 1.944444444444444642e+01 1.300000000000000000e+01
3.600000000000000000e+01 1.058484349258649004e+01 1.388888888888888928e+01 2.500000000000000000e+01 5.000000000000000000e+00
3.700000000000000000e+01 9.884678747940691679e+00 1.111111111111111072e+01 2.500000000000000000e+01 4.000000000000000000e+00
3.800000000000000000e+01 9.761120263591433144e+00 1.666666666666666430e+01 1.944444444444444642e+01 6.000000000000000000e+00
3.900000000000000000e+01 9.266886326194399004e+00 2.500000000000000000e+01 2.222222222222222143e+01 9.000000000000000000e+00
4.000000000000000000e+01 8.607907742998351708e+00 2.222222222222222143e+01 1.944444444444444642e+01 8.000000000000000000e+00
4.100000000000000000e+01 9.019769357495881934e+00 2.222222222222222143e+01 2.222222222222222143e+01 8.000000000000000000e+00
4.200000000000000000e+01 9.060955518945634779e+00 3.611111111111110716e+01 2.222222222222222143e+01 1.300000000000000000e+01
4.300000000000000000e+01 1.025535420098846728e+01 1.111111111111111072e+01 1.666666666666666430e+01 4.000000000000000000e+00
4.400000000000000000e+01 9.266886326194399004e+00 1.388888888888888928e+01 2.500000000000000000e+01 5.000000000000000000e+00
4.500000000000000000e+01 9.555189456342668919e+00 2.222222222222222143e+01 2.500000000000000000e+01 8.000000000000000000e+00
4.600000000000000000e+01 9.143327841845140469e+00 1.388888888888888928e+01 3.333333333333332860e+01 5.000000000000000000e+00
4.700000000000000000e+01 9.349258649093904694e+00 1.944444444444444642e+01 2.222222222222222143e+01 7.000000000000000000e+00
4.800000000000000000e+01 9.390444810543657539e+00 2.222222222222222143e+01 2.222222222222222143e+01 8.000000000000000000e+00
4.900000000000000000e+01 9.390444810543657539e+00 1.666666666666666430e+01 2.500000000000000000e+01 6.000000000000000000e+00
5.000000000000000000e+01 8.896210873146623399e+00 1.388888888888888928e+01 3.333333333333332860e+01 5.000000000000000000e+00
5.100000000000000000e+01 9.843492586490938834e+00 1.388888888888888928e+01 3.055555555555555358e+01 5.000000000000000000e+00
5.200000000000000000e+01 9.843492586490938834e+00 1.388888888888888928e+01 4.166666666666667140e+01 5.000000000000000000e+00
5.300000000000000000e+01 1.025535420098846728e+01 2.500000000000000000e+01 4.444444444444444287e+01 9.000000000000000000e+00
5.400000000000000000e+01 1.033772652388797297e+01 1.388888888888888928e+01 3.888888888888889284e+01 5.000000000000000000e+00
5.500000000000000000e+01 9.843492586490938834e+00 1.111111111111111072e+01 3.333333333333332860e+01 4.000000000000000000e+00
5.600000000000000000e+01 1.046128500823723328e+01 2.222222222222222143e+01 3.055555555555555358e+01 8.000000000000000000e+00
5.700000000000000000e+01 1.013179571663920875e+01 1.944444444444444642e+01 3.611111111111110716e+01 7.000000000000000000e+00
5.800000000000000000e+01 1.050247116968698435e+01 8.333333333333332149e+00 3.055555555555555358e+01 3.000000000000000000e+00
5.900000000000000000e+01 1.120263591433278449e+01 0.000000000000000000e+00 3.888888888888889284e+01 -6.000000000000000000e+03
