# step, world, group,control
0.000000000000000000e+00 2.640032948929159673e+01 3.888888888888889284e+01 2.500000000000000000e+01 1.400000000000000000e+01
1.000000000000000000e+00 2.401153212520593172e+01 3.888888888888889284e+01 2.777777777777777857e+01 1.400000000000000000e+01
2.000000000000000000e+00 2.405271828665568279e+01 3.888888888888889284e+01 2.777777777777777857e+01 1.400000000000000000e+01
3.000000000000000000e+00 2.257001647446458037e+01 3.333333333333332860e+01 2.777777777777777857e+01 1.200000000000000000e+01
4.000000000000000000e+00 2.289950576606260313e+01 4.166666666666667140e+01 3.055555555555555358e+01 1.500000000000000000e+01
5.000000000000000000e+00 2.219934102141680299e+01 3.055555555555555358e+01 2.777777777777777857e+01 1.100000000000000000e+01
6.000000000000000000e+00 2.059308072487644026e+01 4.166666666666667140e+01 2.500000000000000000e+01 1.500000000000000000e+01
7.000000000000000000e+00 2.067545304777594595e+01 3.333333333333332860e+01 2.222222222222222143e+01 1.200000000000000000e+01
8.000000000000000000e+00 1.997528830313014936e+01 3.055555555555555358e+01 3.055555555555555358e+01 1.100000000000000000e+01
9.000000000000000000e+00 1.869851729818780939e+01 3.055555555555555358e+01 3.611111111111110716e+01 1.100000000000000000e+01
1.000000000000000000e+01 1.853377265238879801e+01 4.166666666666667140e+01 3.055555555555555358e+01 1.500000000000000000e+01
1.100000000000000000e+01 1.923393739703459460e+01 3.055555555555555358e+01 2.777777777777777857e+01 1.100000000000000000e+01
1.200000000000000000e+01 1.820428336079077525e+01 3.055555555555555358e+01 1.944444444444444642e+01 1.100000000000000000e+01
1.300000000000000000e+01 1.886326194398682077e+01 1.944444444444444642e+01 3.333333333333332860e+01 7.000000000000000000e+00
1.400000000000000000e+01 1.824546952224052632e+01 2.222222222222222143e+01 1.944444444444444642e+01 8.000000000000000000e+00
1.500000000000000000e+01 1.618616144975288407e+01 2.777777777777777857e+01 2.500000000000000000e+01 1.000000000000000000e+01
1.600000000000000000e+01 1.655683690280065790e+01 3.055555555555555358e+01 1.944444444444444642e+01 1.100000000000000000e+01
1.700000000000000000e+01 1.626853377265238976e+01 2.777777777777777857e+01 1.944444444444444642e+01 1.000000000000000000e+01
1.800000000000000000e+01 1.466227347611202525e+01 4.166666666666667140e+01 1.944444444444444642e+01 1.500000000000000000e+01
1.900000000000000000e+01 1.482701812191103663e+01 1.666666666666666430e+01 2.222222222222222143e+01 6.000000000000000000e+00
2.000000000000000000e+01 1.429159802306424965e+01 2.777777777777777857e+01 2.777777777777777857e+01 1.000000000000000000e+01
2.100000000000000000e+01 1.396210873146622689e+01 3.055555555555555358e+01 2.500000000000000000e+01 1.100000000000000000e+01
2.200000000000000000e+01 1.268533772652388691e+01 2.777777777777777857e+01 3.611111111111110716e+01 1.000000000000000000e+01
2.300000000000000000e+01 1.235584843492586415e+01 2.500000000000000000e+01 3.055555555555555358e+01 9.000000000000000000e+00
2.400000000000000000e+01 1.182042833607907717e+01 2.222222222222222143e+01 5.833333333333333570e+01 8.000000000000000000e+00
2.500000000000000000e+01 1.223228995057660740e+01 3.888888888888889284e+01 1.666666666666666430e+01 1.400000000000000000e+01
2.600000000000000000e+01 1.338550247116968528e+01 1.666666666666666430e+01 8.333333333333332149e+00 6.000000000000000000e+00
2.700000000000000000e+01 1.276771004942339438e+01 2.222222222222222143e+01 1.111111111111111072e+01 8.000000000000000000e+00
2.800000000000000000e+01 1.297364085667215861e+01 1.666666666666666430e+01 1.388888888888888928e+01 6.000000000000000000e+00
2.900000000000000000e+01 1.227347611202635846e+01 2.222222222222222143e+01 1.388888888888888928e+01 8.000000000000000000e+00
3.000000000000000000e+01 1.330313014827018137e+01 1.944444444444444642e+01 1.388888888888888928e+01 7.000000000000000000e+00
3.100000000000000000e+01 1.247940691927512447e+01 1.666666666666666430e+01 1.388888888888888928e+01 6.000000000000000000e+00
3.200000000000000000e+01 1.140856672158154872e+01 2.500000000000000000e+01 1.666666666666666430e+01 9.000000000000000000e+00
3.300000000000000000e+01 1.169686985172981863e+01 3.888888888888889284e+01 1.944444444444444642e+01 1.400000000000000000e+01
3.400000000000000000e+01 1.173805601317957148e+01 2.500000000000000000e+01 1.944444444444444642e+01 9.000000000000000000e+00
3.500000000000000000e+01 1.173805601317957148e+01 2.222222222222222143e+01 3.055555555555555358e+01 8.000000000000000000e+00
3.600000000000000000e+01 1.087314662273476173e+01 1.944444444444444642e+01 2.222222222222222143e+01 7.000000000000000000e+00
3.700000000000000000e+01 1.128500823723229018e+01 1.666666666666666430e+01 3.611111111111110716e+01 6.000000000000000000e+00
3.800000000000000000e+01 1.107907742998352418e+01 2.777777777777777857e+01 3.333333333333332860e+01 1.000000000000000000e+01
3.900000000000000000e+01 1.107907742998352418e+01 2.777777777777777857e+01 3.888888888888889284e+01 1.000000000000000000e+01
4.000000000000000000e+01 1.198517298187809033e+01 2.777777777777777857e+01 1.666666666666666430e+01 1.000000000000000000e+01
4.100000000000000000e+01 1.227347611202635846e+01 2.500000000000000000e+01 1.111111111111111072e+01 9.000000000000000000e+00
4.200000000000000000e+01 1.297364085667215861e+01 1.944444444444444642e+01 1.388888888888888928e+01 7.000000000000000000e+00
4.300000000000000000e+01 1.223228995057660740e+01 2.777777777777777857e+01 1.388888888888888928e+01 1.000000000000000000e+01
4.400000000000000000e+01 1.355024711696869666e+01 1.666666666666666430e+01 1.666666666666666430e+01 6.000000000000000000e+00
4.500000000000000000e+01 1.280889621087314723e+01 2.777777777777777857e+01 1.944444444444444642e+01 1.000000000000000000e+01
4.600000000000000000e+01 1.367380560131795697e+01 2.500000000000000000e+01 2.500000000000000000e+01 9.000000000000000000e+00
4.700000000000000000e+01 1.346787479406919275e+01 2.222222222222222143e+01 1.666666666666666430e+01 8.000000000000000000e+00
4.800000000000000000e+01 1.441515650741350996e+01 2.777777777777777857e+01 2.500000000000000000e+01 1.000000000000000000e+01
4.900000000000000000e+01 1.326194398682042852e+01 2.500000000000000000e+01 1.666666666666666430e+01 9.000000000000000000e+00
5.000000000000000000e+01 1.313838550247116999e+01 3.611111111111110716e+01 3.333333333333332860e+01 1.300000000000000000e+01
5.100000000000000000e+01 1.383855024711696835e+01 2.777777777777777857e+01 2.500000000000000000e+01 1.000000000000000000e+01
5.200000000000000000e+01 1.350906095551894559e+01 4.722222222222222854e+01 4.166666666666667140e+01 1.700000000000000000e+01
5.300000000000000000e+01 1.379736408566721551e+01 2.500000000000000000e+01 2.777777777777777857e+01 9.000000000000000000e+00
5.400000000000000000e+01 1.338550247116968528e+01 3.333333333333332860e+01 4.166666666666667140e+01 1.200000000000000000e+01
5.500000000000000000e+01 1.322075782537067390e+01 5.000000000000000000e+01 2.777777777777777857e+01 1.800000000000000000e+01
5.600000000000000000e+01 1.247940691927512447e+01 1.944444444444444642e+01 3.333333333333332860e+01 7.000000000000000000e+00
5.700000000000000000e+01 1.210873146622734708e+01 2.500000000000000000e+01 4.444444444444444287e+01 9.000000000000000000e+00
5.800000000000000000e+01 1.247940691927512447e+01 3.333333333333332860e+01 3.055555555555555358e+01 1.200000000000000000e+01
5.900000000000000000e+01 1.157331136738056010e+01 3.055555555555555358e+01 3.611111111111110716e+01 1.100000000000000000e+01
6.000000000000000000e+01 1.173805601317957148e+01 2.777777777777777857e+01 4.444444444444444287e+01 1.000000000000000000e+01
6.100000000000000000e+01 1.214991762767710171e+01 3.611111111111110716e+01 2.222222222222222143e+01 1.300000000000000000e+01
6.200000000000000000e+01 1.223228995057660740e+01 2.500000000000000000e+01 3.333333333333332860e+01 9.000000000000000000e+00
6.300000000000000000e+01 1.194398682042833570e+01 2.222222222222222143e+01 1.944444444444444642e+01 8.000000000000000000e+00
6.400000000000000000e+01 1.260296540362438300e+01 1.388888888888888928e+01 1.111111111111111072e+01 5.000000000000000000e+00
6.500000000000000000e+01 1.235584843492586415e+01 1.666666666666666430e+01 1.111111111111111072e+01 6.000000000000000000e+00
6.600000000000000000e+01 1.322075782537067390e+01 1.388888888888888928e+01 1.111111111111111072e+01 5.000000000000000000e+00
6.700000000000000000e+01 1.289126853377265114e+01 1.666666666666666430e+01 1.388888888888888928e+01 6.000000000000000000e+00
6.800000000000000000e+01 1.260296540362438300e+01 2.500000000000000000e+01 1.666666666666666430e+01 9.000000000000000000e+00
6.900000000000000000e+01 1.136738056013179587e+01 3.333333333333332860e+01 1.944444444444444642e+01 1.200000000000000000e+01
7.000000000000000000e+01 1.149093904448105441e+01 3.611111111111110716e+01 1.388888888888888928e+01 1.300000000000000000e+01
7.100000000000000000e+01 1.144975288303130156e+01 3.055555555555555358e+01 8.333333333333332149e+00 1.100000000000000000e+01
7.200000000000000000e+01 1.132619439868204303e+01 6.111111111111110716e+01 5.555555555555555358e+00 2.200000000000000000e+01
7.300000000000000000e+01 1.243822075782536984e+01 3.055555555555555358e+01 0.000000000000000000e+00 1.100000000000000000e+01
7.400000000000000000e+01 1.243822075782536984e+01 1.111111111111111072e+01 0.000000000000000000e+00 4.000000000000000000e+00
7.500000000000000000e+01 1.239703459637561878e+01 2.222222222222222143e+01 0.000000000000000000e+00 8.000000000000000000e+00
7.600000000000000000e+01 1.132619439868204303e+01 1.666666666666666430e+01 0.000000000000000000e+00 6.000000000000000000e+00
7.700000000000000000e+01 1.140856672158154872e+01 1.388888888888888928e+01 0.000000000000000000e+00 5.000000000000000000e+00
7.800000000000000000e+01 1.112026359143327880e+01 1.111111111111111072e+01 0.000000000000000000e+00 4.000000000000000000e+00
7.900000000000000000e+01 1.198517298187809033e+01 2.222222222222222143e+01 0.000000000000000000e+00 8.000000000000000000e+00
8.000000000000000000e+01 1.136738056013179587e+01 1.388888888888888928e+01 0.000000000000000000e+00 5.000000000000000000e+00
8.100000000000000000e+01 1.144975288303130156e+01 3.333333333333332860e+01 0.000000000000000000e+00 1.200000000000000000e+01
8.200000000000000000e+01 1.124382207578253734e+01 1.944444444444444642e+01 0.000000000000000000e+00 7.000000000000000000e+00
8.300000000000000000e+01 1.124382207578253734e+01 3.611111111111110716e+01 0.000000000000000000e+00 1.300000000000000000e+01
8.400000000000000000e+01 1.198517298187809033e+01 1.666666666666666430e+01 0.000000000000000000e+00 6.000000000000000000e+00
8.500000000000000000e+01 1.169686985172981863e+01 1.111111111111111072e+01 0.000000000000000000e+00 4.000000000000000000e+00
8.600000000000000000e+01 1.025535420098846728e+01 1.111111111111111072e+01 0.000000000000000000e+00 4.000000000000000000e+00
8.700000000000000000e+01 9.967051070840197369e+00 1.111111111111111072e+01 0.000000000000000000e+00 4.000000000000000000e+00
8.800000000000000000e+01 9.761120263591433144e+00 1.111111111111111072e+01 0.000000000000000000e+00 4.000000000000000000e+00
8.900000000000000000e+01 9.555189456342668919e+00 1.111111111111111072e+01 0.000000000000000000e+00 4.000000000000000000e+00
9.000000000000000000e+01 1.017298187808896159e+01 1.111111111111111072e+01 0.000000000000000000e+00 4.000000000000000000e+00
9.100000000000000000e+01 1.083196046128500711e+01 1.111111111111111072e+01 0.000000000000000000e+00 4.000000000000000000e+00
9.200000000000000000e+01 1.091433278418451280e+01 1.388888888888888928e+01 0.000000000000000000e+00 5.000000000000000000e+00
9.300000000000000000e+01 1.136738056013179587e+01 8.333333333333332149e+00 0.000000000000000000e+00 3.000000000000000000e+00
9.400000000000000000e+01 1.136738056013179587e+01 8.333333333333332149e+00 0.000000000000000000e+00 3.000000000000000000e+00
9.500000000000000000e+01 1.087314662273476173e+01 5.555555555555555358e+00 0.000000000000000000e+00 2.000000000000000000e+00
9.600000000000000000e+01 1.132619439868204303e+01 1.111111111111111072e+01 0.000000000000000000e+00 4.000000000000000000e+00
9.700000000000000000e+01 1.033772652388797297e+01 1.666666666666666430e+01 0.000000000000000000e+00 6.000000000000000000e+00
9.800000000000000000e+01 1.054365733113673897e+01 1.388888888888888928e+01 0.000000000000000000e+00 5.000000000000000000e+00
9.900000000000000000e+01 1.013179571663920875e+01 1.666666666666666430e+01 0.000000000000000000e+00 6.000000000000000000e+00
1.000000000000000000e+02 1.029654036243822013e+01 1.944444444444444642e+01 0.000000000000000000e+00 7.000000000000000000e+00
1.010000000000000000e+02 9.967051070840197369e+00 3.055555555555555358e+01 0.000000000000000000e+00 1.100000000000000000e+01
1.020000000000000000e+02 1.046128500823723328e+01 2.222222222222222143e+01 0.000000000000000000e+00 8.000000000000000000e+00
1.030000000000000000e+02 1.095551894563426742e+01 2.500000000000000000e+01 0.000000000000000000e+00 9.000000000000000000e+00
1.040000000000000000e+02 1.099670510708401849e+01 2.222222222222222143e+01 0.000000000000000000e+00 8.000000000000000000e+00
1.050000000000000000e+02 1.050247116968698435e+01 2.222222222222222143e+01 0.000000000000000000e+00 8.000000000000000000e+00
1.060000000000000000e+02 1.099670510708401849e+01 2.500000000000000000e+01 0.000000000000000000e+00 9.000000000000000000e+00
1.070000000000000000e+02 1.046128500823723328e+01 3.055555555555555358e+01 0.000000000000000000e+00 1.100000000000000000e+01
1.080000000000000000e+02 1.198517298187809033e+01 3.888888888888889284e+01 0.000000000000000000e+00 1.400000000000000000e+01
1.090000000000000000e+02 1.128500823723229018e+01 2.777777777777777857e+01 0.000000000000000000e+00 1.000000000000000000e+01
1.100000000000000000e+02 1.276771004942339438e+01 1.944444444444444642e+01 0.000000000000000000e+00 7.000000000000000000e+00
1.110000000000000000e+02 1.289126853377265114e+01 1.666666666666666430e+01 0.000000000000000000e+00 6.000000000000000000e+00
1.120000000000000000e+02 1.297364085667215861e+01 1.111111111111111072e+01 0.000000000000000000e+00 4.000000000000000000e+00
1.130000000000000000e+02 1.202635914332784139e+01 1.111111111111111072e+01 0.000000000000000000e+00 4.000000000000000000e+00
1.140000000000000000e+02 1.223228995057660740e+01 2.777777777777777679e+00 0.000000000000000000e+00 1.000000000000000000e+00
1.150000000000000000e+02 1.243822075782536984e+01 5.555555555555555358e+00 0.000000000000000000e+00 2.000000000000000000e+00
1.160000000000000000e+02 1.177924217462932432e+01 1.388888888888888928e+01 0.000000000000000000e+00 5.000000000000000000e+00
1.170000000000000000e+02 1.186161449752883001e+01 1.666666666666666430e+01 0.000000000000000000e+00 6.000000000000000000e+00
1.180000000000000000e+02 1.173805601317957148e+01 2.500000000000000000e+01 0.000000000000000000e+00 9.000000000000000000e+00
1.190000000000000000e+02 1.186161449752883001e+01 3.055555555555555358e+01 0.000000000000000000e+00 1.100000000000000000e+01
1.200000000000000000e+02 1.058484349258649004e+01 3.333333333333332860e+01 0.000000000000000000e+00 1.200000000000000000e+01
1.210000000000000000e+02 1.161449752883031294e+01 3.055555555555555358e+01 0.000000000000000000e+00 1.100000000000000000e+01
1.220000000000000000e+02 1.149093904448105441e+01 1.944444444444444642e+01 0.000000000000000000e+00 7.000000000000000000e+00
1.230000000000000000e+02 1.157331136738056010e+01 2.222222222222222143e+01 0.000000000000000000e+00 8.000000000000000000e+00
1.240000000000000000e+02 1.149093904448105441e+01 3.055555555555555358e+01 0.000000000000000000e+00 1.100000000000000000e+01
1.250000000000000000e+02 1.107907742998352418e+01 3.611111111111110716e+01 0.000000000000000000e+00 1.300000000000000000e+01
1.260000000000000000e+02 1.206754530477759602e+01 4.166666666666667140e+01 0.000000000000000000e+00 1.500000000000000000e+01
1.270000000000000000e+02 1.194398682042833570e+01 4.166666666666667140e+01 0.000000000000000000e+00 1.500000000000000000e+01
1.280000000000000000e+02 1.396210873146622689e+01 3.611111111111110716e+01 0.000000000000000000e+00 1.300000000000000000e+01
1.290000000000000000e+02 1.173805601317957148e+01 2.777777777777777857e+01 0.000000000000000000e+00 1.000000000000000000e+01
1.300000000000000000e+02 1.149093904448105441e+01 3.611111111111110716e+01 0.000000000000000000e+00 1.300000000000000000e+01
1.310000000000000000e+02 1.128500823723229018e+01 3.888888888888889284e+01 0.000000000000000000e+00 1.400000000000000000e+01
1.320000000000000000e+02 1.140856672158154872e+01 4.166666666666667140e+01 0.000000000000000000e+00 1.500000000000000000e+01
1.330000000000000000e+02 1.066721581548599573e+01 3.055555555555555358e+01 2.777777777777777679e+00 1.100000000000000000e+01
1.340000000000000000e+02 1.050247116968698435e+01 3.611111111111110716e+01 2.777777777777777679e+00 1.300000000000000000e+01
1.350000000000000000e+02 1.074958813838550142e+01 2.222222222222222143e+01 5.555555555555555358e+00 8.000000000000000000e+00
1.360000000000000000e+02 1.169686985172981863e+01 1.944444444444444642e+01 5.555555555555555358e+00 7.000000000000000000e+00
1.370000000000000000e+02 1.186161449752883001e+01 5.555555555555555358e+00 5.555555555555555358e+00 2.000000000000000000e+00
1.380000000000000000e+02 1.161449752883031294e+01 5.555555555555555358e+00 5.555555555555555358e+00 2.000000000000000000e+00
1.390000000000000000e+02 1.198517298187809033e+01 0.000000000000000000e+00 8.333333333333332149e+00 -6.000000000000000000e+03
