# step, world, group,control
0.000000000000000000e+00 2.524711696869851707e+01 1.944444444444444642e+01 1.666666666666666430e+01 7.000000000000000000e+00
1.000000000000000000e+00 2.215815485996704837e+01 2.222222222222222143e+01 1.388888888888888928e+01 8.000000000000000000e+00
2.000000000000000000e+00 2.306425041186161451e+01 1.111111111111111072e+01 1.111111111111111072e+01 4.000000000000000000e+00
3.000000000000000000e+00 2.129324546952224040e+01 8.333333333333332149e+00 2.500000000000000000e+01 3.000000000000000000e+00
4.000000000000000000e+00 2.038714991762767781e+01 8.333333333333332149e+00 2.777777777777777857e+01 3.000000000000000000e+00
5.000000000000000000e+00 1.956342668863262091e+01 1.388888888888888928e+01 2.500000000000000000e+01 5.000000000000000000e+00
6.000000000000000000e+00 1.898682042833607753e+01 2.222222222222222143e+01 3.888888888888889284e+01 8.000000000000000000e+00
7.000000000000000000e+00 1.799835255354200925e+01 1.666666666666666430e+01 3.055555555555555358e+01 6.000000000000000000e+00
8.000000000000000000e+00 1.919275123558484353e+01 1.111111111111111072e+01 2.777777777777777857e+01 4.000000000000000000e+00
9.000000000000000000e+00 1.841021416803953770e+01 1.666666666666666430e+01 3.333333333333332860e+01 6.000000000000000000e+00
1.000000000000000000e+01 1.803953871499176387e+01 2.222222222222222143e+01 4.444444444444444287e+01 8.000000000000000000e+00
1.100000000000000000e+01 1.676276771004942390e+01 2.500000000000000000e+01 3.055555555555555358e+01 9.000000000000000000e+00
1.200000000000000000e+01 1.791598023064250356e+01 8.333333333333332149e+00 3.611111111111110716e+01 3.000000000000000000e+00
1.300000000000000000e+01 1.787479406919275249e+01 1.666666666666666430e+01 3.333333333333332860e+01 6.000000000000000000e+00
1.400000000000000000e+01 1.865733113673805477e+01 1.666666666666666430e+01 3.055555555555555358e+01 6.000000000000000000e+00
1.500000000000000000e+01 1.845140032948929232e+01 1.666666666666666430e+01 3.055555555555555358e+01 6.000000000000000000e+00
1.600000000000000000e+01 1.791598023064250356e+01 1.111111111111111072e+01 3.611111111111110716e+01 4.000000000000000000e+00
1.700000000000000000e+01 1.824546952224052632e+01 5.555555555555555358e+00 4.444444444444444287e+01 2.000000000000000000e+00
1.800000000000000000e+01 2.034596375617792319e+01 5.555555555555555358e+00 2.777777777777777857e+01 2.000000000000000000e+00
1.900000000000000000e+01 1.886326194398682077e+01 8.333333333333332149e+00 5.277777777777777857e+01 3.000000000000000000e+00
2.000000000000000000e+01 2.088138385502471195e+01 1.944444444444444642e+01 3.055555555555555358e+01 7.000000000000000000e+00
2.100000000000000000e+01 2.075782537067545519e+01 1.666666666666666430e+01 2.222222222222222143e+01 6.000000000000000000e+00
2.200000000000000000e+01 2.088138385502471195e+01 1.944444444444444642e+01 1.666666666666666430e+01 7.000000000000000000e+00
2.300000000000000000e+01 1.795716639209225818e+01 1.388888888888888928e+01 1.944444444444444642e+01 5.000000000000000000e+00
2.400000000000000000e+01 1.824546952224052632e+01 1.944444444444444642e+01 3.333333333333332860e+01 7.000000000000000000e+00
2.500000000000000000e+01 1.935749588138385491e+01 1.666666666666666430e+01 1.666666666666666430e+01 6.000000000000000000e+00
2.600000000000000000e+01 1.812191103789126956e+01 1.388888888888888928e+01 2.500000000000000000e+01 5.000000000000000000e+00
2.700000000000000000e+01 1.762767710049423542e+01 2.222222222222222143e+01 2.222222222222222143e+01 8.000000000000000000e+00
2.800000000000000000e+01 1.725700164744645804e+01 1.666666666666666430e+01 1.944444444444444642e+01 6.000000000000000000e+00
2.900000000000000000e+01 1.626853377265238976e+01 1.111111111111111072e+01 1.666666666666666430e+01 4.000000000000000000e+00
3.000000000000000000e+01 1.598023064250411807e+01 1.944444444444444642e+01 1.944444444444444642e+01 7.000000000000000000e+00
3.100000000000000000e+01 1.684514003294892959e+01 1.666666666666666430e+01 2.500000000000000000e+01 6.000000000000000000e+00
3.200000000000000000e+01 1.614497528830312945e+01 1.388888888888888928e+01 3.055555555555555358e+01 5.000000000000000000e+00
3.300000000000000000e+01 1.585667215815486131e+01 1.388888888888888928e+01 1.666666666666666430e+01 5.000000000000000000e+00
3.400000000000000000e+01 1.569192751235584993e+01 1.944444444444444642e+01 1.666666666666666430e+01 7.000000000000000000e+00
3.500000000000000000e+01 1.499176276771004801e+01 1.111111111111111072e+01 2.222222222222222143e+01 4.000000000000000000e+00
3.600000000000000000e+01 1.651565074135090683e+01 1.388888888888888928e+01 2.777777777777777857e+01 5.000000000000000000e+00
3.700000000000000000e+01 1.519769357495881579e+01 8.333333333333332149e+00 1.111111111111111072e+01 3.000000000000000000e+00
3.800000000000000000e+01 1.585667215815486131e+01 5.555555555555555358e+00 8.333333333333332149e+00 2.000000000000000000e+00
3.900000000000000000e+01 1.420922570016474573e+01 8.333333333333332149e+00 8.333333333333332149e+00 3.000000000000000000e+00
4.000000000000000000e+01 1.453871499176276849e+01 5.555555555555555358e+00 1.111111111111111072e+01 2.000000000000000000e+00
4.100000000000000000e+01 1.334431630971993421e+01 8.333333333333332149e+00 8.333333333333332149e+00 3.000000000000000000e+00
4.200000000000000000e+01 1.371499176276770804e+01 1.388888888888888928e+01 1.666666666666666430e+01 5.000000000000000000e+00
4.300000000000000000e+01 1.305601317957166252e+01 1.111111111111111072e+01 1.111111111111111072e+01 4.000000000000000000e+00
4.400000000000000000e+01 1.260296540362438300e+01 1.388888888888888928e+01 1.388888888888888928e+01 5.000000000000000000e+00
4.500000000000000000e+01 1.260296540362438300e+01 1.388888888888888928e+01 1.666666666666666430e+01 5.000000000000000000e+00
4.600000000000000000e+01 1.186161449752883001e+01 1.388888888888888928e+01 1.111111111111111072e+01 5.000000000000000000e+00
4.700000000000000000e+01 1.338550247116968528e+01 1.666666666666666430e+01 8.333333333333332149e+00 6.000000000000000000e+00
4.800000000000000000e+01 1.313838550247116999e+01 1.666666666666666430e+01 5.555555555555555358e+00 6.000000000000000000e+00
4.900000000000000000e+01 1.371499176276770804e+01 1.666666666666666430e+01 8.333333333333332149e+00 6.000000000000000000e+00
5.000000000000000000e+01 1.293245469522240576e+01 8.333333333333332149e+00 5.555555555555555358e+00 3.000000000000000000e+00
5.100000000000000000e+01 1.342668863261943990e+01 1.111111111111111072e+01 8.333333333333332149e+00 4.000000000000000000e+00
5.200000000000000000e+01 1.371499176276770804e+01 1.111111111111111072e+01 5.555555555555555358e+00 4.000000000000000000e+00
5.300000000000000000e+01 1.293245469522240576e+01 1.388888888888888928e+01 2.777777777777777679e+00 5.000000000000000000e+00
5.400000000000000000e+01 1.363261943986820413e+01 1.111111111111111072e+01 0.000000000000000000e+00 4.000000000000000000e+00
5.500000000000000000e+01 1.342668863261943990e+01 1.111111111111111072e+01 0.000000000000000000e+00 4.000000000000000000e+00
5.600000000000000000e+01 1.190280065897858286e+01 1.111111111111111072e+01 2.777777777777777679e+00 4.000000000000000000e+00
5.700000000000000000e+01 1.272652388797363976e+01 1.388888888888888928e+01 2.777777777777777679e+00 5.000000000000000000e+00
5.800000000000000000e+01 1.132619439868204303e+01 1.111111111111111072e+01 0.000000000000000000e+00 4.000000000000000000e+00
5.900000000000000000e+01 1.128500823723229018e+01 1.388888888888888928e+01 0.000000000000000000e+00 5.000000000000000000e+00
6.000000000000000000e+01 1.140856672158154872e+01 1.388888888888888928e+01 0.000000000000000000e+00 5.000000000000000000e+00
6.100000000000000000e+01 1.132619439868204303e+01 1.388888888888888928e+01 0.000000000000000000e+00 5.000000000000000000e+00
6.200000000000000000e+01 1.182042833607907717e+01 1.388888888888888928e+01 0.000000000000000000e+00 5.000000000000000000e+00
6.300000000000000000e+01 1.144975288303130156e+01 1.666666666666666430e+01 0.000000000000000000e+00 6.000000000000000000e+00
6.400000000000000000e+01 1.247940691927512447e+01 1.111111111111111072e+01 0.000000000000000000e+00 4.000000000000000000e+00
6.500000000000000000e+01 1.169686985172981863e+01 1.388888888888888928e+01 0.000000000000000000e+00 5.000000000000000000e+00
6.600000000000000000e+01 1.256177924217462838e+01 8.333333333333332149e+00 0.000000000000000000e+00 3.000000000000000000e+00
6.700000000000000000e+01 1.153212520593080725e+01 1.388888888888888928e+01 0.000000000000000000e+00 5.000000000000000000e+00
6.800000000000000000e+01 1.103789126853377311e+01 1.666666666666666430e+01 2.777777777777777679e+00 6.000000000000000000e+00
6.900000000000000000e+01 1.033772652388797297e+01 8.333333333333332149e+00 5.555555555555555358e+00 3.000000000000000000e+00
7.000000000000000000e+01 1.091433278418451280e+01 0.000000000000000000e+00 5.555555555555555358e+00 -6.000000000000000000e+03
