# step, world, group,control
0.000000000000000000e+00 2.623558484349258890e+01 3.055555555555555358e+01 3.888888888888889284e+01 1.100000000000000000e+01
1.000000000000000000e+00 2.454695222405271693e+01 3.611111111111110716e+01 3.333333333333332860e+01 1.300000000000000000e+01
2.000000000000000000e+00 2.561779242174629445e+01 3.611111111111110716e+01 5.000000000000000000e+01 1.300000000000000000e+01
3.000000000000000000e+00 2.429983525535420341e+01 2.222222222222222143e+01 1.666666666666666430e+01 8.000000000000000000e+00
4.000000000000000000e+00 2.462932454695222617e+01 2.500000000000000000e+01 1.388888888888888928e+01 9.000000000000000000e+00
5.000000000000000000e+00 2.178747940691927454e+01 2.500000000000000000e+01 1.111111111111111072e+01 9.000000000000000000e+00
6.000000000000000000e+00 2.232289950576606330e+01 1.944444444444444642e+01 2.777777777777777679e+00 7.000000000000000000e+00
7.000000000000000000e+00 2.133443163097199147e+01 2.222222222222222143e+01 1.111111111111111072e+01 8.000000000000000000e+00
8.000000000000000000e+00 2.166392092257001423e+01 1.388888888888888928e+01 8.333333333333332149e+00 5.000000000000000000e+00
9.000000000000000000e+00 2.038714991762767781e+01 1.111111111111111072e+01 2.777777777777777679e+00 4.000000000000000000e+00
1.000000000000000000e+01 2.005766062602965505e+01 1.666666666666666430e+01 2.777777777777777679e+00 6.000000000000000000e+00
1.100000000000000000e+01 1.923393739703459460e+01 1.944444444444444642e+01 5.555555555555555358e+00 7.000000000000000000e+00
1.200000000000000000e+01 1.787479406919275249e+01 1.944444444444444642e+01 2.777777777777777679e+00 7.000000000000000000e+00
1.300000000000000000e+01 1.902800658978583215e+01 2.500000000000000000e+01 2.777777777777777679e+00 9.000000000000000000e+00
1.400000000000000000e+01 1.816309719934102063e+01 3.611111111111110716e+01 2.777777777777777679e+00 1.300000000000000000e+01
1.500000000000000000e+01 1.927512355848434922e+01 3.055555555555555358e+01 2.777777777777777679e+00 1.100000000000000000e+01
1.600000000000000000e+01 1.911037891268533784e+01 3.055555555555555358e+01 2.777777777777777679e+00 1.100000000000000000e+01
1.700000000000000000e+01 1.635090609555189545e+01 4.444444444444444287e+01 2.777777777777777679e+00 1.600000000000000000e+01
1.800000000000000000e+01 1.618616144975288407e+01 4.166666666666667140e+01 8.333333333333332149e+00 1.500000000000000000e+01
1.900000000000000000e+01 1.548599670510708215e+01 4.166666666666667140e+01 1.388888888888888928e+01 1.500000000000000000e+01
2.000000000000000000e+01 1.709225700164744666e+01 3.888888888888889284e+01 1.666666666666666430e+01 1.400000000000000000e+01
2.100000000000000000e+01 1.589785831960461238e+01 3.055555555555555358e+01 1.666666666666666430e+01 1.100000000000000000e+01
2.200000000000000000e+01 1.651565074135090683e+01 3.888888888888889284e+01 3.055555555555555358e+01 1.400000000000000000e+01
2.300000000000000000e+01 1.618616144975288407e+01 2.777777777777777857e+01 1.944444444444444642e+01 1.000000000000000000e+01
2.400000000000000000e+01 1.540362438220757824e+01 3.888888888888889284e+01 2.222222222222222143e+01 1.400000000000000000e+01
2.500000000000000000e+01 1.515650741350905939e+01 2.777777777777777857e+01 1.944444444444444642e+01 1.000000000000000000e+01
2.600000000000000000e+01 1.400329489291597973e+01 3.333333333333332860e+01 2.500000000000000000e+01 1.200000000000000000e+01
2.700000000000000000e+01 1.383855024711696835e+01 2.500000000000000000e+01 2.777777777777777857e+01 9.000000000000000000e+00
2.800000000000000000e+01 1.379736408566721551e+01 3.333333333333332860e+01 2.777777777777777857e+01 1.200000000000000000e+01
2.900000000000000000e+01 1.379736408566721551e+01 2.500000000000000000e+01 3.611111111111110716e+01 9.000000000000000000e+00
3.000000000000000000e+01 1.206754530477759602e+01 4.444444444444444287e+01 2.500000000000000000e+01 1.600000000000000000e+01
3.100000000000000000e+01 1.107907742998352418e+01 3.333333333333332860e+01 3.611111111111110716e+01 1.200000000000000000e+01
3.200000000000000000e+01 1.091433278418451280e+01 4.166666666666667140e+01 2.500000000000000000e+01 1.500000000000000000e+01
3.300000000000000000e+01 1.128500823723229018e+01 2.500000000000000000e+01 1.666666666666666430e+01 9.000000000000000000e+00
3.400000000000000000e+01 1.029654036243822013e+01 1.388888888888888928e+01 1.388888888888888928e+01 5.000000000000000000e+00
3.500000000000000000e+01 1.050247116968698435e+01 1.388888888888888928e+01 1.944444444444444642e+01 5.000000000000000000e+00
3.600000000000000000e+01 1.009060955518945590e+01 1.666666666666666430e+01 2.222222222222222143e+01 6.000000000000000000e+00
3.700000000000000000e+01 1.165568369028006579e+01 1.944444444444444642e+01 1.111111111111111072e+01 7.000000000000000000e+00
3.800000000000000000e+01 1.046128500823723328e+01 1.666666666666666430e+01 1.111111111111111072e+01 6.000000000000000000e+00
3.900000000000000000e+01 9.678747940691927454e+00 2.222222222222222143e+01 1.111111111111111072e+01 8.000000000000000000e+00
4.000000000000000000e+01 9.390444810543657539e+00 1.666666666666666430e+01 1.666666666666666430e+01 6.000000000000000000e+00
4.100000000000000000e+01 9.143327841845140469e+00 1.388888888888888928e+01 1.388888888888888928e+01 5.000000000000000000e+00
4.200000000000000000e+01 1.062602965403624466e+01 1.944444444444444642e+01 2.222222222222222143e+01 7.000000000000000000e+00
4.300000000000000000e+01 7.660626029654035385e+00 2.500000000000000000e+01 2.222222222222222143e+01 9.000000000000000000e+00
4.400000000000000000e+01 8.360790774299834638e+00 1.666666666666666430e+01 2.777777777777777857e+01 6.000000000000000000e+00
4.500000000000000000e+01 7.660626029654035385e+00 1.944444444444444642e+01 3.055555555555555358e+01 7.000000000000000000e+00
4.600000000000000000e+01 8.525535420098846018e+00 2.777777777777777857e+01 3.055555555555555358e+01 1.000000000000000000e+01
4.700000000000000000e+01 8.649093904448106329e+00 2.500000000000000000e+01 1.944444444444444642e+01 9.000000000000000000e+00
4.800000000000000000e+01 9.761120263591433144e+00 3.333333333333332860e+01 2.500000000000000000e+01 1.200000000000000000e+01
4.900000000000000000e+01 1.124382207578253734e+01 2.222222222222222143e+01 2.222222222222222143e+01 8.000000000000000000e+00
5.000000000000000000e+01 1.169686985172981863e+01 2.500000000000000000e+01 2.500000000000000000e+01 9.000000000000000000e+00
5.100000000000000000e+01 1.136738056013179587e+01 2.777777777777777857e+01 3.333333333333332860e+01 1.000000000000000000e+01
5.200000000000000000e+01 1.194398682042833570e+01 2.222222222222222143e+01 2.222222222222222143e+01 8.000000000000000000e+00
5.300000000000000000e+01 1.206754530477759602e+01 3.333333333333332860e+01 4.722222222222222854e+01 1.200000000000000000e+01
5.400000000000000000e+01 1.243822075782536984e+01 3.055555555555555358e+01 2.777777777777777857e+01 1.100000000000000000e+01
5.500000000000000000e+01 1.223228995057660740e+01 1.944444444444444642e+01 3.055555555555555358e+01 7.000000000000000000e+00
5.600000000000000000e+01 1.235584843492586415e+01 1.666666666666666430e+01 2.777777777777777857e+01 6.000000000000000000e+00
5.700000000000000000e+01 1.313838550247116999e+01 1.666666666666666430e+01 1.388888888888888928e+01 6.000000000000000000e+00
5.800000000000000000e+01 1.243822075782536984e+01 2.222222222222222143e+01 8.333333333333332149e+00 8.000000000000000000e+00
5.900000000000000000e+01 1.293245469522240576e+01 1.944444444444444642e+01 5.555555555555555358e+00 7.000000000000000000e+00
6.000000000000000000e+01 1.301482701812190967e+01 5.555555555555555358e+00 5.555555555555555358e+00 2.000000000000000000e+00
6.100000000000000000e+01 1.445634266886326103e+01 5.555555555555555358e+00 5.555555555555555358e+00 2.000000000000000000e+00
6.200000000000000000e+01 1.297364085667215861e+01 5.555555555555555358e+00 5.555555555555555358e+00 2.000000000000000000e+00
6.300000000000000000e+01 1.383855024711696835e+01 2.777777777777777679e+00 5.555555555555555358e+00 1.000000000000000000e+00
6.400000000000000000e+01 1.346787479406919275e+01 5.555555555555555358e+00 5.555555555555555358e+00 2.000000000000000000e+00
6.500000000000000000e+01 1.330313014827018137e+01 1.111111111111111072e+01 5.555555555555555358e+00 4.000000000000000000e+00
6.600000000000000000e+01 1.363261943986820413e+01 5.555555555555555358e+00 5.555555555555555358e+00 2.000000000000000000e+00
6.700000000000000000e+01 1.186161449752883001e+01 5.555555555555555358e+00 0.000000000000000000e+00 2.000000000000000000e+00
6.800000000000000000e+01 1.136738056013179587e+01 5.555555555555555358e+00 0.000000000000000000e+00 2.000000000000000000e+00
6.900000000000000000e+01 1.083196046128500711e+01 8.333333333333332149e+00 0.000000000000000000e+00 3.000000000000000000e+00
7.000000000000000000e+01 1.025535420098846728e+01 8.333333333333332149e+00 0.000000000000000000e+00 3.000000000000000000e+00
7.100000000000000000e+01 1.062602965403624466e+01 1.111111111111111072e+01 0.000000000000000000e+00 4.000000000000000000e+00
7.200000000000000000e+01 1.058484349258649004e+01 1.111111111111111072e+01 0.000000000000000000e+00 4.000000000000000000e+00
7.300000000000000000e+01 9.596375617792421764e+00 1.388888888888888928e+01 0.000000000000000000e+00 5.000000000000000000e+00
7.400000000000000000e+01 9.019769357495881934e+00 2.222222222222222143e+01 0.000000000000000000e+00 8.000000000000000000e+00
7.500000000000000000e+01 9.472817133443163229e+00 1.666666666666666430e+01 0.000000000000000000e+00 6.000000000000000000e+00
7.600000000000000000e+01 1.025535420098846728e+01 1.388888888888888928e+01 0.000000000000000000e+00 5.000000000000000000e+00
7.700000000000000000e+01 9.225700164744646159e+00 1.388888888888888928e+01 0.000000000000000000e+00 5.000000000000000000e+00
7.800000000000000000e+01 1.029654036243822013e+01 1.666666666666666430e+01 0.000000000000000000e+00 6.000000000000000000e+00
7.900000000000000000e+01 9.225700164744646159e+00 1.944444444444444642e+01 0.000000000000000000e+00 7.000000000000000000e+00
8.000000000000000000e+01 9.555189456342668919e+00 1.666666666666666430e+01 0.000000000000000000e+00 6.000000000000000000e+00
8.100000000000000000e+01 8.896210873146623399e+00 5.555555555555555358e+00 0.000000000000000000e+00 2.000000000000000000e+00
8.200000000000000000e+01 8.566721581548600639e+00 1.111111111111111072e+01 0.000000000000000000e+00 4.000000000000000000e+00
8.300000000000000000e+01 8.401976935749589259e+00 1.388888888888888928e+01 0.000000000000000000e+00 5.000000000000000000e+00
8.400000000000000000e+01 8.525535420098846018e+00 1.111111111111111072e+01 0.000000000000000000e+00 4.000000000000000000e+00
8.500000000000000000e+01 8.813838550247117709e+00 8.333333333333332149e+00 0.000000000000000000e+00 3.000000000000000000e+00
8.600000000000000000e+01 9.472817133443163229e+00 1.111111111111111072e+01 0.000000000000000000e+00 4.000000000000000000e+00
8.700000000000000000e+01 9.472817133443163229e+00 1.111111111111111072e+01 0.000000000000000000e+00 4.000000000000000000e+00
8.800000000000000000e+01 9.349258649093904694e+00 1.111111111111111072e+01 0.000000000000000000e+00 4.000000000000000000e+00
8.900000000000000000e+01 9.266886326194399004e+00 5.555555555555555358e+00 0.000000000000000000e+00 2.000000000000000000e+00
9.000000000000000000e+01 1.017298187808896159e+01 0.000000000000000000e+00 0.000000000000000000e+00 -6.000000000000000000e+03
