# step, world, group,control
0.000000000000000000e+00 2.751235584843492887e+01 3.333333333333332860e+01 3.333333333333332860e+01 1.200000000000000000e+01
1.000000000000000000e+00 2.343492586490938834e+01 3.333333333333332860e+01 2.222222222222222143e+01 1.200000000000000000e+01
2.000000000000000000e+00 2.294069192751235420e+01 2.777777777777777857e+01 3.333333333333332860e+01 1.000000000000000000e+01
3.000000000000000000e+00 2.261120263591433144e+01 2.222222222222222143e+01 1.944444444444444642e+01 8.000000000000000000e+00
4.000000000000000000e+00 2.038714991762767781e+01 3.333333333333332860e+01 1.944444444444444642e+01 1.200000000000000000e+01
5.000000000000000000e+00 1.939868204283360598e+01 3.055555555555555358e+01 1.944444444444444642e+01 1.100000000000000000e+01
6.000000000000000000e+00 2.030477759472817212e+01 2.222222222222222143e+01 1.666666666666666430e+01 8.000000000000000000e+00
7.000000000000000000e+00 2.067545304777594595e+01 4.166666666666667140e+01 1.666666666666666430e+01 1.500000000000000000e+01
8.000000000000000000e+00 1.902800658978583215e+01 2.777777777777777857e+01 1.944444444444444642e+01 1.000000000000000000e+01
9.000000000000000000e+00 1.766886326194398649e+01 2.500000000000000000e+01 1.944444444444444642e+01 9.000000000000000000e+00
1.000000000000000000e+01 1.898682042833607753e+01 1.666666666666666430e+01 1.944444444444444642e+01 6.000000000000000000e+00
1.100000000000000000e+01 1.696869851729818990e+01 2.777777777777777857e+01 2.222222222222222143e+01 1.000000000000000000e+01
1.200000000000000000e+01 1.742174629324546942e+01 3.333333333333332860e+01 1.666666666666666430e+01 1.200000000000000000e+01
1.300000000000000000e+01 1.746293245469522404e+01 3.611111111111110716e+01 1.666666666666666430e+01 1.300000000000000000e+01
1.400000000000000000e+01 1.738056013179571480e+01 2.500000000000000000e+01 2.500000000000000000e+01 9.000000000000000000e+00
1.500000000000000000e+01 1.803953871499176387e+01 1.666666666666666430e+01 2.777777777777777857e+01 6.000000000000000000e+00
1.600000000000000000e+01 1.750411861614497511e+01 8.333333333333332149e+00 2.500000000000000000e+01 3.000000000000000000e+00
1.700000000000000000e+01 1.721581548599670342e+01 1.666666666666666430e+01 3.888888888888889284e+01 6.000000000000000000e+00
1.800000000000000000e+01 1.775123558484349218e+01 1.388888888888888928e+01 2.777777777777777857e+01 5.000000000000000000e+00
1.900000000000000000e+01 1.750411861614497511e+01 1.388888888888888928e+01 5.277777777777777857e+01 5.000000000000000000e+00
2.000000000000000000e+01 1.676276771004942390e+01 1.666666666666666430e+01 1.666666666666666430e+01 6.000000000000000000e+00
2.100000000000000000e+01 1.721581548599670342e+01 1.388888888888888928e+01 2.500000000000000000e+01 5.000000000000000000e+00
2.200000000000000000e+01 1.598023064250411807e+01 1.388888888888888928e+01 2.222222222222222143e+01 5.000000000000000000e+00
2.300000000000000000e+01 1.445634266886326103e+01 1.944444444444444642e+01 3.333333333333332860e+01 7.000000000000000000e+00
2.400000000000000000e+01 1.408566721581548720e+01 1.666666666666666430e+01 2.222222222222222143e+01 6.000000000000000000e+00
2.500000000000000000e+01 1.383855024711696835e+01 1.944444444444444642e+01 3.055555555555555358e+01 7.000000000000000000e+00
2.600000000000000000e+01 1.326194398682042852e+01 2.500000000000000000e+01 3.333333333333332860e+01 9.000000000000000000e+00
2.700000000000000000e+01 1.322075782537067390e+01 1.666666666666666430e+01 4.166666666666667140e+01 6.000000000000000000e+00
2.800000000000000000e+01 1.247940691927512447e+01 1.944444444444444642e+01 3.333333333333332860e+01 7.000000000000000000e+00
2.900000000000000000e+01 1.252059308072487553e+01 2.777777777777777857e+01 3.611111111111110716e+01 1.000000000000000000e+01
3.000000000000000000e+01 1.239703459637561878e+01 1.666666666666666430e+01 3.611111111111110716e+01 6.000000000000000000e+00
3.100000000000000000e+01 1.239703459637561878e+01 1.944444444444444642e+01 3.055555555555555358e+01 7.000000000000000000e+00
3.200000000000000000e+01 1.322075782537067390e+01 1.666666666666666430e+01 1.944444444444444642e+01 6.000000000000000000e+00
3.300000000000000000e+01 1.264415156507413585e+01 1.944444444444444642e+01 3.055555555555555358e+01 7.000000000000000000e+00
3.400000000000000000e+01 1.260296540362438300e+01 1.666666666666666430e+01 4.444444444444444287e+01 6.000000000000000000e+00
3.500000000000000000e+01 1.103789126853377311e+01 2.222222222222222143e+01 1.666666666666666430e+01 8.000000000000000000e+00
3.600000000000000000e+01 1.083196046128500711e+01 3.333333333333332860e+01 1.388888888888888928e+01 1.200000000000000000e+01
3.700000000000000000e+01 1.058484349258649004e+01 2.777777777777777857e+01 1.111111111111111072e+01 1.000000000000000000e+01
3.800000000000000000e+01 1.054365733113673897e+01 5.000000000000000000e+01 1.666666666666666430e+01 1.800000000000000000e+01
3.900000000000000000e+01 1.058484349258649004e+01 1.388888888888888928e+01 1.388888888888888928e+01 5.000000000000000000e+00
4.000000000000000000e+01 9.802306425041185989e+00 1.666666666666666430e+01 1.944444444444444642e+01 6.000000000000000000e+00
4.100000000000000000e+01 1.058484349258649004e+01 1.944444444444444642e+01 1.944444444444444642e+01 7.000000000000000000e+00
4.200000000000000000e+01 9.349258649093904694e+00 1.111111111111111072e+01 2.777777777777777857e+01 4.000000000000000000e+00
4.300000000000000000e+01 8.401976935749589259e+00 2.222222222222222143e+01 2.777777777777777857e+01 8.000000000000000000e+00
4.400000000000000000e+01 8.237232289950576103e+00 1.388888888888888928e+01 1.111111111111111072e+01 5.000000000000000000e+00
4.500000000000000000e+01 8.196046128500823258e+00 1.666666666666666430e+01 5.555555555555555358e+00 6.000000000000000000e+00
4.600000000000000000e+01 8.401976935749589259e+00 1.388888888888888928e+01 5.555555555555555358e+00 5.000000000000000000e+00
4.700000000000000000e+01 8.525535420098846018e+00 1.388888888888888928e+01 2.777777777777777679e+00 5.000000000000000000e+00
4.800000000000000000e+01 8.319604612850081793e+00 8.333333333333332149e+00 5.555555555555555358e+00 3.000000000000000000e+00
4.900000000000000000e+01 7.207578253706754978e+00 1.111111111111111072e+01 2.777777777777777679e+00 4.000000000000000000e+00
5.000000000000000000e+01 7.537067545304777738e+00 1.388888888888888928e+01 5.555555555555555358e+00 5.000000000000000000e+00
5.100000000000000000e+01 7.084019769357495555e+00 1.388888888888888928e+01 2.777777777777777679e+00 5.000000000000000000e+00
5.200000000000000000e+01 7.413509060955518315e+00 1.666666666666666430e+01 5.555555555555555358e+00 6.000000000000000000e+00
5.300000000000000000e+01 7.084019769357495555e+00 1.666666666666666430e+01 2.777777777777777679e+00 6.000000000000000000e+00
5.400000000000000000e+01 7.001647446457989865e+00 1.666666666666666430e+01 5.555555555555555358e+00 6.000000000000000000e+00
5.500000000000000000e+01 7.907742998352553343e+00 8.333333333333332149e+00 2.777777777777777679e+00 3.000000000000000000e+00
5.600000000000000000e+01 7.866556836902800498e+00 0.000000000000000000e+00 5.555555555555555358e+00 -6.000000000000000000e+03
