# step, world, group,control
0.000000000000000000e+00 2.813014827018121977e+01 4.166666666666667140e+01 4.722222222222222854e+01 1.500000000000000000e+01
1.000000000000000000e+00 2.718286655683690611e+01 2.777777777777777857e+01 3.611111111111110716e+01 1.000000000000000000e+01
2.000000000000000000e+00 2.483525535420098862e+01 4.444444444444444287e+01 3.611111111111110716e+01 1.600000000000000000e+01
3.000000000000000000e+00 2.590609555189456614e+01 3.888888888888889284e+01 5.555555555555555713e+01 1.400000000000000000e+01
4.000000000000000000e+00 2.644151565074134780e+01 3.333333333333332860e+01 2.500000000000000000e+01 1.200000000000000000e+01
5.000000000000000000e+00 2.594728171334431721e+01 2.777777777777777857e+01 3.611111111111110716e+01 1.000000000000000000e+01
6.000000000000000000e+00 2.281713344316309744e+01 3.333333333333332860e+01 3.055555555555555358e+01 1.200000000000000000e+01
7.000000000000000000e+00 2.368204283360790896e+01 2.777777777777777857e+01 3.888888888888889284e+01 1.000000000000000000e+01
8.000000000000000000e+00 2.298187808896210882e+01 3.611111111111110716e+01 3.888888888888889284e+01 1.300000000000000000e+01
9.000000000000000000e+00 2.364085667215815434e+01 3.611111111111110716e+01 3.888888888888889284e+01 1.300000000000000000e+01
1.000000000000000000e+01 2.096375617792421764e+01 4.166666666666667140e+01 3.611111111111110716e+01 1.500000000000000000e+01
1.100000000000000000e+01 2.121087314662273471e+01 4.166666666666667140e+01 2.222222222222222143e+01 1.500000000000000000e+01
1.200000000000000000e+01 2.079901153212520626e+01 3.055555555555555358e+01 1.388888888888888928e+01 1.100000000000000000e+01
1.300000000000000000e+01 2.014003294892916074e+01 2.222222222222222143e+01 1.388888888888888928e+01 8.000000000000000000e+00
1.400000000000000000e+01 2.100494233937396871e+01 1.944444444444444642e+01 1.944444444444444642e+01 7.000000000000000000e+00
1.500000000000000000e+01 2.067545304777594595e+01 2.500000000000000000e+01 1.666666666666666430e+01 9.000000000000000000e+00
1.600000000000000000e+01 1.989291598023064367e+01 2.777777777777777857e+01 1.666666666666666430e+01 1.000000000000000000e+01
1.700000000000000000e+01 1.956342668863262091e+01 1.666666666666666430e+01 1.111111111111111072e+01 6.000000000000000000e+00
1.800000000000000000e+01 1.882207578253706615e+01 2.777777777777777857e+01 8.333333333333332149e+00 1.000000000000000000e+01
1.900000000000000000e+01 1.911037891268533784e+01 2.500000000000000000e+01 8.333333333333332149e+00 9.000000000000000000e+00
2.000000000000000000e+01 1.803953871499176387e+01 2.777777777777777857e+01 8.333333333333332149e+00 1.000000000000000000e+01
2.100000000000000000e+01 1.812191103789126956e+01 2.222222222222222143e+01 0.000000000000000000e+00 8.000000000000000000e+00
2.200000000000000000e+01 1.816309719934102063e+01 3.055555555555555358e+01 0.000000000000000000e+00 1.100000000000000000e+01
2.300000000000000000e+01 1.894563426688632646e+01 3.055555555555555358e+01 0.000000000000000000e+00 1.100000000000000000e+01
2.400000000000000000e+01 1.622734761120263514e+01 3.611111111111110716e+01 0.000000000000000000e+00 1.300000000000000000e+01
2.500000000000000000e+01 1.622734761120263514e+01 3.611111111111110716e+01 0.000000000000000000e+00 1.300000000000000000e+01
2.600000000000000000e+01 1.420922570016474573e+01 3.055555555555555358e+01 0.000000000000000000e+00 1.100000000000000000e+01
2.700000000000000000e+01 1.416803953871499111e+01 1.666666666666666430e+01 2.777777777777777679e+00 6.000000000000000000e+00
2.800000000000000000e+01 1.301482701812190967e+01 2.500000000000000000e+01 2.777777777777777679e+00 9.000000000000000000e+00
2.900000000000000000e+01 1.350906095551894559e+01 1.666666666666666430e+01 2.777777777777777679e+00 6.000000000000000000e+00
3.000000000000000000e+01 1.276771004942339438e+01 1.666666666666666430e+01 2.777777777777777679e+00 6.000000000000000000e+00
3.100000000000000000e+01 1.322075782537067390e+01 1.666666666666666430e+01 5.555555555555555358e+00 6.000000000000000000e+00
3.200000000000000000e+01 1.433278418451400249e+01 1.666666666666666430e+01 2.777777777777777679e+00 6.000000000000000000e+00
3.300000000000000000e+01 1.478583196046128556e+01 2.222222222222222143e+01 2.777777777777777679e+00 8.000000000000000000e+00
3.400000000000000000e+01 1.437397034596375711e+01 1.666666666666666430e+01 8.333333333333332149e+00 6.000000000000000000e+00
3.500000000000000000e+01 1.437397034596375711e+01 1.944444444444444642e+01 8.333333333333332149e+00 7.000000000000000000e+00
3.600000000000000000e+01 1.515650741350905939e+01 1.666666666666666430e+01 1.388888888888888928e+01 6.000000000000000000e+00
3.700000000000000000e+01 1.532125205930807077e+01 1.388888888888888928e+01 1.111111111111111072e+01 5.000000000000000000e+00
3.800000000000000000e+01 1.499176276771004801e+01 1.944444444444444642e+01 2.222222222222222143e+01 7.000000000000000000e+00
3.900000000000000000e+01 1.523887973640856686e+01 2.222222222222222143e+01 1.388888888888888928e+01 8.000000000000000000e+00
4.000000000000000000e+01 1.593904448105436522e+01 3.055555555555555358e+01 1.111111111111111072e+01 1.100000000000000000e+01
4.100000000000000000e+01 1.478583196046128556e+01 2.777777777777777857e+01 1.666666666666666430e+01 1.000000000000000000e+01
4.200000000000000000e+01 1.536243822075782717e+01 2.500000000000000000e+01 2.500000000000000000e+01 9.000000000000000000e+00
4.300000000000000000e+01 1.503294892915980263e+01 3.333333333333332860e+01 1.111111111111111072e+01 1.200000000000000000e+01
4.400000000000000000e+01 1.441515650741350996e+01 2.222222222222222143e+01 3.055555555555555358e+01 8.000000000000000000e+00
4.500000000000000000e+01 1.322075782537067390e+01 2.500000000000000000e+01 2.500000000000000000e+01 9.000000000000000000e+00
4.600000000000000000e+01 1.363261943986820413e+01 2.500000000000000000e+01 3.055555555555555358e+01 9.000000000000000000e+00
4.700000000000000000e+01 1.260296540362438300e+01 1.944444444444444642e+01 1.388888888888888928e+01 7.000000000000000000e+00
4.800000000000000000e+01 1.054365733113673897e+01 3.333333333333332860e+01 1.388888888888888928e+01 1.200000000000000000e+01
4.900000000000000000e+01 1.033772652388797297e+01 2.777777777777777857e+01 1.944444444444444642e+01 1.000000000000000000e+01
5.000000000000000000e+01 9.184514003294893314e+00 3.611111111111110716e+01 2.222222222222222143e+01 1.300000000000000000e+01
5.100000000000000000e+01 8.525535420098846018e+00 4.166666666666667140e+01 2.222222222222222143e+01 1.500000000000000000e+01
5.200000000000000000e+01 9.514003294892916074e+00 1.944444444444444642e+01 2.777777777777777857e+01 7.000000000000000000e+00
5.300000000000000000e+01 9.102141680395387624e+00 1.944444444444444642e+01 2.777777777777777857e+01 7.000000000000000000e+00
5.400000000000000000e+01 9.225700164744646159e+00 1.666666666666666430e+01 4.722222222222222854e+01 6.000000000000000000e+00
5.500000000000000000e+01 9.431630971993410384e+00 1.666666666666666430e+01 1.388888888888888928e+01 6.000000000000000000e+00
5.600000000000000000e+01 9.925864909390444524e+00 2.500000000000000000e+01 1.111111111111111072e+01 9.000000000000000000e+00
5.700000000000000000e+01 9.184514003294893314e+00 2.777777777777777857e+01 1.388888888888888928e+01 1.000000000000000000e+01
5.800000000000000000e+01 9.967051070840197369e+00 2.222222222222222143e+01 1.944444444444444642e+01 8.000000000000000000e+00
5.900000000000000000e+01 8.896210873146623399e+00 2.500000000000000000e+01 1.944444444444444642e+01 9.000000000000000000e+00
6.000000000000000000e+01 9.514003294892916074e+00 3.888888888888889284e+01 1.944444444444444642e+01 1.400000000000000000e+01
6.100000000000000000e+01 9.143327841845140469e+00 1.944444444444444642e+01 1.944444444444444642e+01 7.000000000000000000e+00
6.200000000000000000e+01 1.004942339373970306e+01 1.666666666666666430e+01 1.666666666666666430e+01 6.000000000000000000e+00
6.300000000000000000e+01 9.266886326194399004e+00 2.222222222222222143e+01 2.777777777777777857e+01 8.000000000000000000e+00
6.400000000000000000e+01 9.225700164744646159e+00 2.777777777777777857e+01 2.222222222222222143e+01 1.000000000000000000e+01
6.500000000000000000e+01 8.113673805601317568e+00 2.500000000000000000e+01 3.055555555555555358e+01 9.000000000000000000e+00
6.600000000000000000e+01 9.596375617792421764e+00 2.222222222222222143e+01 1.944444444444444642e+01 8.000000000000000000e+00
6.700000000000000000e+01 8.896210873146623399e+00 3.888888888888889284e+01 2.500000000000000000e+01 1.400000000000000000e+01
6.800000000000000000e+01 1.066721581548599573e+01 2.500000000000000000e+01 2.222222222222222143e+01 9.000000000000000000e+00
6.900000000000000000e+01 1.009060955518945590e+01 4.166666666666667140e+01 1.666666666666666430e+01 1.500000000000000000e+01
7.000000000000000000e+01 1.037891268533772759e+01 3.611111111111110716e+01 2.500000000000000000e+01 1.300000000000000000e+01
7.100000000000000000e+01 9.719934102141680299e+00 4.444444444444444287e+01 1.666666666666666430e+01 1.600000000000000000e+01
7.200000000000000000e+01 9.719934102141680299e+00 4.166666666666667140e+01 2.222222222222222143e+01 1.500000000000000000e+01
7.300000000000000000e+01 8.813838550247117709e+00 4.444444444444444287e+01 2.222222222222222143e+01 1.600000000000000000e+01
7.400000000000000000e+01 8.154859967051070413e+00 3.333333333333332860e+01 1.944444444444444642e+01 1.200000000000000000e+01
7.500000000000000000e+01 8.237232289950576103e+00 3.888888888888889284e+01 1.388888888888888928e+01 1.400000000000000000e+01
7.600000000000000000e+01 8.649093904448106329e+00 5.000000000000000000e+01 1.388888888888888928e+01 1.800000000000000000e+01
7.700000000000000000e+01 9.472817133443163229e+00 3.888888888888889284e+01 1.111111111111111072e+01 1.400000000000000000e+01
7.800000000000000000e+01 8.896210873146623399e+00 3.611111111111110716e+01 1.111111111111111072e+01 1.300000000000000000e+01
7.900000000000000000e+01 9.719934102141680299e+00 4.166666666666667140e+01 1.944444444444444642e+01 1.500000000000000000e+01
8.000000000000000000e+01 9.802306425041185989e+00 3.333333333333332860e+01 2.222222222222222143e+01 1.200000000000000000e+01
8.100000000000000000e+01 1.029654036243822013e+01 2.222222222222222143e+01 3.888888888888889284e+01 8.000000000000000000e+00
8.200000000000000000e+01 9.019769357495881934e+00 3.611111111111110716e+01 3.055555555555555358e+01 1.300000000000000000e+01
8.300000000000000000e+01 8.978583196046129089e+00 3.333333333333332860e+01 4.166666666666667140e+01 1.200000000000000000e+01
8.400000000000000000e+01 8.690280065897857398e+00 3.888888888888889284e+01 4.722222222222222854e+01 1.400000000000000000e+01
8.500000000000000000e+01 9.390444810543657539e+00 4.444444444444444287e+01 3.333333333333332860e+01 1.600000000000000000e+01
8.600000000000000000e+01 9.843492586490938834e+00 4.166666666666667140e+01 3.888888888888889284e+01 1.500000000000000000e+01
8.700000000000000000e+01 1.009060955518945590e+01 3.333333333333332860e+01 2.777777777777777857e+01 1.200000000000000000e+01
8.800000000000000000e+01 1.083196046128500711e+01 2.222222222222222143e+01 3.888888888888889284e+01 8.000000000000000000e+00
8.900000000000000000e+01 1.066721581548599573e+01 2.777777777777777857e+01 2.777777777777777857e+01 1.000000000000000000e+01
9.000000000000000000e+01 1.157331136738056010e+01 2.500000000000000000e+01 3.888888888888889284e+01 9.000000000000000000e+00
9.100000000000000000e+01 1.132619439868204303e+01 2.222222222222222143e+01 3.333333333333332860e+01 8.000000000000000000e+00
9.200000000000000000e+01 1.021416803953871444e+01 2.777777777777777857e+01 3.611111111111110716e+01 1.000000000000000000e+01
9.300000000000000000e+01 1.103789126853377311e+01 2.777777777777777857e+01 3.888888888888889284e+01 1.000000000000000000e+01
9.400000000000000000e+01 9.678747940691927454e+00 5.555555555555555713e+01 3.333333333333332860e+01 2.000000000000000000e+01
9.500000000000000000e+01 1.173805601317957148e+01 1.944444444444444642e+01 5.000000000000000000e+01 7.000000000000000000e+00
9.600000000000000000e+01 1.058484349258649004e+01 2.222222222222222143e+01 3.888888888888889284e+01 8.000000000000000000e+00
9.700000000000000000e+01 1.054365733113673897e+01 2.777777777777777857e+01 2.777777777777777857e+01 1.000000000000000000e+01
9.800000000000000000e+01 1.070840197693575035e+01 4.166666666666667140e+01 2.222222222222222143e+01 1.500000000000000000e+01
9.900000000000000000e+01 1.004942339373970306e+01 2.777777777777777857e+01 2.777777777777777857e+01 1.000000000000000000e+01
1.000000000000000000e+02 1.013179571663920875e+01 4.444444444444444287e+01 2.222222222222222143e+01 1.600000000000000000e+01
1.010000000000000000e+02 1.116144975288303165e+01 1.111111111111111072e+01 3.055555555555555358e+01 4.000000000000000000e+00
1.020000000000000000e+02 1.153212520593080725e+01 8.333333333333332149e+00 2.777777777777777857e+01 3.000000000000000000e+00
1.030000000000000000e+02 1.079077429983525604e+01 2.222222222222222143e+01 2.500000000000000000e+01 8.000000000000000000e+00
1.040000000000000000e+02 1.095551894563426742e+01 1.666666666666666430e+01 2.500000000000000000e+01 6.000000000000000000e+00
1.050000000000000000e+02 1.087314662273476173e+01 1.111111111111111072e+01 3.055555555555555358e+01 4.000000000000000000e+00
1.060000000000000000e+02 1.120263591433278449e+01 5.555555555555555358e+00 2.777777777777777857e+01 2.000000000000000000e+00
1.070000000000000000e+02 1.235584843492586415e+01 0.000000000000000000e+00 3.611111111111110716e+01 -6.000000000000000000e+03
