# step, world, group,control
0.000000000000000000e+00 2.763591433278418208e+01 2.777777777777777857e+01 2.777777777777777857e+01 1.000000000000000000e+01
1.000000000000000000e+00 2.561779242174629445e+01 2.500000000000000000e+01 3.055555555555555358e+01 9.000000000000000000e+00
2.000000000000000000e+00 2.512355848434925676e+01 3.055555555555555358e+01 3.611111111111110716e+01 1.100000000000000000e+01
3.000000000000000000e+00 2.355848434925864865e+01 1.666666666666666430e+01 2.777777777777777857e+01 6.000000000000000000e+00
4.000000000000000000e+00 2.392915980230642248e+01 3.611111111111110716e+01 3.055555555555555358e+01 1.300000000000000000e+01
5.000000000000000000e+00 2.215815485996704837e+01 1.388888888888888928e+01 3.611111111111110716e+01 5.000000000000000000e+00
6.000000000000000000e+00 2.343492586490938834e+01 1.944444444444444642e+01 2.777777777777777857e+01 7.000000000000000000e+00
7.000000000000000000e+00 2.067545304777594595e+01 3.055555555555555358e+01 2.777777777777777857e+01 1.100000000000000000e+01
8.000000000000000000e+00 2.174629324546952347e+01 3.333333333333332860e+01 3.055555555555555358e+01 1.200000000000000000e+01
9.000000000000000000e+00 2.014003294892916074e+01 2.777777777777777857e+01 4.722222222222222854e+01 1.000000000000000000e+01
1.000000000000000000e+01 2.162273476112026316e+01 2.777777777777777857e+01 1.944444444444444642e+01 1.000000000000000000e+01
1.100000000000000000e+01 2.067545304777594595e+01 3.888888888888889284e+01 1.111111111111111072e+01 1.400000000000000000e+01
1.200000000000000000e+01 1.935749588138385491e+01 1.944444444444444642e+01 1.388888888888888928e+01 7.000000000000000000e+00
1.300000000000000000e+01 1.836902800658978663e+01 2.222222222222222143e+01 1.388888888888888928e+01 8.000000000000000000e+00
1.400000000000000000e+01 1.828665568369028094e+01 3.055555555555555358e+01 1.388888888888888928e+01 1.100000000000000000e+01
1.500000000000000000e+01 1.676276771004942390e+01 2.222222222222222143e+01 2.222222222222222143e+01 8.000000000000000000e+00
1.600000000000000000e+01 1.692751235584843528e+01 2.500000000000000000e+01 2.222222222222222143e+01 9.000000000000000000e+00
1.700000000000000000e+01 1.832784184514003201e+01 1.944444444444444642e+01 2.500000000000000000e+01 7.000000000000000000e+00
1.800000000000000000e+01 1.659802306425041252e+01 3.333333333333332860e+01 2.777777777777777857e+01 1.200000000000000000e+01
1.900000000000000000e+01 1.771004942339374111e+01 1.111111111111111072e+01 3.611111111111110716e+01 4.000000000000000000e+00
2.000000000000000000e+01 1.791598023064250356e+01 1.111111111111111072e+01 1.944444444444444642e+01 4.000000000000000000e+00
2.100000000000000000e+01 1.668039538714991821e+01 1.388888888888888928e+01 2.222222222222222143e+01 5.000000000000000000e+00
2.200000000000000000e+01 1.655683690280065790e+01 2.222222222222222143e+01 2.222222222222222143e+01 8.000000000000000000e+00
2.300000000000000000e+01 1.684514003294892959e+01 1.944444444444444642e+01 1.944444444444444642e+01 7.000000000000000000e+00
2.400000000000000000e+01 1.717462932454695235e+01 1.666666666666666430e+01 3.055555555555555358e+01 6.000000000000000000e+00
2.500000000000000000e+01 1.688632619439868066e+01 1.666666666666666430e+01 2.222222222222222143e+01 6.000000000000000000e+00
2.600000000000000000e+01 1.775123558484349218e+01 2.222222222222222143e+01 1.388888888888888928e+01 8.000000000000000000e+00
2.700000000000000000e+01 1.486820428336079125e+01 4.166666666666667140e+01 1.111111111111111072e+01 1.500000000000000000e+01
2.800000000000000000e+01 1.462108731466227241e+01 3.611111111111110716e+01 8.333333333333332149e+00 1.300000000000000000e+01
2.900000000000000000e+01 1.396210873146622689e+01 3.333333333333332860e+01 8.333333333333332149e+00 1.200000000000000000e+01
3.000000000000000000e+01 1.285008237232289829e+01 4.444444444444444287e+01 8.333333333333332149e+00 1.600000000000000000e+01
3.100000000000000000e+01 1.177924217462932432e+01 2.500000000000000000e+01 8.333333333333332149e+00 9.000000000000000000e+00
3.200000000000000000e+01 1.309719934102141714e+01 3.333333333333332860e+01 8.333333333333332149e+00 1.200000000000000000e+01
3.300000000000000000e+01 1.256177924217462838e+01 2.777777777777777857e+01 8.333333333333332149e+00 1.000000000000000000e+01
3.400000000000000000e+01 1.177924217462932432e+01 4.166666666666667140e+01 5.555555555555555358e+00 1.500000000000000000e+01
3.500000000000000000e+01 1.231466227347611309e+01 3.055555555555555358e+01 5.555555555555555358e+00 1.100000000000000000e+01
3.600000000000000000e+01 1.153212520593080725e+01 3.611111111111110716e+01 0.000000000000000000e+00 1.300000000000000000e+01
3.700000000000000000e+01 1.128500823723229018e+01 3.333333333333332860e+01 0.000000000000000000e+00 1.200000000000000000e+01
3.800000000000000000e+01 1.087314662273476173e+01 5.277777777777777857e+01 0.000000000000000000e+00 1.900000000000000000e+01
3.900000000000000000e+01 1.120263591433278449e+01 2.777777777777777857e+01 0.000000000000000000e+00 1.000000000000000000e+01
4.000000000000000000e+01 1.009060955518945590e+01 3.333333333333332860e+01 0.000000000000000000e+00 1.200000000000000000e+01
4.100000000000000000e+01 9.637561779242174609e+00 1.666666666666666430e+01 0.000000000000000000e+00 6.000000000000000000e+00
4.200000000000000000e+01 9.925864909390444524e+00 8.333333333333332149e+00 0.000000000000000000e+00 3.000000000000000000e+00
4.300000000000000000e+01 9.802306425041185989e+00 2.777777777777777679e+00 0.000000000000000000e+00 1.000000000000000000e+00
4.400000000000000000e+01 1.013179571663920875e+01 5.555555555555555358e+00 0.000000000000000000e+00 2.000000000000000000e+00
4.500000000000000000e+01 1.021416803953871444e+01 5.555555555555555358e+00 0.000000000000000000e+00 2.000000000000000000e+00
4.600000000000000000e+01 9.761120263591433144e+00 2.777777777777777679e+00 0.000000000000000000e+00 1.000000000000000000e+00
4.700000000000000000e+01 1.000823723228995021e+01 0.000000000000000000e+00 0.000000000000000000e+00 -6.000000000000000000e+03
