# step, world, group,control
0.000000000000000000e+00 2.528830313014827169e+01 3.055555555555555358e+01 3.055555555555555358e+01 1.100000000000000000e+01
1.000000000000000000e+00 2.413509060955519203e+01 3.333333333333332860e+01 3.611111111111110716e+01 1.200000000000000000e+01
2.000000000000000000e+00 2.401153212520593172e+01 2.777777777777777857e+01 3.333333333333332860e+01 1.000000000000000000e+01
3.000000000000000000e+00 2.277594728171334282e+01 3.611111111111110716e+01 4.166666666666667140e+01 1.300000000000000000e+01
4.000000000000000000e+00 2.277594728171334282e+01 1.944444444444444642e+01 5.277777777777777857e+01 7.000000000000000000e+00
5.000000000000000000e+00 2.236408566721581792e+01 1.666666666666666430e+01 2.777777777777777857e+01 6.000000000000000000e+00
6.000000000000000000e+00 2.211696869851729730e+01 1.944444444444444642e+01 3.611111111111110716e+01 7.000000000000000000e+00
7.000000000000000000e+00 2.116968698517298009e+01 1.388888888888888928e+01 5.000000000000000000e+01 5.000000000000000000e+00
8.000000000000000000e+00 2.129324546952224040e+01 1.944444444444444642e+01 1.944444444444444642e+01 7.000000000000000000e+00
9.000000000000000000e+00 1.956342668863262091e+01 2.500000000000000000e+01 3.611111111111110716e+01 9.000000000000000000e+00
1.000000000000000000e+01 1.906919275123558322e+01 2.222222222222222143e+01 3.055555555555555358e+01 8.000000000000000000e+00
1.100000000000000000e+01 1.943986820428336060e+01 2.222222222222222143e+01 4.166666666666667140e+01 8.000000000000000000e+00
1.200000000000000000e+01 1.890444810543657184e+01 3.333333333333332860e+01 2.500000000000000000e+01 1.200000000000000000e+01
1.300000000000000000e+01 2.018121911037891181e+01 1.666666666666666430e+01 2.222222222222222143e+01 6.000000000000000000e+00
1.400000000000000000e+01 1.915156507413509246e+01 2.500000000000000000e+01 2.500000000000000000e+01 9.000000000000000000e+00
1.500000000000000000e+01 2.067545304777594595e+01 3.888888888888889284e+01 2.777777777777777857e+01 1.400000000000000000e+01
1.600000000000000000e+01 1.931630971993410384e+01 2.777777777777777857e+01 2.222222222222222143e+01 1.000000000000000000e+01
1.700000000000000000e+01 2.059308072487644026e+01 2.777777777777777857e+01 1.944444444444444642e+01 1.000000000000000000e+01
1.800000000000000000e+01 2.084019769357495733e+01 1.666666666666666430e+01 1.666666666666666430e+01 6.000000000000000000e+00
1.900000000000000000e+01 1.873970345963756046e+01 2.500000000000000000e+01 2.777777777777777857e+01 9.000000000000000000e+00
2.000000000000000000e+01 1.972817133443163229e+01 3.333333333333332860e+01 2.500000000000000000e+01 1.200000000000000000e+01
2.100000000000000000e+01 1.878088962108731508e+01 2.500000000000000000e+01 1.944444444444444642e+01 9.000000000000000000e+00
2.200000000000000000e+01 1.906919275123558322e+01 4.444444444444444287e+01 1.944444444444444642e+01 1.600000000000000000e+01
2.300000000000000000e+01 1.828665568369028094e+01 3.611111111111110716e+01 1.111111111111111072e+01 1.300000000000000000e+01
2.400000000000000000e+01 1.816309719934102063e+01 4.166666666666667140e+01 1.944444444444444642e+01 1.500000000000000000e+01
2.500000000000000000e+01 1.808072487644151494e+01 3.611111111111110716e+01 1.666666666666666430e+01 1.300000000000000000e+01
2.600000000000000000e+01 1.680395387149917852e+01 3.333333333333332860e+01 1.388888888888888928e+01 1.200000000000000000e+01
2.700000000000000000e+01 1.808072487644151494e+01 3.888888888888889284e+01 1.388888888888888928e+01 1.400000000000000000e+01
2.800000000000000000e+01 1.705107084019769204e+01 4.444444444444444287e+01 1.666666666666666430e+01 1.600000000000000000e+01
2.900000000000000000e+01 1.824546952224052632e+01 3.333333333333332860e+01 1.388888888888888928e+01 1.200000000000000000e+01
3.000000000000000000e+01 1.771004942339374111e+01 3.611111111111110716e+01 1.111111111111111072e+01 1.300000000000000000e+01
3.100000000000000000e+01 1.717462932454695235e+01 1.944444444444444642e+01 8.333333333333332149e+00 7.000000000000000000e+00
3.200000000000000000e+01 1.490939044481054410e+01 3.611111111111110716e+01 1.111111111111111072e+01 1.300000000000000000e+01
3.300000000000000000e+01 1.532125205930807077e+01 2.222222222222222143e+01 1.666666666666666430e+01 8.000000000000000000e+00
3.400000000000000000e+01 1.453871499176276849e+01 2.777777777777777857e+01 1.388888888888888928e+01 1.000000000000000000e+01
3.500000000000000000e+01 1.317957166392092283e+01 3.055555555555555358e+01 8.333333333333332149e+00 1.100000000000000000e+01
3.600000000000000000e+01 1.363261943986820413e+01 1.944444444444444642e+01 1.666666666666666430e+01 7.000000000000000000e+00
3.700000000000000000e+01 1.243822075782536984e+01 1.388888888888888928e+01 8.333333333333332149e+00 5.000000000000000000e+00
3.800000000000000000e+01 1.202635914332784139e+01 8.333333333333332149e+00 5.555555555555555358e+00 3.000000000000000000e+00
3.900000000000000000e+01 1.276771004942339438e+01 8.333333333333332149e+00 5.555555555555555358e+00 3.000000000000000000e+00
4.000000000000000000e+01 1.313838550247116999e+01 1.666666666666666430e+01 8.333333333333332149e+00 6.000000000000000000e+00
4.100000000000000000e+01 1.157331136738056010e+01 1.388888888888888928e+01 1.666666666666666430e+01 5.000000000000000000e+00
4.200000000000000000e+01 1.252059308072487553e+01 1.666666666666666430e+01 2.500000000000000000e+01 6.000000000000000000e+00
4.300000000000000000e+01 1.190280065897858286e+01 1.944444444444444642e+01 2.777777777777777857e+01 7.000000000000000000e+00
4.400000000000000000e+01 1.260296540362438300e+01 2.500000000000000000e+01 2.777777777777777857e+01 9.000000000000000000e+00
4.500000000000000000e+01 1.140856672158154872e+01 2.500000000000000000e+01 3.611111111111110716e+01 9.000000000000000000e+00
4.600000000000000000e+01 1.120263591433278449e+01 1.944444444444444642e+01 2.222222222222222143e+01 7.000000000000000000e+00
4.700000000000000000e+01 1.107907742998352418e+01 3.055555555555555358e+01 2.222222222222222143e+01 1.100000000000000000e+01
4.800000000000000000e+01 1.280889621087314723e+01 1.944444444444444642e+01 2.222222222222222143e+01 7.000000000000000000e+00
4.900000000000000000e+01 1.243822075782536984e+01 1.666666666666666430e+01 2.222222222222222143e+01 6.000000000000000000e+00
5.000000000000000000e+01 1.280889621087314723e+01 2.500000000000000000e+01 2.222222222222222143e+01 9.000000000000000000e+00
5.100000000000000000e+01 1.206754530477759602e+01 2.500000000000000000e+01 2.222222222222222143e+01 9.000000000000000000e+00
5.200000000000000000e+01 1.243822075782536984e+01 2.777777777777777857e+01 1.944444444444444642e+01 1.000000000000000000e+01
5.300000000000000000e+01 1.124382207578253734e+01 3.055555555555555358e+01 1.944444444444444642e+01 1.100000000000000000e+01
5.400000000000000000e+01 1.140856672158154872e+01 2.777777777777777857e+01 1.666666666666666430e+01 1.000000000000000000e+01
5.500000000000000000e+01 1.046128500823723328e+01 1.944444444444444642e+01 1.666666666666666430e+01 7.000000000000000000e+00
5.600000000000000000e+01 1.132619439868204303e+01 1.388888888888888928e+01 2.777777777777777857e+01 5.000000000000000000e+00
5.700000000000000000e+01 1.116144975288303165e+01 1.944444444444444642e+01 1.666666666666666430e+01 7.000000000000000000e+00
5.800000000000000000e+01 1.153212520593080725e+01 1.944444444444444642e+01 2.777777777777777857e+01 7.000000000000000000e+00
5.900000000000000000e+01 1.182042833607907717e+01 3.611111111111110716e+01 2.222222222222222143e+01 1.300000000000000000e+01
6.000000000000000000e+01 1.124382207578253734e+01 1.944444444444444642e+01 3.055555555555555358e+01 7.000000000000000000e+00
6.100000000000000000e+01 1.144975288303130156e+01 2.500000000000000000e+01 1.388888888888888928e+01 9.000000000000000000e+00
6.200000000000000000e+01 1.301482701812190967e+01 1.944444444444444642e+01 5.555555555555555358e+00 7.000000000000000000e+00
6.300000000000000000e+01 1.293245469522240576e+01 2.222222222222222143e+01 5.555555555555555358e+00 8.000000000000000000e+00
6.400000000000000000e+01 1.305601317957166252e+01 2.222222222222222143e+01 8.333333333333332149e+00 8.000000000000000000e+00
6.500000000000000000e+01 1.305601317957166252e+01 3.055555555555555358e+01 8.333333333333332149e+00 1.100000000000000000e+01
6.600000000000000000e+01 1.322075782537067390e+01 1.666666666666666430e+01 8.333333333333332149e+00 6.000000000000000000e+00
6.700000000000000000e+01 1.235584843492586415e+01 2.222222222222222143e+01 5.555555555555555358e+00 8.000000000000000000e+00
6.800000000000000000e+01 1.227347611202635846e+01 2.500000000000000000e+01 5.555555555555555358e+00 9.000000000000000000e+00
6.900000000000000000e+01 1.326194398682042852e+01 2.777777777777777857e+01 0.000000000000000000e+00 1.000000000000000000e+01
7.000000000000000000e+01 1.140856672158154872e+01 3.055555555555555358e+01 0.000000000000000000e+00 1.100000000000000000e+01
7.100000000000000000e+01 1.042009884678747866e+01 3.055555555555555358e+01 0.000000000000000000e+00 1.100000000000000000e+01
7.200000000000000000e+01 9.884678747940691679e+00 3.055555555555555358e+01 0.000000000000000000e+00 1.100000000000000000e+01
7.300000000000000000e+01 9.349258649093904694e+00 2.777777777777777857e+01 0.000000000000000000e+00 1.000000000000000000e+01
7.400000000000000000e+01 9.802306425041185989e+00 3.611111111111110716e+01 0.000000000000000000e+00 1.300000000000000000e+01
7.500000000000000000e+01 1.021416803953871444e+01 2.777777777777777857e+01 2.777777777777777679e+00 1.000000000000000000e+01
7.600000000000000000e+01 9.184514003294893314e+00 4.444444444444444287e+01 2.777777777777777679e+00 1.600000000000000000e+01
7.700000000000000000e+01 1.017298187808896159e+01 2.500000000000000000e+01 5.555555555555555358e+00 9.000000000000000000e+00
7.800000000000000000e+01 1.083196046128500711e+01 2.500000000000000000e+01 5.555555555555555358e+00 9.000000000000000000e+00
7.900000000000000000e+01 1.116144975288303165e+01 2.777777777777777857e+01 8.333333333333332149e+00 1.000000000000000000e+01
8.000000000000000000e+01 1.198517298187809033e+01 3.611111111111110716e+01 8.333333333333332149e+00 1.300000000000000000e+01
8.100000000000000000e+01 1.223228995057660740e+01 2.500000000000000000e+01 1.111111111111111072e+01 9.000000000000000000e+00
8.200000000000000000e+01 1.297364085667215861e+01 2.222222222222222143e+01 1.111111111111111072e+01 8.000000000000000000e+00
8.300000000000000000e+01 1.239703459637561878e+01 2.777777777777777857e+01 1.388888888888888928e+01 1.000000000000000000e+01
8.400000000000000000e+01 1.322075782537067390e+01 3.333333333333332860e+01 1.944444444444444642e+01 1.200000000000000000e+01
8.500000000000000000e+01 1.293245469522240576e+01 2.222222222222222143e+01 2.500000000000000000e+01 8.000000000000000000e+00
8.600000000000000000e+01 1.309719934102141714e+01 2.777777777777777857e+01 1.666666666666666430e+01 1.000000000000000000e+01
8.700000000000000000e+01 1.416803953871499111e+01 2.500000000000000000e+01 1.388888888888888928e+01 9.000000000000000000e+00
8.800000000000000000e+01 1.449752883031301387e+01 2.500000000000000000e+01 1.111111111111111072e+01 9.000000000000000000e+00
8.900000000000000000e+01 1.486820428336079125e+01 2.777777777777777857e+01 2.777777777777777679e+00 1.000000000000000000e+01
9.000000000000000000e+01 1.445634266886326103e+01 2.500000000000000000e+01 2.777777777777777679e+00 9.000000000000000000e+00
9.100000000000000000e+01 1.490939044481054410e+01 3.611111111111110716e+01 2.777777777777777679e+00 1.300000000000000000e+01
9.200000000000000000e+01 1.449752883031301387e+01 2.500000000000000000e+01 2.777777777777777679e+00 9.000000000000000000e+00
9.300000000000000000e+01 1.433278418451400249e+01 1.666666666666666430e+01 2.777777777777777679e+00 6.000000000000000000e+00
9.400000000000000000e+01 1.173805601317957148e+01 2.222222222222222143e+01 2.777777777777777679e+00 8.000000000000000000e+00
9.500000000000000000e+01 1.149093904448105441e+01 2.500000000000000000e+01 2.777777777777777679e+00 9.000000000000000000e+00
9.600000000000000000e+01 1.095551894563426742e+01 2.777777777777777857e+01 2.777777777777777679e+00 1.000000000000000000e+01
9.700000000000000000e+01 1.074958813838550142e+01 2.777777777777777857e+01 2.777777777777777679e+00 1.000000000000000000e+01
9.800000000000000000e+01 1.087314662273476173e+01 2.777777777777777857e+01 5.555555555555555358e+00 1.000000000000000000e+01
9.900000000000000000e+01 1.103789126853377311e+01 3.611111111111110716e+01 8.333333333333332149e+00 1.300000000000000000e+01
1.000000000000000000e+02 1.144975288303130156e+01 3.888888888888889284e+01 1.111111111111111072e+01 1.400000000000000000e+01
1.010000000000000000e+02 1.136738056013179587e+01 3.888888888888889284e+01 8.333333333333332149e+00 1.400000000000000000e+01
1.020000000000000000e+02 1.144975288303130156e+01 4.166666666666667140e+01 1.388888888888888928e+01 1.500000000000000000e+01
1.030000000000000000e+02 1.169686985172981863e+01 4.444444444444444287e+01 1.388888888888888928e+01 1.600000000000000000e+01
1.040000000000000000e+02 1.272652388797363976e+01 2.777777777777777857e+01 1.666666666666666430e+01 1.000000000000000000e+01
1.050000000000000000e+02 1.124382207578253734e+01 2.777777777777777857e+01 2.222222222222222143e+01 1.000000000000000000e+01
1.060000000000000000e+02 1.173805601317957148e+01 4.444444444444444287e+01 2.222222222222222143e+01 1.600000000000000000e+01
1.070000000000000000e+02 1.252059308072487553e+01 3.611111111111110716e+01 2.222222222222222143e+01 1.300000000000000000e+01
1.080000000000000000e+02 1.243822075782536984e+01 3.888888888888889284e+01 1.944444444444444642e+01 1.400000000000000000e+01
1.090000000000000000e+02 1.301482701812190967e+01 3.888888888888889284e+01 2.777777777777777857e+01 1.400000000000000000e+01
1.100000000000000000e+02 1.103789126853377311e+01 4.444444444444444287e+01 2.500000000000000000e+01 1.600000000000000000e+01
1.110000000000000000e+02 1.338550247116968528e+01 2.222222222222222143e+01 3.333333333333332860e+01 8.000000000000000000e+00
1.120000000000000000e+02 1.169686985172981863e+01 1.944444444444444642e+01 2.222222222222222143e+01 7.000000000000000000e+00
1.130000000000000000e+02 1.173805601317957148e+01 1.944444444444444642e+01 2.222222222222222143e+01 7.000000000000000000e+00
1.140000000000000000e+02 1.153212520593080725e+01 2.500000000000000000e+01 1.666666666666666430e+01 9.000000000000000000e+00
1.150000000000000000e+02 1.161449752883031294e+01 2.222222222222222143e+01 1.388888888888888928e+01 8.000000000000000000e+00
1.160000000000000000e+02 1.120263591433278449e+01 3.611111111111110716e+01 2.222222222222222143e+01 1.300000000000000000e+01
1.170000000000000000e+02 1.326194398682042852e+01 2.500000000000000000e+01 1.388888888888888928e+01 9.000000000000000000e+00
1.180000000000000000e+02 1.309719934102141714e+01 3.888888888888889284e+01 2.777777777777777679e+00 1.400000000000000000e+01
1.190000000000000000e+02 1.482701812191103663e+01 1.944444444444444642e+01 0.000000000000000000e+00 7.000000000000000000e+00
1.200000000000000000e+02 1.371499176276770804e+01 2.777777777777777857e+01 2.777777777777777679e+00 1.000000000000000000e+01
1.210000000000000000e+02 1.474464579901153272e+01 2.500000000000000000e+01 2.777777777777777679e+00 9.000000000000000000e+00
1.220000000000000000e+02 1.375617792421746444e+01 2.777777777777777857e+01 0.000000000000000000e+00 1.000000000000000000e+01
1.230000000000000000e+02 1.383855024711696835e+01 1.666666666666666430e+01 2.777777777777777679e+00 6.000000000000000000e+00
1.240000000000000000e+02 1.285008237232289829e+01 2.777777777777777857e+01 2.777777777777777679e+00 1.000000000000000000e+01
1.250000000000000000e+02 1.387973640856671942e+01 3.888888888888889284e+01 0.000000000000000000e+00 1.400000000000000000e+01
1.260000000000000000e+02 1.313838550247116999e+01 3.333333333333332860e+01 0.000000000000000000e+00 1.200000000000000000e+01
1.270000000000000000e+02 1.363261943986820413e+01 4.444444444444444287e+01 0.000000000000000000e+00 1.600000000000000000e+01
1.280000000000000000e+02 1.293245469522240576e+01 3.611111111111110716e+01 0.000000000000000000e+00 1.300000000000000000e+01
1.290000000000000000e+02 1.379736408566721551e+01 2.777777777777777857e+01 0.000000000000000000e+00 1.000000000000000000e+01
1.300000000000000000e+02 1.264415156507413585e+01 4.166666666666667140e+01 0.000000000000000000e+00 1.500000000000000000e+01
1.310000000000000000e+02 1.408566721581548720e+01 3.055555555555555358e+01 2.777777777777777679e+00 1.100000000000000000e+01
1.320000000000000000e+02 1.050247116968698435e+01 4.166666666666667140e+01 5.555555555555555358e+00 1.500000000000000000e+01
1.330000000000000000e+02 1.087314662273476173e+01 3.611111111111110716e+01 5.555555555555555358e+00 1.300000000000000000e+01
1.340000000000000000e+02 1.009060955518945590e+01 3.888888888888889284e+01 8.333333333333332149e+00 1.400000000000000000e+01
1.350000000000000000e+02 1.025535420098846728e+01 4.166666666666667140e+01 8.333333333333332149e+00 1.500000000000000000e+01
1.360000000000000000e+02 9.761120263591433144e+00 1.944444444444444642e+01 8.333333333333332149e+00 7.000000000000000000e+00
1.370000000000000000e+02 9.596375617792421764e+00 1.944444444444444642e+01 8.333333333333332149e+00 7.000000000000000000e+00
1.380000000000000000e+02 9.019769357495881934e+00 2.500000000000000000e+01 1.111111111111111072e+01 9.000000000000000000e+00
1.390000000000000000e+02 9.472817133443163229e+00 2.222222222222222143e+01 1.111111111111111072e+01 8.000000000000000000e+00
1.400000000000000000e+02 9.514003294892916074e+00 2.777777777777777857e+01 1.388888888888888928e+01 1.000000000000000000e+01
1.410000000000000000e+02 9.514003294892916074e+00 3.055555555555555358e+01 1.111111111111111072e+01 1.100000000000000000e+01
1.420000000000000000e+02 1.017298187808896159e+01 3.611111111111110716e+01 1.944444444444444642e+01 1.300000000000000000e+01
1.430000000000000000e+02 9.843492586490938834e+00 4.444444444444444287e+01 1.388888888888888928e+01 1.600000000000000000e+01
1.440000000000000000e+02 1.054365733113673897e+01 4.166666666666667140e+01 1.388888888888888928e+01 1.500000000000000000e+01
1.450000000000000000e+02 1.050247116968698435e+01 4.166666666666667140e+01 1.666666666666666430e+01 1.500000000000000000e+01
1.460000000000000000e+02 1.112026359143327880e+01 3.888888888888889284e+01 1.388888888888888928e+01 1.400000000000000000e+01
1.470000000000000000e+02 1.017298187808896159e+01 5.555555555555555713e+01 1.388888888888888928e+01 2.000000000000000000e+01
1.480000000000000000e+02 1.124382207578253734e+01 2.222222222222222143e+01 1.388888888888888928e+01 8.000000000000000000e+00
1.490000000000000000e+02 1.161449752883031294e+01 3.611111111111110716e+01 2.500000000000000000e+01 1.300000000000000000e+01
1.500000000000000000e+02 1.198517298187809033e+01 2.777777777777777857e+01 1.944444444444444642e+01 1.000000000000000000e+01
1.510000000000000000e+02 1.042009884678747866e+01 3.611111111111110716e+01 2.222222222222222143e+01 1.300000000000000000e+01
1.520000000000000000e+02 1.029654036243822013e+01 4.166666666666667140e+01 1.666666666666666430e+01 1.500000000000000000e+01
1.530000000000000000e+02 1.025535420098846728e+01 3.333333333333332860e+01 1.111111111111111072e+01 1.200000000000000000e+01
1.540000000000000000e+02 9.678747940691927454e+00 3.333333333333332860e+01 1.388888888888888928e+01 1.200000000000000000e+01
1.550000000000000000e+02 1.009060955518945590e+01 3.333333333333332860e+01 1.111111111111111072e+01 1.200000000000000000e+01
1.560000000000000000e+02 8.607907742998351708e+00 3.611111111111110716e+01 2.222222222222222143e+01 1.300000000000000000e+01
1.570000000000000000e+02 8.607907742998351708e+00 3.055555555555555358e+01 1.666666666666666430e+01 1.100000000000000000e+01
1.580000000000000000e+02 8.731466227347612019e+00 3.055555555555555358e+01 1.944444444444444642e+01 1.100000000000000000e+01
1.590000000000000000e+02 8.690280065897857398e+00 3.333333333333332860e+01 2.222222222222222143e+01 1.200000000000000000e+01
1.600000000000000000e+02 8.360790774299834638e+00 3.888888888888889284e+01 1.666666666666666430e+01 1.400000000000000000e+01
1.610000000000000000e+02 8.772652388797364864e+00 2.222222222222222143e+01 1.111111111111111072e+01 8.000000000000000000e+00
1.620000000000000000e+02 7.125205930807249288e+00 4.444444444444444287e+01 1.111111111111111072e+01 1.600000000000000000e+01
1.630000000000000000e+02 7.372322899505766358e+00 3.611111111111110716e+01 8.333333333333332149e+00 1.300000000000000000e+01
1.640000000000000000e+02 7.084019769357495555e+00 2.500000000000000000e+01 1.111111111111111072e+01 9.000000000000000000e+00
1.650000000000000000e+02 7.372322899505766358e+00 2.222222222222222143e+01 8.333333333333332149e+00 8.000000000000000000e+00
1.660000000000000000e+02 7.454695222405272048e+00 2.222222222222222143e+01 1.111111111111111072e+01 8.000000000000000000e+00
1.670000000000000000e+02 8.278418451400328948e+00 1.944444444444444642e+01 8.333333333333332149e+00 7.000000000000000000e+00
1.680000000000000000e+02 7.537067545304777738e+00 1.111111111111111072e+01 8.333333333333332149e+00 4.000000000000000000e+00
1.690000000000000000e+02 8.360790774299834638e+00 2.777777777777777857e+01 5.555555555555555358e+00 1.000000000000000000e+01
1.700000000000000000e+02 7.866556836902800498e+00 1.666666666666666430e+01 5.555555555555555358e+00 6.000000000000000000e+00
1.710000000000000000e+02 8.360790774299834638e+00 1.388888888888888928e+01 8.333333333333332149e+00 5.000000000000000000e+00
1.720000000000000000e+02 8.566721581548600639e+00 1.666666666666666430e+01 8.333333333333332149e+00 6.000000000000000000e+00
1.730000000000000000e+02 8.401976935749589259e+00 3.055555555555555358e+01 8.333333333333332149e+00 1.100000000000000000e+01
1.740000000000000000e+02 7.990115321252059033e+00 2.777777777777777857e+01 8.333333333333332149e+00 1.000000000000000000e+01
1.750000000000000000e+02 7.619439868204283428e+00 2.222222222222222143e+01 1.111111111111111072e+01 8.000000000000000000e+00
1.760000000000000000e+02 7.042833607907743598e+00 3.055555555555555358e+01 1.111111111111111072e+01 1.100000000000000000e+01
1.770000000000000000e+02 7.866556836902800498e+00 1.111111111111111072e+01 8.333333333333332149e+00 4.000000000000000000e+00
1.780000000000000000e+02 7.825370675453047653e+00 1.944444444444444642e+01 1.111111111111111072e+01 7.000000000000000000e+00
1.790000000000000000e+02 7.495881383855024005e+00 1.944444444444444642e+01 1.111111111111111072e+01 7.000000000000000000e+00
1.800000000000000000e+02 7.907742998352553343e+00 2.777777777777777857e+01 1.666666666666666430e+01 1.000000000000000000e+01
1.810000000000000000e+02 8.113673805601317568e+00 2.222222222222222143e+01 1.111111111111111072e+01 8.000000000000000000e+00
1.820000000000000000e+02 7.495881383855024005e+00 2.777777777777777857e+01 1.111111111111111072e+01 1.000000000000000000e+01
1.830000000000000000e+02 7.537067545304777738e+00 1.944444444444444642e+01 1.111111111111111072e+01 7.000000000000000000e+00
1.840000000000000000e+02 7.166392092257001245e+00 3.333333333333332860e+01 1.111111111111111072e+01 1.200000000000000000e+01
1.850000000000000000e+02 7.742998352553541075e+00 2.500000000000000000e+01 1.388888888888888928e+01 9.000000000000000000e+00
1.860000000000000000e+02 7.537067545304777738e+00 4.444444444444444287e+01 1.388888888888888928e+01 1.600000000000000000e+01
1.870000000000000000e+02 8.772652388797364864e+00 2.500000000000000000e+01 1.944444444444444642e+01 9.000000000000000000e+00
1.880000000000000000e+02 1.009060955518945590e+01 2.777777777777777857e+01 1.388888888888888928e+01 1.000000000000000000e+01
1.890000000000000000e+02 8.566721581548600639e+00 1.666666666666666430e+01 1.388888888888888928e+01 6.000000000000000000e+00
1.900000000000000000e+02 8.566721581548600639e+00 2.500000000000000000e+01 2.777777777777777857e+01 9.000000000000000000e+00
1.910000000000000000e+02 8.113673805601317568e+00 3.333333333333332860e+01 1.111111111111111072e+01 1.200000000000000000e+01
1.920000000000000000e+02 8.896210873146623399e+00 2.222222222222222143e+01 1.111111111111111072e+01 8.000000000000000000e+00
1.930000000000000000e+02 7.990115321252059033e+00 3.055555555555555358e+01 1.111111111111111072e+01 1.100000000000000000e+01
1.940000000000000000e+02 8.154859967051070413e+00 2.222222222222222143e+01 1.111111111111111072e+01 8.000000000000000000e+00
1.950000000000000000e+02 8.154859967051070413e+00 2.500000000000000000e+01 1.111111111111111072e+01 9.000000000000000000e+00
1.960000000000000000e+02 7.660626029654035385e+00 3.611111111111110716e+01 1.111111111111111072e+01 1.300000000000000000e+01
1.970000000000000000e+02 7.578253706754529695e+00 2.777777777777777857e+01 1.388888888888888928e+01 1.000000000000000000e+01
1.980000000000000000e+02 7.248764415156506935e+00 3.333333333333332860e+01 8.333333333333332149e+00 1.200000000000000000e+01
1.990000000000000000e+02 7.948929159802306188e+00 3.055555555555555358e+01 5.555555555555555358e+00 1.100000000000000000e+01
2.000000000000000000e+02 7.866556836902800498e+00 3.611111111111110716e+01 2.777777777777777679e+00 1.300000000000000000e+01
2.010000000000000000e+02 8.319604612850081793e+00 3.611111111111110716e+01 5.555555555555555358e+00 1.300000000000000000e+01
2.020000000000000000e+02 7.948929159802306188e+00 4.166666666666667140e+01 8.333333333333332149e+00 1.500000000000000000e+01
2.030000000000000000e+02 8.237232289950576103e+00 1.666666666666666430e+01 8.333333333333332149e+00 6.000000000000000000e+00
2.040000000000000000e+02 8.113673805601317568e+00 1.388888888888888928e+01 1.111111111111111072e+01 5.000000000000000000e+00
2.050000000000000000e+02 7.948929159802306188e+00 1.388888888888888928e+01 1.111111111111111072e+01 5.000000000000000000e+00
2.060000000000000000e+02 8.278418451400328948e+00 1.944444444444444642e+01 1.111111111111111072e+01 7.000000000000000000e+00
2.070000000000000000e+02 7.042833607907743598e+00 2.777777777777777857e+01 1.111111111111111072e+01 1.000000000000000000e+01
2.080000000000000000e+02 7.578253706754529695e+00 2.222222222222222143e+01 1.388888888888888928e+01 8.000000000000000000e+00
2.090000000000000000e+02 7.248764415156506935e+00 2.222222222222222143e+01 1.666666666666666430e+01 8.000000000000000000e+00
2.100000000000000000e+02 7.660626029654035385e+00 2.500000000000000000e+01 1.111111111111111072e+01 9.000000000000000000e+00
2.110000000000000000e+02 6.589785831960461415e+00 4.166666666666667140e+01 8.333333333333332149e+00 1.500000000000000000e+01
2.120000000000000000e+02 6.836902800658978485e+00 3.611111111111110716e+01 5.555555555555555358e+00 1.300000000000000000e+01
2.130000000000000000e+02 6.836902800658978485e+00 3.611111111111110716e+01 0.000000000000000000e+00 1.300000000000000000e+01
2.140000000000000000e+02 6.425041186161449147e+00 3.888888888888889284e+01 0.000000000000000000e+00 1.400000000000000000e+01
2.150000000000000000e+02 7.495881383855024005e+00 2.500000000000000000e+01 0.000000000000000000e+00 9.000000000000000000e+00
2.160000000000000000e+02 7.619439868204283428e+00 3.333333333333332860e+01 0.000000000000000000e+00 1.200000000000000000e+01
2.170000000000000000e+02 7.166392092257001245e+00 3.333333333333332860e+01 0.000000000000000000e+00 1.200000000000000000e+01
2.180000000000000000e+02 7.372322899505766358e+00 3.888888888888889284e+01 0.000000000000000000e+00 1.400000000000000000e+01
2.190000000000000000e+02 7.907742998352553343e+00 3.055555555555555358e+01 0.000000000000000000e+00 1.100000000000000000e+01
2.200000000000000000e+02 7.537067545304777738e+00 3.333333333333332860e+01 0.000000000000000000e+00 1.200000000000000000e+01
2.210000000000000000e+02 8.896210873146623399e+00 3.611111111111110716e+01 0.000000000000000000e+00 1.300000000000000000e+01
2.220000000000000000e+02 8.401976935749589259e+00 3.055555555555555358e+01 0.000000000000000000e+00 1.100000000000000000e+01
2.230000000000000000e+02 9.184514003294893314e+00 3.055555555555555358e+01 0.000000000000000000e+00 1.100000000000000000e+01
2.240000000000000000e+02 9.308072487644151849e+00 2.500000000000000000e+01 2.777777777777777679e+00 9.000000000000000000e+00
2.250000000000000000e+02 8.649093904448106329e+00 3.611111111111110716e+01 8.333333333333332149e+00 1.300000000000000000e+01
2.260000000000000000e+02 8.031301482701811878e+00 3.055555555555555358e+01 8.333333333333332149e+00 1.100000000000000000e+01
2.270000000000000000e+02 7.413509060955518315e+00 3.888888888888889284e+01 8.333333333333332149e+00 1.400000000000000000e+01
2.280000000000000000e+02 7.289950576606260668e+00 2.777777777777777857e+01 8.333333333333332149e+00 1.000000000000000000e+01
2.290000000000000000e+02 7.454695222405272048e+00 2.777777777777777857e+01 8.333333333333332149e+00 1.000000000000000000e+01
2.300000000000000000e+02 6.960461285008237908e+00 3.611111111111110716e+01 8.333333333333332149e+00 1.300000000000000000e+01
2.310000000000000000e+02 7.331136738056012625e+00 4.444444444444444287e+01 8.333333333333332149e+00 1.600000000000000000e+01
2.320000000000000000e+02 7.495881383855024005e+00 1.944444444444444642e+01 1.111111111111111072e+01 7.000000000000000000e+00
2.330000000000000000e+02 6.754530477759472795e+00 2.777777777777777857e+01 1.111111111111111072e+01 1.000000000000000000e+01
2.340000000000000000e+02 7.289950576606260668e+00 2.500000000000000000e+01 1.388888888888888928e+01 9.000000000000000000e+00
2.350000000000000000e+02 6.589785831960461415e+00 2.222222222222222143e+01 1.388888888888888928e+01 8.000000000000000000e+00
2.360000000000000000e+02 7.742998352553541075e+00 1.666666666666666430e+01 8.333333333333332149e+00 6.000000000000000000e+00
2.370000000000000000e+02 6.878088962108732218e+00 1.111111111111111072e+01 5.555555555555555358e+00 4.000000000000000000e+00
2.380000000000000000e+02 7.784184514003294808e+00 8.333333333333332149e+00 0.000000000000000000e+00 3.000000000000000000e+00
2.390000000000000000e+02 7.125205930807249288e+00 1.111111111111111072e+01 0.000000000000000000e+00 4.000000000000000000e+00
2.400000000000000000e+02 6.548599670510708570e+00 1.944444444444444642e+01 0.000000000000000000e+00 7.000000000000000000e+00
2.410000000000000000e+02 7.166392092257001245e+00 1.944444444444444642e+01 0.000000000000000000e+00 7.000000000000000000e+00
2.420000000000000000e+02 7.125205930807249288e+00 2.222222222222222143e+01 0.000000000000000000e+00 8.000000000000000000e+00
2.430000000000000000e+02 6.507413509060954837e+00 3.055555555555555358e+01 0.000000000000000000e+00 1.100000000000000000e+01
2.440000000000000000e+02 6.301482701812191500e+00 3.055555555555555358e+01 0.000000000000000000e+00 1.100000000000000000e+01
2.450000000000000000e+02 6.466227347611202880e+00 2.777777777777777857e+01 0.000000000000000000e+00 1.000000000000000000e+01
2.460000000000000000e+02 6.672158154859967105e+00 2.500000000000000000e+01 0.000000000000000000e+00 9.000000000000000000e+00
2.470000000000000000e+02 6.219110378912684922e+00 3.333333333333332860e+01 0.000000000000000000e+00 1.200000000000000000e+01
2.480000000000000000e+02 6.383855024711697190e+00 3.611111111111110716e+01 0.000000000000000000e+00 1.300000000000000000e+01
2.490000000000000000e+02 7.125205930807249288e+00 3.611111111111110716e+01 0.000000000000000000e+00 1.300000000000000000e+01
2.500000000000000000e+02 7.042833607907743598e+00 2.222222222222222143e+01 0.000000000000000000e+00 8.000000000000000000e+00
2.510000000000000000e+02 7.248764415156506935e+00 1.111111111111111072e+01 0.000000000000000000e+00 4.000000000000000000e+00
2.520000000000000000e+02 7.454695222405272048e+00 0.000000000000000000e+00 0.000000000000000000e+00 -6.000000000000000000e+03
