# step, world, group,control
0.000000000000000000e+00 2.549423393739703769e+01 1.388888888888888928e+01 3.333333333333332860e+01 5.000000000000000000e+00
1.000000000000000000e+00 2.512355848434925676e+01 1.388888888888888928e+01 3.055555555555555358e+01 5.000000000000000000e+00
2.000000000000000000e+00 2.421746293245469417e+01 2.500000000000000000e+01 3.055555555555555358e+01 9.000000000000000000e+00
3.000000000000000000e+00 2.380560131795716572e+01 2.222222222222222143e+01 2.500000000000000000e+01 8.000000000000000000e+00
4.000000000000000000e+00 2.273476112026359175e+01 4.444444444444444287e+01 3.611111111111110716e+01 1.600000000000000000e+01
5.000000000000000000e+00 2.261120263591433144e+01 1.944444444444444642e+01 3.333333333333332860e+01 7.000000000000000000e+00
6.000000000000000000e+00 2.141680395387150071e+01 3.055555555555555358e+01 4.722222222222222854e+01 1.100000000000000000e+01
7.000000000000000000e+00 2.137561779242174609e+01 8.333333333333332149e+00 2.222222222222222143e+01 3.000000000000000000e+00
8.000000000000000000e+00 1.985172981878088905e+01 2.777777777777777679e+00 2.500000000000000000e+01 1.000000000000000000e+00
9.000000000000000000e+00 2.075782537067545519e+01 0.000000000000000000e+00 2.500000000000000000e+01 -6.000000000000000000e+03
