# step, world, group,control
0.000000000000000000e+00 2.541186161449752845e+01 1.388888888888888928e+01 3.333333333333332860e+01 5.000000000000000000e+00
1.000000000000000000e+00 2.224052718286655761e+01 1.666666666666666430e+01 4.166666666666667140e+01 6.000000000000000000e+00
2.000000000000000000e+00 2.182866556836902561e+01 3.333333333333332860e+01 2.500000000000000000e+01 1.200000000000000000e+01
3.000000000000000000e+00 2.009884678747940612e+01 2.222222222222222143e+01 3.888888888888889284e+01 8.000000000000000000e+00
4.000000000000000000e+00 2.137561779242174609e+01 3.611111111111110716e+01 2.500000000000000000e+01 1.300000000000000000e+01
5.000000000000000000e+00 1.993410214168039474e+01 2.777777777777777857e+01 2.500000000000000000e+01 1.000000000000000000e+01
6.000000000000000000e+00 1.894563426688632646e+01 4.722222222222222854e+01 3.611111111111110716e+01 1.700000000000000000e+01
7.000000000000000000e+00 1.775123558484349218e+01 3.333333333333332860e+01 3.333333333333332860e+01 1.200000000000000000e+01
8.000000000000000000e+00 1.779242174629324680e+01 3.055555555555555358e+01 2.777777777777777857e+01 1.100000000000000000e+01
9.000000000000000000e+00 1.783360790774299787e+01 3.333333333333332860e+01 2.777777777777777857e+01 1.200000000000000000e+01
1.000000000000000000e+01 1.750411861614497511e+01 2.777777777777777857e+01 2.222222222222222143e+01 1.000000000000000000e+01
1.100000000000000000e+01 1.812191103789126956e+01 3.333333333333332860e+01 3.055555555555555358e+01 1.200000000000000000e+01
1.200000000000000000e+01 1.630971993410214083e+01 4.722222222222222854e+01 1.944444444444444642e+01 1.700000000000000000e+01
1.300000000000000000e+01 1.688632619439868066e+01 1.388888888888888928e+01 2.222222222222222143e+01 5.000000000000000000e+00
1.400000000000000000e+01 1.738056013179571480e+01 1.944444444444444642e+01 2.500000000000000000e+01 7.000000000000000000e+00
1.500000000000000000e+01 1.647446457990115221e+01 1.666666666666666430e+01 1.666666666666666430e+01 6.000000000000000000e+00
1.600000000000000000e+01 1.540362438220757824e+01 1.111111111111111072e+01 1.111111111111111072e+01 4.000000000000000000e+00
1.700000000000000000e+01 1.593904448105436522e+01 1.388888888888888928e+01 1.666666666666666430e+01 5.000000000000000000e+00
1.800000000000000000e+01 1.334431630971993421e+01 2.222222222222222143e+01 1.111111111111111072e+01 8.000000000000000000e+00
1.900000000000000000e+01 1.305601317957166252e+01 1.666666666666666430e+01 1.111111111111111072e+01 6.000000000000000000e+00
2.000000000000000000e+01 1.317957166392092283e+01 1.666666666666666430e+01 1.388888888888888928e+01 6.000000000000000000e+00
2.100000000000000000e+01 1.223228995057660740e+01 1.666666666666666430e+01 1.388888888888888928e+01 6.000000000000000000e+00
2.200000000000000000e+01 1.322075782537067390e+01 1.666666666666666430e+01 1.388888888888888928e+01 6.000000000000000000e+00
2.300000000000000000e+01 1.359143327841845306e+01 1.666666666666666430e+01 1.944444444444444642e+01 6.000000000000000000e+00
2.400000000000000000e+01 1.260296540362438300e+01 1.666666666666666430e+01 1.666666666666666430e+01 6.000000000000000000e+00
2.500000000000000000e+01 1.453871499176276849e+01 2.222222222222222143e+01 1.944444444444444642e+01 8.000000000000000000e+00
2.600000000000000000e+01 1.289126853377265114e+01 1.666666666666666430e+01 8.333333333333332149e+00 6.000000000000000000e+00
2.700000000000000000e+01 1.445634266886326103e+01 1.111111111111111072e+01 1.111111111111111072e+01 4.000000000000000000e+00
2.800000000000000000e+01 1.276771004942339438e+01 1.388888888888888928e+01 5.555555555555555358e+00 5.000000000000000000e+00
2.900000000000000000e+01 1.334431630971993421e+01 8.333333333333332149e+00 5.555555555555555358e+00 3.000000000000000000e+00
3.000000000000000000e+01 1.289126853377265114e+01 1.388888888888888928e+01 2.777777777777777679e+00 5.000000000000000000e+00
3.100000000000000000e+01 1.330313014827018137e+01 1.388888888888888928e+01 0.000000000000000000e+00 5.000000000000000000e+00
3.200000000000000000e+01 1.214991762767710171e+01 1.111111111111111072e+01 2.777777777777777679e+00 4.000000000000000000e+00
3.300000000000000000e+01 1.194398682042833570e+01 1.388888888888888928e+01 8.333333333333332149e+00 5.000000000000000000e+00
3.400000000000000000e+01 1.116144975288303165e+01 1.388888888888888928e+01 8.333333333333332149e+00 5.000000000000000000e+00
3.500000000000000000e+01 1.140856672158154872e+01 1.111111111111111072e+01 1.111111111111111072e+01 4.000000000000000000e+00
3.600000000000000000e+01 1.144975288303130156e+01 2.222222222222222143e+01 1.388888888888888928e+01 8.000000000000000000e+00
3.700000000000000000e+01 1.103789126853377311e+01 1.111111111111111072e+01 1.388888888888888928e+01 4.000000000000000000e+00
3.800000000000000000e+01 1.144975288303130156e+01 1.111111111111111072e+01 1.666666666666666430e+01 4.000000000000000000e+00
3.900000000000000000e+01 1.252059308072487553e+01 1.111111111111111072e+01 1.388888888888888928e+01 4.000000000000000000e+00
4.000000000000000000e+01 1.120263591433278449e+01 1.666666666666666430e+01 1.666666666666666430e+01 6.000000000000000000e+00
4.100000000000000000e+01 1.214991762767710171e+01 8.333333333333332149e+00 1.666666666666666430e+01 3.000000000000000000e+00
4.200000000000000000e+01 1.107907742998352418e+01 1.388888888888888928e+01 1.666666666666666430e+01 5.000000000000000000e+00
4.300000000000000000e+01 1.202635914332784139e+01 1.944444444444444642e+01 1.944444444444444642e+01 7.000000000000000000e+00
4.400000000000000000e+01 1.103789126853377311e+01 2.222222222222222143e+01 1.666666666666666430e+01 8.000000000000000000e+00
4.500000000000000000e+01 1.079077429983525604e+01 3.055555555555555358e+01 3.055555555555555358e+01 1.100000000000000000e+01
4.600000000000000000e+01 1.112026359143327880e+01 3.055555555555555358e+01 1.388888888888888928e+01 1.100000000000000000e+01
4.700000000000000000e+01 9.884678747940691679e+00 4.444444444444444287e+01 8.333333333333332149e+00 1.600000000000000000e+01
4.800000000000000000e+01 1.062602965403624466e+01 2.500000000000000000e+01 8.333333333333332149e+00 9.000000000000000000e+00
4.900000000000000000e+01 1.000823723228995021e+01 1.666666666666666430e+01 8.333333333333332149e+00 6.000000000000000000e+00
5.000000000000000000e+01 1.087314662273476173e+01 1.388888888888888928e+01 1.111111111111111072e+01 5.000000000000000000e+00
5.100000000000000000e+01 1.013179571663920875e+01 1.388888888888888928e+01 1.388888888888888928e+01 5.000000000000000000e+00
5.200000000000000000e+01 9.967051070840197369e+00 3.055555555555555358e+01 1.388888888888888928e+01 1.100000000000000000e+01
5.300000000000000000e+01 8.813838550247117709e+00 1.388888888888888928e+01 1.388888888888888928e+01 5.000000000000000000e+00
5.400000000000000000e+01 8.443163097199340328e+00 1.111111111111111072e+01 1.944444444444444642e+01 4.000000000000000000e+00
5.500000000000000000e+01 8.525535420098846018e+00 1.388888888888888928e+01 2.500000000000000000e+01 5.000000000000000000e+00
5.600000000000000000e+01 8.072487644151564723e+00 1.666666666666666430e+01 3.611111111111110716e+01 6.000000000000000000e+00
5.700000000000000000e+01 7.701812191103789118e+00 1.944444444444444642e+01 2.222222222222222143e+01 7.000000000000000000e+00
5.800000000000000000e+01 7.742998352553541075e+00 2.777777777777777857e+01 4.444444444444444287e+01 1.000000000000000000e+01
5.900000000000000000e+01 7.166392092257001245e+00 1.666666666666666430e+01 2.500000000000000000e+01 6.000000000000000000e+00
6.000000000000000000e+01 7.248764415156506935e+00 1.944444444444444642e+01 4.166666666666667140e+01 7.000000000000000000e+00
6.100000000000000000e+01 7.495881383855024005e+00 1.944444444444444642e+01 2.500000000000000000e+01 7.000000000000000000e+00
6.200000000000000000e+01 6.383855024711697190e+00 2.777777777777777857e+01 3.333333333333332860e+01 1.000000000000000000e+01
6.300000000000000000e+01 7.001647446457989865e+00 1.111111111111111072e+01 1.944444444444444642e+01 4.000000000000000000e+00
6.400000000000000000e+01 7.166392092257001245e+00 5.555555555555555358e+00 2.777777777777777857e+01 2.000000000000000000e+00
6.500000000000000000e+01 6.795716639209226528e+00 5.555555555555555358e+00 2.500000000000000000e+01 2.000000000000000000e+00
6.600000000000000000e+01 6.919275123558484175e+00 8.333333333333332149e+00 2.777777777777777857e+01 3.000000000000000000e+00
6.700000000000000000e+01 6.630971993410214260e+00 1.111111111111111072e+01 3.055555555555555358e+01 4.000000000000000000e+00
6.800000000000000000e+01 6.919275123558484175e+00 8.333333333333332149e+00 2.222222222222222143e+01 3.000000000000000000e+00
6.900000000000000000e+01 6.301482701812191500e+00 1.111111111111111072e+01 2.500000000000000000e+01 4.000000000000000000e+00
7.000000000000000000e+01 6.507413509060954837e+00 1.944444444444444642e+01 1.944444444444444642e+01 7.000000000000000000e+00
7.100000000000000000e+01 6.713344316309719950e+00 1.111111111111111072e+01 2.500000000000000000e+01 4.000000000000000000e+00
7.200000000000000000e+01 6.919275123558484175e+00 2.500000000000000000e+01 2.500000000000000000e+01 9.000000000000000000e+00
7.300000000000000000e+01 6.507413509060954837e+00 1.944444444444444642e+01 2.777777777777777857e+01 7.000000000000000000e+00
7.400000000000000000e+01 7.866556836902800498e+00 1.388888888888888928e+01 1.666666666666666430e+01 5.000000000000000000e+00
7.500000000000000000e+01 7.784184514003294808e+00 5.555555555555555358e+00 1.944444444444444642e+01 2.000000000000000000e+00
7.600000000000000000e+01 7.413509060955518315e+00 1.111111111111111072e+01 1.388888888888888928e+01 4.000000000000000000e+00
7.700000000000000000e+01 6.960461285008237908e+00 8.333333333333332149e+00 1.111111111111111072e+01 3.000000000000000000e+00
7.800000000000000000e+01 7.042833607907743598e+00 2.777777777777777679e+00 1.388888888888888928e+01 1.000000000000000000e+00
7.900000000000000000e+01 6.919275123558484175e+00 5.555555555555555358e+00 2.222222222222222143e+01 2.000000000000000000e+00
8.000000000000000000e+01 6.548599670510708570e+00 8.333333333333332149e+00 1.944444444444444642e+01 3.000000000000000000e+00
8.100000000000000000e+01 6.507413509060954837e+00 8.333333333333332149e+00 2.500000000000000000e+01 3.000000000000000000e+00
8.200000000000000000e+01 6.795716639209226528e+00 8.333333333333332149e+00 2.500000000000000000e+01 3.000000000000000000e+00
8.300000000000000000e+01 6.960461285008237908e+00 1.111111111111111072e+01 3.055555555555555358e+01 4.000000000000000000e+00
8.400000000000000000e+01 7.084019769357495555e+00 1.111111111111111072e+01 1.944444444444444642e+01 4.000000000000000000e+00
8.500000000000000000e+01 6.589785831960461415e+00 1.388888888888888928e+01 3.333333333333332860e+01 5.000000000000000000e+00
8.600000000000000000e+01 6.672158154859967105e+00 2.500000000000000000e+01 2.222222222222222143e+01 9.000000000000000000e+00
8.700000000000000000e+01 7.042833607907743598e+00 1.388888888888888928e+01 3.888888888888889284e+01 5.000000000000000000e+00
8.800000000000000000e+01 7.619439868204283428e+00 2.222222222222222143e+01 2.777777777777777857e+01 8.000000000000000000e+00
8.900000000000000000e+01 7.084019769357495555e+00 1.666666666666666430e+01 4.444444444444444287e+01 6.000000000000000000e+00
9.000000000000000000e+01 7.907742998352553343e+00 2.777777777777777857e+01 2.500000000000000000e+01 1.000000000000000000e+01
9.100000000000000000e+01 7.042833607907743598e+00 3.333333333333332860e+01 2.777777777777777857e+01 1.200000000000000000e+01
9.200000000000000000e+01 6.795716639209226528e+00 3.333333333333332860e+01 3.333333333333332860e+01 1.200000000000000000e+01
9.300000000000000000e+01 7.372322899505766358e+00 2.222222222222222143e+01 2.222222222222222143e+01 8.000000000000000000e+00
9.400000000000000000e+01 6.919275123558484175e+00 4.166666666666667140e+01 3.055555555555555358e+01 1.500000000000000000e+01
9.500000000000000000e+01 7.042833607907743598e+00 1.944444444444444642e+01 3.055555555555555358e+01 7.000000000000000000e+00
9.600000000000000000e+01 6.795716639209226528e+00 3.888888888888889284e+01 3.333333333333332860e+01 1.400000000000000000e+01
9.700000000000000000e+01 6.836902800658978485e+00 2.777777777777777857e+01 2.222222222222222143e+01 1.000000000000000000e+01
9.800000000000000000e+01 6.836902800658978485e+00 2.500000000000000000e+01 2.777777777777777857e+01 9.000000000000000000e+00
9.900000000000000000e+01 6.795716639209226528e+00 3.333333333333332860e+01 2.777777777777777857e+01 1.200000000000000000e+01
1.000000000000000000e+02 6.919275123558484175e+00 3.611111111111110716e+01 3.333333333333332860e+01 1.300000000000000000e+01
1.010000000000000000e+02 6.383855024711697190e+00 3.611111111111110716e+01 4.722222222222222854e+01 1.300000000000000000e+01
1.020000000000000000e+02 6.425041186161449147e+00 2.777777777777777857e+01 3.333333333333332860e+01 1.000000000000000000e+01
1.030000000000000000e+02 5.971993410214167852e+00 2.777777777777777857e+01 5.000000000000000000e+01 1.000000000000000000e+01
1.040000000000000000e+02 6.383855024711697190e+00 3.055555555555555358e+01 2.777777777777777857e+01 1.100000000000000000e+01
1.050000000000000000e+02 6.630971993410214260e+00 2.777777777777777857e+01 2.777777777777777857e+01 1.000000000000000000e+01
1.060000000000000000e+02 6.054365733113673542e+00 3.611111111111110716e+01 2.500000000000000000e+01 1.300000000000000000e+01
1.070000000000000000e+02 6.342668863261943457e+00 1.944444444444444642e+01 3.055555555555555358e+01 7.000000000000000000e+00
1.080000000000000000e+02 6.219110378912684922e+00 2.222222222222222143e+01 3.611111111111110716e+01 8.000000000000000000e+00
1.090000000000000000e+02 5.807248764415156472e+00 1.666666666666666430e+01 3.611111111111110716e+01 6.000000000000000000e+00
1.100000000000000000e+02 5.560131795716639402e+00 1.666666666666666430e+01 2.222222222222222143e+01 6.000000000000000000e+00
1.110000000000000000e+02 4.777594728171334459e+00 2.500000000000000000e+01 2.500000000000000000e+01 9.000000000000000000e+00
1.120000000000000000e+02 4.118616144975288051e+00 3.055555555555555358e+01 2.777777777777777857e+01 1.100000000000000000e+01
1.130000000000000000e+02 4.448105436573311700e+00 2.777777777777777857e+01 2.222222222222222143e+01 1.000000000000000000e+01
1.140000000000000000e+02 4.859967051070840149e+00 2.777777777777777857e+01 2.222222222222222143e+01 1.000000000000000000e+01
1.150000000000000000e+02 4.324546952224053165e+00 3.055555555555555358e+01 3.055555555555555358e+01 1.100000000000000000e+01
1.160000000000000000e+02 3.871499176276770537e+00 3.888888888888889284e+01 1.666666666666666430e+01 1.400000000000000000e+01
1.170000000000000000e+02 4.283360790774300320e+00 3.611111111111110716e+01 1.944444444444444642e+01 1.300000000000000000e+01
1.180000000000000000e+02 3.871499176276770537e+00 3.611111111111110716e+01 2.222222222222222143e+01 1.300000000000000000e+01
1.190000000000000000e+02 5.024711696869851529e+00 2.222222222222222143e+01 8.333333333333332149e+00 8.000000000000000000e+00
1.200000000000000000e+02 4.695222405271828769e+00 1.666666666666666430e+01 2.777777777777777679e+00 6.000000000000000000e+00
1.210000000000000000e+02 5.436573311367380867e+00 1.111111111111111072e+01 5.555555555555555358e+00 4.000000000000000000e+00
1.220000000000000000e+02 4.901153212520592994e+00 2.777777777777777679e+00 5.555555555555555358e+00 1.000000000000000000e+00
1.230000000000000000e+02 5.065897858319604374e+00 0.000000000000000000e+00 8.333333333333332149e+00 -6.000000000000000000e+03
