# step, world, group,control
0.000000000000000000e+00 2.693574958813838549e+01 2.777777777777777679e+00 2.222222222222222143e+01 1.000000000000000000e+00
1.000000000000000000e+00 2.611202635914332504e+01 5.555555555555555358e+00 2.777777777777777857e+01 2.000000000000000000e+00
2.000000000000000000e+00 2.471169686985172831e+01 1.111111111111111072e+01 3.333333333333332860e+01 4.000000000000000000e+00
3.000000000000000000e+00 2.405271828665568279e+01 5.555555555555555358e+00 2.777777777777777857e+01 2.000000000000000000e+00
4.000000000000000000e+00 2.446457990115321479e+01 2.777777777777777679e+00 2.777777777777777857e+01 1.000000000000000000e+00
5.000000000000000000e+00 2.009884678747940612e+01 5.555555555555555358e+00 2.500000000000000000e+01 2.000000000000000000e+00
6.000000000000000000e+00 2.079901153212520626e+01 8.333333333333332149e+00 3.055555555555555358e+01 3.000000000000000000e+00
7.000000000000000000e+00 2.063426688632619488e+01 8.333333333333332149e+00 2.222222222222222143e+01 3.000000000000000000e+00
8.000000000000000000e+00 1.828665568369028094e+01 8.333333333333332149e+00 1.944444444444444642e+01 3.000000000000000000e+00
9.000000000000000000e+00 1.849258649093904339e+01 1.111111111111111072e+01 2.500000000000000000e+01 4.000000000000000000e+00
1.000000000000000000e+01 1.598023064250411807e+01 5.555555555555555358e+00 3.333333333333332860e+01 2.000000000000000000e+00
1.100000000000000000e+01 1.688632619439868066e+01 5.555555555555555358e+00 2.500000000000000000e+01 2.000000000000000000e+00
1.200000000000000000e+01 1.540362438220757824e+01 8.333333333333332149e+00 3.055555555555555358e+01 3.000000000000000000e+00
1.300000000000000000e+01 1.548599670510708215e+01 8.333333333333332149e+00 1.944444444444444642e+01 3.000000000000000000e+00
1.400000000000000000e+01 1.470345963756177987e+01 1.111111111111111072e+01 2.500000000000000000e+01 4.000000000000000000e+00
1.500000000000000000e+01 1.499176276771004801e+01 1.666666666666666430e+01 3.055555555555555358e+01 6.000000000000000000e+00
1.600000000000000000e+01 1.565074135090609531e+01 1.666666666666666430e+01 2.222222222222222143e+01 6.000000000000000000e+00
1.700000000000000000e+01 1.420922570016474573e+01 1.944444444444444642e+01 3.611111111111110716e+01 7.000000000000000000e+00
1.800000000000000000e+01 1.367380560131795697e+01 3.055555555555555358e+01 2.500000000000000000e+01 1.100000000000000000e+01
1.900000000000000000e+01 1.392092257001647582e+01 1.944444444444444642e+01 1.111111111111111072e+01 7.000000000000000000e+00
2.000000000000000000e+01 1.392092257001647582e+01 1.666666666666666430e+01 1.111111111111111072e+01 6.000000000000000000e+00
2.100000000000000000e+01 1.387973640856671942e+01 1.944444444444444642e+01 1.388888888888888928e+01 7.000000000000000000e+00
2.200000000000000000e+01 1.330313014827018137e+01 2.222222222222222143e+01 1.666666666666666430e+01 8.000000000000000000e+00
2.300000000000000000e+01 1.346787479406919275e+01 2.500000000000000000e+01 1.944444444444444642e+01 9.000000000000000000e+00
2.400000000000000000e+01 1.214991762767710171e+01 2.777777777777777857e+01 1.666666666666666430e+01 1.000000000000000000e+01
2.500000000000000000e+01 1.227347611202635846e+01 3.333333333333332860e+01 1.944444444444444642e+01 1.200000000000000000e+01
2.600000000000000000e+01 1.363261943986820413e+01 2.777777777777777857e+01 2.777777777777777857e+01 1.000000000000000000e+01
2.700000000000000000e+01 1.227347611202635846e+01 4.444444444444444287e+01 3.055555555555555358e+01 1.600000000000000000e+01
2.800000000000000000e+01 1.309719934102141714e+01 3.611111111111110716e+01 3.888888888888889284e+01 1.300000000000000000e+01
2.900000000000000000e+01 1.297364085667215861e+01 4.444444444444444287e+01 3.888888888888889284e+01 1.600000000000000000e+01
3.000000000000000000e+01 1.268533772652388691e+01 5.000000000000000000e+01 4.722222222222222854e+01 1.800000000000000000e+01
3.100000000000000000e+01 1.342668863261943990e+01 4.722222222222222854e+01 3.333333333333332860e+01 1.700000000000000000e+01
3.200000000000000000e+01 1.363261943986820413e+01 3.333333333333332860e+01 3.055555555555555358e+01 1.200000000000000000e+01
3.300000000000000000e+01 1.309719934102141714e+01 3.888888888888889284e+01 3.888888888888889284e+01 1.400000000000000000e+01
3.400000000000000000e+01 1.214991762767710171e+01 4.166666666666667140e+01 1.388888888888888928e+01 1.500000000000000000e+01
3.500000000000000000e+01 1.235584843492586415e+01 2.500000000000000000e+01 5.555555555555555358e+00 9.000000000000000000e+00
3.600000000000000000e+01 1.342668863261943990e+01 4.166666666666667140e+01 5.555555555555555358e+00 1.500000000000000000e+01
3.700000000000000000e+01 1.182042833607907717e+01 4.166666666666667140e+01 8.333333333333332149e+00 1.500000000000000000e+01
3.800000000000000000e+01 1.198517298187809033e+01 4.166666666666667140e+01 8.333333333333332149e+00 1.500000000000000000e+01
3.900000000000000000e+01 1.223228995057660740e+01 3.888888888888889284e+01 8.333333333333332149e+00 1.400000000000000000e+01
4.000000000000000000e+01 1.202635914332784139e+01 3.333333333333332860e+01 1.111111111111111072e+01 1.200000000000000000e+01
4.100000000000000000e+01 1.165568369028006579e+01 2.500000000000000000e+01 1.388888888888888928e+01 9.000000000000000000e+00
4.200000000000000000e+01 1.083196046128500711e+01 4.444444444444444287e+01 1.388888888888888928e+01 1.600000000000000000e+01
4.300000000000000000e+01 1.198517298187809033e+01 2.500000000000000000e+01 5.555555555555555358e+00 9.000000000000000000e+00
4.400000000000000000e+01 1.214991762767710171e+01 2.500000000000000000e+01 2.777777777777777679e+00 9.000000000000000000e+00
4.500000000000000000e+01 1.169686985172981863e+01 3.611111111111110716e+01 0.000000000000000000e+00 1.300000000000000000e+01
4.600000000000000000e+01 1.070840197693575035e+01 3.888888888888889284e+01 0.000000000000000000e+00 1.400000000000000000e+01
4.700000000000000000e+01 1.112026359143327880e+01 3.333333333333332860e+01 0.000000000000000000e+00 1.200000000000000000e+01
4.800000000000000000e+01 1.037891268533772759e+01 3.055555555555555358e+01 2.777777777777777679e+00 1.100000000000000000e+01
4.900000000000000000e+01 1.120263591433278449e+01 3.333333333333332860e+01 8.333333333333332149e+00 1.200000000000000000e+01
5.000000000000000000e+01 1.000823723228995021e+01 2.777777777777777857e+01 8.333333333333332149e+00 1.000000000000000000e+01
5.100000000000000000e+01 1.112026359143327880e+01 2.500000000000000000e+01 1.111111111111111072e+01 9.000000000000000000e+00
5.200000000000000000e+01 9.719934102141680299e+00 3.055555555555555358e+01 1.111111111111111072e+01 1.100000000000000000e+01
5.300000000000000000e+01 1.017298187808896159e+01 3.333333333333332860e+01 2.222222222222222143e+01 1.200000000000000000e+01
5.400000000000000000e+01 9.719934102141680299e+00 2.500000000000000000e+01 1.388888888888888928e+01 9.000000000000000000e+00
5.500000000000000000e+01 1.021416803953871444e+01 4.444444444444444287e+01 2.222222222222222143e+01 1.600000000000000000e+01
5.600000000000000000e+01 1.058484349258649004e+01 2.777777777777777857e+01 2.500000000000000000e+01 1.000000000000000000e+01
5.700000000000000000e+01 1.066721581548599573e+01 2.777777777777777857e+01 3.055555555555555358e+01 1.000000000000000000e+01
5.800000000000000000e+01 1.058484349258649004e+01 2.222222222222222143e+01 2.222222222222222143e+01 8.000000000000000000e+00
5.900000000000000000e+01 1.017298187808896159e+01 1.666666666666666430e+01 3.055555555555555358e+01 6.000000000000000000e+00
6.000000000000000000e+01 9.802306425041185989e+00 1.666666666666666430e+01 1.111111111111111072e+01 6.000000000000000000e+00
6.100000000000000000e+01 1.074958813838550142e+01 2.500000000000000000e+01 8.333333333333332149e+00 9.000000000000000000e+00
6.200000000000000000e+01 9.637561779242174609e+00 3.055555555555555358e+01 1.666666666666666430e+01 1.100000000000000000e+01
6.300000000000000000e+01 1.058484349258649004e+01 3.888888888888889284e+01 2.222222222222222143e+01 1.400000000000000000e+01
6.400000000000000000e+01 1.046128500823723328e+01 3.055555555555555358e+01 8.333333333333332149e+00 1.100000000000000000e+01
6.500000000000000000e+01 1.000823723228995021e+01 2.500000000000000000e+01 1.388888888888888928e+01 9.000000000000000000e+00
6.600000000000000000e+01 9.761120263591433144e+00 3.333333333333332860e+01 1.388888888888888928e+01 1.200000000000000000e+01
6.700000000000000000e+01 1.062602965403624466e+01 4.166666666666667140e+01 8.333333333333332149e+00 1.500000000000000000e+01
6.800000000000000000e+01 1.120263591433278449e+01 3.333333333333332860e+01 0.000000000000000000e+00 1.200000000000000000e+01
6.900000000000000000e+01 1.074958813838550142e+01 4.166666666666667140e+01 2.777777777777777679e+00 1.500000000000000000e+01
7.000000000000000000e+01 1.149093904448105441e+01 3.611111111111110716e+01 0.000000000000000000e+00 1.300000000000000000e+01
7.100000000000000000e+01 1.120263591433278449e+01 3.611111111111110716e+01 2.777777777777777679e+00 1.300000000000000000e+01
7.200000000000000000e+01 1.136738056013179587e+01 4.166666666666667140e+01 8.333333333333332149e+00 1.500000000000000000e+01
7.300000000000000000e+01 1.186161449752883001e+01 3.611111111111110716e+01 5.555555555555555358e+00 1.300000000000000000e+01
7.400000000000000000e+01 1.313838550247116999e+01 3.055555555555555358e+01 8.333333333333332149e+00 1.100000000000000000e+01
7.500000000000000000e+01 1.309719934102141714e+01 3.888888888888889284e+01 1.111111111111111072e+01 1.400000000000000000e+01
7.600000000000000000e+01 1.367380560131795697e+01 3.611111111111110716e+01 1.111111111111111072e+01 1.300000000000000000e+01
7.700000000000000000e+01 1.400329489291597973e+01 4.722222222222222854e+01 1.388888888888888928e+01 1.700000000000000000e+01
7.800000000000000000e+01 1.392092257001647582e+01 2.777777777777777857e+01 1.666666666666666430e+01 1.000000000000000000e+01
7.900000000000000000e+01 1.371499176276770804e+01 3.055555555555555358e+01 1.666666666666666430e+01 1.100000000000000000e+01
8.000000000000000000e+01 1.441515650741350996e+01 3.888888888888889284e+01 1.111111111111111072e+01 1.400000000000000000e+01
8.100000000000000000e+01 1.416803953871499111e+01 3.888888888888889284e+01 5.555555555555555358e+00 1.400000000000000000e+01
8.200000000000000000e+01 1.260296540362438300e+01 3.611111111111110716e+01 5.555555555555555358e+00 1.300000000000000000e+01
8.300000000000000000e+01 1.387973640856671942e+01 4.444444444444444287e+01 2.777777777777777679e+00 1.600000000000000000e+01
8.400000000000000000e+01 1.342668863261943990e+01 5.000000000000000000e+01 0.000000000000000000e+00 1.800000000000000000e+01
8.500000000000000000e+01 1.330313014827018137e+01 5.000000000000000000e+01 2.777777777777777679e+00 1.800000000000000000e+01
8.600000000000000000e+01 1.408566721581548720e+01 4.722222222222222854e+01 2.777777777777777679e+00 1.700000000000000000e+01
8.700000000000000000e+01 1.359143327841845306e+01 3.055555555555555358e+01 8.333333333333332149e+00 1.100000000000000000e+01
8.800000000000000000e+01 1.289126853377265114e+01 3.333333333333332860e+01 5.555555555555555358e+00 1.200000000000000000e+01
8.900000000000000000e+01 1.272652388797363976e+01 4.166666666666667140e+01 2.777777777777777679e+00 1.500000000000000000e+01
9.000000000000000000e+01 1.272652388797363976e+01 2.500000000000000000e+01 2.777777777777777679e+00 9.000000000000000000e+00
9.100000000000000000e+01 1.243822075782536984e+01 2.222222222222222143e+01 0.000000000000000000e+00 8.000000000000000000e+00
9.200000000000000000e+01 1.289126853377265114e+01 1.388888888888888928e+01 0.000000000000000000e+00 5.000000000000000000e+00
9.300000000000000000e+01 1.227347611202635846e+01 8.333333333333332149e+00 5.555555555555555358e+00 3.000000000000000000e+00
9.400000000000000000e+01 1.210873146622734708e+01 1.111111111111111072e+01 8.333333333333332149e+00 4.000000000000000000e+00
9.500000000000000000e+01 1.136738056013179587e+01 8.333333333333332149e+00 1.111111111111111072e+01 3.000000000000000000e+00
9.600000000000000000e+01 1.153212520593080725e+01 1.666666666666666430e+01 1.111111111111111072e+01 6.000000000000000000e+00
9.700000000000000000e+01 1.116144975288303165e+01 1.388888888888888928e+01 1.388888888888888928e+01 5.000000000000000000e+00
9.800000000000000000e+01 1.107907742998352418e+01 1.666666666666666430e+01 1.388888888888888928e+01 6.000000000000000000e+00
9.900000000000000000e+01 1.116144975288303165e+01 5.555555555555555358e+00 1.388888888888888928e+01 2.000000000000000000e+00
1.000000000000000000e+02 1.173805601317957148e+01 0.000000000000000000e+00 1.666666666666666430e+01 -6.000000000000000000e+03
