# step, world, group,control
0.000000000000000000e+00 2.705930807248764225e+01 3.888888888888889284e+01 3.611111111111110716e+01 1.400000000000000000e+01
1.000000000000000000e+00 2.549423393739703769e+01 3.888888888888889284e+01 3.611111111111110716e+01 1.400000000000000000e+01
2.000000000000000000e+00 2.808896210873146870e+01 3.611111111111110716e+01 3.055555555555555358e+01 1.300000000000000000e+01
3.000000000000000000e+00 2.487644151565073969e+01 3.888888888888889284e+01 5.833333333333333570e+01 1.400000000000000000e+01
4.000000000000000000e+00 2.405271828665568279e+01 2.222222222222222143e+01 8.333333333333332149e+00 8.000000000000000000e+00
5.000000000000000000e+00 2.409390444810543386e+01 3.333333333333332860e+01 5.555555555555555358e+00 1.200000000000000000e+01
6.000000000000000000e+00 2.425864909390444524e+01 4.722222222222222854e+01 1.388888888888888928e+01 1.700000000000000000e+01
7.000000000000000000e+00 2.425864909390444524e+01 2.500000000000000000e+01 1.111111111111111072e+01 9.000000000000000000e+00
8.000000000000000000e+00 2.339373970345963727e+01 3.055555555555555358e+01 8.333333333333332149e+00 1.100000000000000000e+01
9.000000000000000000e+00 2.355848434925864865e+01 2.777777777777777857e+01 5.555555555555555358e+00 1.000000000000000000e+01
1.000000000000000000e+01 2.121087314662273471e+01 2.222222222222222143e+01 0.000000000000000000e+00 8.000000000000000000e+00
1.100000000000000000e+01 2.178747940691927454e+01 1.944444444444444642e+01 0.000000000000000000e+00 7.000000000000000000e+00
1.200000000000000000e+01 2.186985172981878023e+01 2.777777777777777857e+01 0.000000000000000000e+00 1.000000000000000000e+01
1.300000000000000000e+01 2.166392092257001423e+01 1.944444444444444642e+01 0.000000000000000000e+00 7.000000000000000000e+00
1.400000000000000000e+01 2.141680395387150071e+01 3.055555555555555358e+01 0.000000000000000000e+00 1.100000000000000000e+01
1.500000000000000000e+01 1.972817133443163229e+01 2.500000000000000000e+01 0.000000000000000000e+00 9.000000000000000000e+00
1.600000000000000000e+01 1.952224052718286629e+01 3.333333333333332860e+01 0.000000000000000000e+00 1.200000000000000000e+01
1.700000000000000000e+01 1.820428336079077525e+01 3.611111111111110716e+01 0.000000000000000000e+00 1.300000000000000000e+01
1.800000000000000000e+01 1.614497528830312945e+01 4.166666666666667140e+01 5.555555555555555358e+00 1.500000000000000000e+01
1.900000000000000000e+01 1.589785831960461238e+01 1.944444444444444642e+01 2.777777777777777679e+00 7.000000000000000000e+00
2.000000000000000000e+01 1.532125205930807077e+01 1.944444444444444642e+01 2.777777777777777679e+00 7.000000000000000000e+00
2.100000000000000000e+01 1.651565074135090683e+01 1.666666666666666430e+01 2.777777777777777679e+00 6.000000000000000000e+00
2.200000000000000000e+01 1.548599670510708215e+01 1.666666666666666430e+01 5.555555555555555358e+00 6.000000000000000000e+00
2.300000000000000000e+01 1.684514003294892959e+01 1.944444444444444642e+01 5.555555555555555358e+00 7.000000000000000000e+00
2.400000000000000000e+01 1.610378912685337838e+01 2.500000000000000000e+01 8.333333333333332149e+00 9.000000000000000000e+00
2.500000000000000000e+01 1.705107084019769204e+01 2.500000000000000000e+01 5.555555555555555358e+00 9.000000000000000000e+00
2.600000000000000000e+01 1.655683690280065790e+01 4.722222222222222854e+01 2.777777777777777679e+00 1.700000000000000000e+01
2.700000000000000000e+01 1.614497528830312945e+01 2.777777777777777857e+01 2.777777777777777679e+00 1.000000000000000000e+01
2.800000000000000000e+01 1.622734761120263514e+01 2.777777777777777857e+01 2.777777777777777679e+00 1.000000000000000000e+01
2.900000000000000000e+01 1.618616144975288407e+01 3.333333333333332860e+01 0.000000000000000000e+00 1.200000000000000000e+01
3.000000000000000000e+01 1.626853377265238976e+01 2.777777777777777857e+01 8.333333333333332149e+00 1.000000000000000000e+01
3.100000000000000000e+01 1.581548599670510669e+01 3.611111111111110716e+01 5.555555555555555358e+00 1.300000000000000000e+01
3.200000000000000000e+01 1.499176276771004801e+01 3.333333333333332860e+01 5.555555555555555358e+00 1.200000000000000000e+01
3.300000000000000000e+01 1.663920922570016359e+01 2.222222222222222143e+01 0.000000000000000000e+00 8.000000000000000000e+00
3.400000000000000000e+01 1.552718286655683855e+01 1.666666666666666430e+01 0.000000000000000000e+00 6.000000000000000000e+00
3.500000000000000000e+01 1.635090609555189545e+01 3.055555555555555358e+01 0.000000000000000000e+00 1.100000000000000000e+01
3.600000000000000000e+01 1.544481054365733108e+01 2.500000000000000000e+01 0.000000000000000000e+00 9.000000000000000000e+00
3.700000000000000000e+01 1.668039538714991821e+01 3.333333333333332860e+01 0.000000000000000000e+00 1.200000000000000000e+01
3.800000000000000000e+01 1.754530477759472973e+01 1.388888888888888928e+01 0.000000000000000000e+00 5.000000000000000000e+00
3.900000000000000000e+01 1.548599670510708215e+01 1.944444444444444642e+01 2.777777777777777679e+00 7.000000000000000000e+00
4.000000000000000000e+01 1.511532125205930832e+01 3.333333333333332860e+01 5.555555555555555358e+00 1.200000000000000000e+01
4.100000000000000000e+01 1.379736408566721551e+01 2.222222222222222143e+01 5.555555555555555358e+00 8.000000000000000000e+00
4.200000000000000000e+01 1.404448105436573435e+01 2.222222222222222143e+01 5.555555555555555358e+00 8.000000000000000000e+00
4.300000000000000000e+01 1.223228995057660740e+01 2.222222222222222143e+01 5.555555555555555358e+00 8.000000000000000000e+00
4.400000000000000000e+01 1.322075782537067390e+01 2.222222222222222143e+01 2.777777777777777679e+00 8.000000000000000000e+00
4.500000000000000000e+01 1.313838550247116999e+01 2.500000000000000000e+01 0.000000000000000000e+00 9.000000000000000000e+00
4.600000000000000000e+01 1.408566721581548720e+01 1.944444444444444642e+01 0.000000000000000000e+00 7.000000000000000000e+00
4.700000000000000000e+01 1.342668863261943990e+01 1.388888888888888928e+01 0.000000000000000000e+00 5.000000000000000000e+00
4.800000000000000000e+01 1.441515650741350996e+01 1.944444444444444642e+01 0.000000000000000000e+00 7.000000000000000000e+00
4.900000000000000000e+01 1.219110378912685277e+01 3.611111111111110716e+01 0.000000000000000000e+00 1.300000000000000000e+01
5.000000000000000000e+01 1.305601317957166252e+01 2.222222222222222143e+01 0.000000000000000000e+00 8.000000000000000000e+00
5.100000000000000000e+01 1.219110378912685277e+01 2.222222222222222143e+01 0.000000000000000000e+00 8.000000000000000000e+00
5.200000000000000000e+01 1.128500823723229018e+01 3.333333333333332860e+01 0.000000000000000000e+00 1.200000000000000000e+01
5.300000000000000000e+01 1.214991762767710171e+01 2.500000000000000000e+01 0.000000000000000000e+00 9.000000000000000000e+00
5.400000000000000000e+01 1.173805601317957148e+01 3.055555555555555358e+01 0.000000000000000000e+00 1.100000000000000000e+01
5.500000000000000000e+01 1.144975288303130156e+01 3.055555555555555358e+01 2.777777777777777679e+00 1.100000000000000000e+01
5.600000000000000000e+01 1.206754530477759602e+01 3.611111111111110716e+01 2.777777777777777679e+00 1.300000000000000000e+01
5.700000000000000000e+01 1.173805601317957148e+01 4.722222222222222854e+01 5.555555555555555358e+00 1.700000000000000000e+01
5.800000000000000000e+01 1.223228995057660740e+01 3.888888888888889284e+01 5.555555555555555358e+00 1.400000000000000000e+01
5.900000000000000000e+01 1.256177924217462838e+01 3.055555555555555358e+01 8.333333333333332149e+00 1.100000000000000000e+01
6.000000000000000000e+01 1.313838550247116999e+01 2.500000000000000000e+01 8.333333333333332149e+00 9.000000000000000000e+00
6.100000000000000000e+01 1.293245469522240576e+01 2.500000000000000000e+01 1.111111111111111072e+01 9.000000000000000000e+00
6.200000000000000000e+01 1.317957166392092283e+01 5.277777777777777857e+01 1.666666666666666430e+01 1.900000000000000000e+01
6.300000000000000000e+01 1.379736408566721551e+01 1.666666666666666430e+01 1.111111111111111072e+01 6.000000000000000000e+00
6.400000000000000000e+01 1.243822075782536984e+01 2.777777777777777857e+01 1.944444444444444642e+01 1.000000000000000000e+01
6.500000000000000000e+01 1.322075782537067390e+01 2.500000000000000000e+01 1.666666666666666430e+01 9.000000000000000000e+00
6.600000000000000000e+01 1.272652388797363976e+01 2.500000000000000000e+01 1.388888888888888928e+01 9.000000000000000000e+00
6.700000000000000000e+01 1.177924217462932432e+01 3.333333333333332860e+01 1.111111111111111072e+01 1.200000000000000000e+01
6.800000000000000000e+01 1.214991762767710171e+01 2.777777777777777857e+01 1.666666666666666430e+01 1.000000000000000000e+01
6.900000000000000000e+01 1.231466227347611309e+01 2.777777777777777857e+01 1.388888888888888928e+01 1.000000000000000000e+01
7.000000000000000000e+01 1.107907742998352418e+01 2.222222222222222143e+01 1.111111111111111072e+01 8.000000000000000000e+00
7.100000000000000000e+01 1.112026359143327880e+01 4.166666666666667140e+01 1.111111111111111072e+01 1.500000000000000000e+01
7.200000000000000000e+01 1.132619439868204303e+01 2.222222222222222143e+01 1.111111111111111072e+01 8.000000000000000000e+00
7.300000000000000000e+01 1.095551894563426742e+01 2.222222222222222143e+01 1.111111111111111072e+01 8.000000000000000000e+00
7.400000000000000000e+01 1.087314662273476173e+01 2.222222222222222143e+01 1.111111111111111072e+01 8.000000000000000000e+00
7.500000000000000000e+01 1.083196046128500711e+01 1.944444444444444642e+01 1.111111111111111072e+01 7.000000000000000000e+00
7.600000000000000000e+01 1.190280065897858286e+01 3.333333333333332860e+01 1.111111111111111072e+01 1.200000000000000000e+01
7.700000000000000000e+01 1.128500823723229018e+01 1.944444444444444642e+01 1.111111111111111072e+01 7.000000000000000000e+00
7.800000000000000000e+01 1.149093904448105441e+01 2.222222222222222143e+01 1.111111111111111072e+01 8.000000000000000000e+00
7.900000000000000000e+01 1.058484349258649004e+01 2.222222222222222143e+01 1.111111111111111072e+01 8.000000000000000000e+00
8.000000000000000000e+01 1.037891268533772759e+01 1.944444444444444642e+01 1.111111111111111072e+01 7.000000000000000000e+00
8.100000000000000000e+01 1.132619439868204303e+01 3.055555555555555358e+01 1.666666666666666430e+01 1.100000000000000000e+01
8.200000000000000000e+01 1.120263591433278449e+01 2.500000000000000000e+01 1.944444444444444642e+01 9.000000000000000000e+00
8.300000000000000000e+01 1.243822075782536984e+01 4.722222222222222854e+01 2.777777777777777857e+01 1.700000000000000000e+01
8.400000000000000000e+01 1.227347611202635846e+01 1.388888888888888928e+01 1.666666666666666430e+01 5.000000000000000000e+00
8.500000000000000000e+01 1.243822075782536984e+01 2.500000000000000000e+01 2.777777777777777857e+01 9.000000000000000000e+00
8.600000000000000000e+01 1.260296540362438300e+01 2.500000000000000000e+01 1.944444444444444642e+01 9.000000000000000000e+00
8.700000000000000000e+01 1.317957166392092283e+01 1.666666666666666430e+01 1.388888888888888928e+01 6.000000000000000000e+00
8.800000000000000000e+01 1.165568369028006579e+01 2.777777777777777857e+01 8.333333333333332149e+00 1.000000000000000000e+01
8.900000000000000000e+01 1.190280065897858286e+01 2.222222222222222143e+01 8.333333333333332149e+00 8.000000000000000000e+00
9.000000000000000000e+01 1.169686985172981863e+01 2.222222222222222143e+01 5.555555555555555358e+00 8.000000000000000000e+00
9.100000000000000000e+01 1.190280065897858286e+01 1.388888888888888928e+01 5.555555555555555358e+00 5.000000000000000000e+00
9.200000000000000000e+01 1.186161449752883001e+01 2.222222222222222143e+01 8.333333333333332149e+00 8.000000000000000000e+00
9.300000000000000000e+01 1.140856672158154872e+01 1.666666666666666430e+01 5.555555555555555358e+00 6.000000000000000000e+00
9.400000000000000000e+01 1.107907742998352418e+01 3.055555555555555358e+01 5.555555555555555358e+00 1.100000000000000000e+01
9.500000000000000000e+01 1.112026359143327880e+01 2.500000000000000000e+01 5.555555555555555358e+00 9.000000000000000000e+00
9.600000000000000000e+01 1.198517298187809033e+01 1.666666666666666430e+01 8.333333333333332149e+00 6.000000000000000000e+00
9.700000000000000000e+01 1.070840197693575035e+01 2.222222222222222143e+01 1.388888888888888928e+01 8.000000000000000000e+00
9.800000000000000000e+01 1.074958813838550142e+01 1.944444444444444642e+01 1.666666666666666430e+01 7.000000000000000000e+00
9.900000000000000000e+01 9.637561779242174609e+00 1.944444444444444642e+01 1.388888888888888928e+01 7.000000000000000000e+00
1.000000000000000000e+02 9.514003294892916074e+00 2.777777777777777857e+01 2.500000000000000000e+01 1.000000000000000000e+01
1.010000000000000000e+02 9.349258649093904694e+00 3.055555555555555358e+01 2.777777777777777857e+01 1.100000000000000000e+01
1.020000000000000000e+02 8.978583196046129089e+00 3.611111111111110716e+01 2.777777777777777857e+01 1.300000000000000000e+01
1.030000000000000000e+02 9.225700164744646159e+00 3.333333333333332860e+01 2.777777777777777857e+01 1.200000000000000000e+01
1.040000000000000000e+02 9.184514003294893314e+00 3.333333333333332860e+01 3.333333333333332860e+01 1.200000000000000000e+01
1.050000000000000000e+02 9.184514003294893314e+00 3.055555555555555358e+01 2.500000000000000000e+01 1.100000000000000000e+01
1.060000000000000000e+02 9.102141680395387624e+00 4.444444444444444287e+01 2.500000000000000000e+01 1.600000000000000000e+01
1.070000000000000000e+02 9.802306425041185989e+00 3.055555555555555358e+01 3.333333333333332860e+01 1.100000000000000000e+01
1.080000000000000000e+02 1.058484349258649004e+01 4.166666666666667140e+01 1.666666666666666430e+01 1.500000000000000000e+01
1.090000000000000000e+02 9.678747940691927454e+00 2.777777777777777857e+01 2.777777777777777857e+01 1.000000000000000000e+01
1.100000000000000000e+02 9.514003294892916074e+00 3.055555555555555358e+01 3.333333333333332860e+01 1.100000000000000000e+01
1.110000000000000000e+02 9.143327841845140469e+00 3.611111111111110716e+01 3.333333333333332860e+01 1.300000000000000000e+01
1.120000000000000000e+02 8.978583196046129089e+00 1.666666666666666430e+01 2.777777777777777857e+01 6.000000000000000000e+00
1.130000000000000000e+02 8.319604612850081793e+00 2.222222222222222143e+01 2.777777777777777857e+01 8.000000000000000000e+00
1.140000000000000000e+02 8.855024711696870554e+00 2.500000000000000000e+01 2.222222222222222143e+01 9.000000000000000000e+00
1.150000000000000000e+02 8.360790774299834638e+00 2.500000000000000000e+01 2.222222222222222143e+01 9.000000000000000000e+00
1.160000000000000000e+02 7.413509060955518315e+00 1.944444444444444642e+01 2.500000000000000000e+01 7.000000000000000000e+00
1.170000000000000000e+02 7.125205930807249288e+00 1.944444444444444642e+01 2.222222222222222143e+01 7.000000000000000000e+00
1.180000000000000000e+02 7.207578253706754978e+00 1.666666666666666430e+01 1.944444444444444642e+01 6.000000000000000000e+00
1.190000000000000000e+02 7.742998352553541075e+00 1.944444444444444642e+01 1.111111111111111072e+01 7.000000000000000000e+00
1.200000000000000000e+02 8.113673805601317568e+00 1.388888888888888928e+01 1.111111111111111072e+01 5.000000000000000000e+00
1.210000000000000000e+02 8.484349258649094949e+00 8.333333333333332149e+00 1.388888888888888928e+01 3.000000000000000000e+00
1.220000000000000000e+02 9.308072487644151849e+00 5.555555555555555358e+00 1.111111111111111072e+01 2.000000000000000000e+00
1.230000000000000000e+02 8.896210873146623399e+00 5.555555555555555358e+00 1.666666666666666430e+01 2.000000000000000000e+00
1.240000000000000000e+02 9.184514003294893314e+00 0.000000000000000000e+00 1.666666666666666430e+01 -6.000000000000000000e+03
