# step, world, group,control
0.000000000000000000e+00 2.615321252059308321e+01 2.222222222222222143e+01 2.500000000000000000e+01 8.000000000000000000e+00
1.000000000000000000e+00 2.471169686985172831e+01 4.722222222222222854e+01 2.222222222222222143e+01 1.700000000000000000e+01
2.000000000000000000e+00 2.483525535420098862e+01 2.500000000000000000e+01 1.944444444444444642e+01 9.000000000000000000e+00
3.000000000000000000e+00 2.343492586490938834e+01 3.055555555555555358e+01 2.500000000000000000e+01 1.100000000000000000e+01
4.000000000000000000e+00 2.261120263591433144e+01 2.777777777777777857e+01 1.666666666666666430e+01 1.000000000000000000e+01
5.000000000000000000e+00 2.133443163097199147e+01 3.888888888888889284e+01 1.388888888888888928e+01 1.400000000000000000e+01
6.000000000000000000e+00 2.046952224052718350e+01 3.611111111111110716e+01 1.944444444444444642e+01 1.300000000000000000e+01
7.000000000000000000e+00 1.828665568369028094e+01 3.333333333333332860e+01 1.944444444444444642e+01 1.200000000000000000e+01
8.000000000000000000e+00 1.915156507413509246e+01 3.611111111111110716e+01 1.944444444444444642e+01 1.300000000000000000e+01
9.000000000000000000e+00 2.042833607907742888e+01 2.777777777777777857e+01 2.500000000000000000e+01 1.000000000000000000e+01
1.000000000000000000e+01 1.993410214168039474e+01 2.222222222222222143e+01 2.777777777777777857e+01 8.000000000000000000e+00
1.100000000000000000e+01 1.787479406919275249e+01 3.333333333333332860e+01 2.500000000000000000e+01 1.200000000000000000e+01
1.200000000000000000e+01 1.705107084019769204e+01 3.333333333333332860e+01 2.222222222222222143e+01 1.200000000000000000e+01
1.300000000000000000e+01 1.828665568369028094e+01 3.055555555555555358e+01 1.388888888888888928e+01 1.100000000000000000e+01
1.400000000000000000e+01 1.709225700164744666e+01 3.333333333333332860e+01 2.222222222222222143e+01 1.200000000000000000e+01
1.500000000000000000e+01 1.869851729818780939e+01 4.166666666666667140e+01 1.944444444444444642e+01 1.500000000000000000e+01
1.600000000000000000e+01 1.733937397034596373e+01 3.055555555555555358e+01 2.500000000000000000e+01 1.100000000000000000e+01
1.700000000000000000e+01 1.746293245469522404e+01 3.611111111111110716e+01 2.222222222222222143e+01 1.300000000000000000e+01
1.800000000000000000e+01 1.762767710049423542e+01 4.166666666666667140e+01 1.666666666666666430e+01 1.500000000000000000e+01
1.900000000000000000e+01 1.610378912685337838e+01 3.055555555555555358e+01 1.944444444444444642e+01 1.100000000000000000e+01
2.000000000000000000e+01 1.560955518945634246e+01 3.888888888888889284e+01 1.666666666666666430e+01 1.400000000000000000e+01
2.100000000000000000e+01 1.437397034596375711e+01 3.611111111111110716e+01 2.500000000000000000e+01 1.300000000000000000e+01
2.200000000000000000e+01 1.449752883031301387e+01 2.777777777777777857e+01 1.944444444444444642e+01 1.000000000000000000e+01
2.300000000000000000e+01 1.507413509060955548e+01 2.777777777777777857e+01 2.777777777777777857e+01 1.000000000000000000e+01
2.400000000000000000e+01 1.598023064250411807e+01 1.388888888888888928e+01 1.944444444444444642e+01 5.000000000000000000e+00
2.500000000000000000e+01 1.696869851729818990e+01 1.388888888888888928e+01 2.500000000000000000e+01 5.000000000000000000e+00
2.600000000000000000e+01 1.602141680395387269e+01 2.500000000000000000e+01 1.111111111111111072e+01 9.000000000000000000e+00
2.700000000000000000e+01 1.771004942339374111e+01 1.666666666666666430e+01 1.111111111111111072e+01 6.000000000000000000e+00
2.800000000000000000e+01 1.672158154859966928e+01 2.777777777777777857e+01 1.111111111111111072e+01 1.000000000000000000e+01
2.900000000000000000e+01 1.581548599670510669e+01 3.888888888888889284e+01 1.111111111111111072e+01 1.400000000000000000e+01
3.000000000000000000e+01 1.396210873146622689e+01 2.500000000000000000e+01 1.111111111111111072e+01 9.000000000000000000e+00
3.100000000000000000e+01 1.408566721581548720e+01 4.166666666666667140e+01 1.111111111111111072e+01 1.500000000000000000e+01
3.200000000000000000e+01 1.478583196046128556e+01 3.055555555555555358e+01 1.111111111111111072e+01 1.100000000000000000e+01
3.300000000000000000e+01 1.408566721581548720e+01 3.611111111111110716e+01 1.111111111111111072e+01 1.300000000000000000e+01
3.400000000000000000e+01 1.408566721581548720e+01 2.777777777777777857e+01 1.111111111111111072e+01 1.000000000000000000e+01
3.500000000000000000e+01 1.387973640856671942e+01 2.500000000000000000e+01 1.111111111111111072e+01 9.000000000000000000e+00
3.600000000000000000e+01 1.359143327841845306e+01 2.222222222222222143e+01 1.388888888888888928e+01 8.000000000000000000e+00
3.700000000000000000e+01 1.445634266886326103e+01 1.944444444444444642e+01 2.222222222222222143e+01 7.000000000000000000e+00
3.800000000000000000e+01 1.429159802306424965e+01 2.500000000000000000e+01 1.666666666666666430e+01 9.000000000000000000e+00
3.900000000000000000e+01 1.490939044481054410e+01 3.055555555555555358e+01 1.111111111111111072e+01 1.100000000000000000e+01
4.000000000000000000e+01 1.408566721581548720e+01 2.500000000000000000e+01 1.111111111111111072e+01 9.000000000000000000e+00
4.100000000000000000e+01 1.408566721581548720e+01 3.055555555555555358e+01 1.111111111111111072e+01 1.100000000000000000e+01
4.200000000000000000e+01 1.359143327841845306e+01 1.666666666666666430e+01 1.111111111111111072e+01 6.000000000000000000e+00
4.300000000000000000e+01 1.235584843492586415e+01 3.055555555555555358e+01 1.111111111111111072e+01 1.100000000000000000e+01
4.400000000000000000e+01 1.367380560131795697e+01 2.777777777777777857e+01 1.111111111111111072e+01 1.000000000000000000e+01
4.500000000000000000e+01 1.400329489291597973e+01 1.666666666666666430e+01 1.111111111111111072e+01 6.000000000000000000e+00
4.600000000000000000e+01 1.379736408566721551e+01 1.666666666666666430e+01 1.111111111111111072e+01 6.000000000000000000e+00
4.700000000000000000e+01 1.276771004942339438e+01 1.388888888888888928e+01 1.111111111111111072e+01 5.000000000000000000e+00
4.800000000000000000e+01 1.371499176276770804e+01 1.666666666666666430e+01 1.111111111111111072e+01 6.000000000000000000e+00
4.900000000000000000e+01 1.247940691927512447e+01 8.333333333333332149e+00 1.111111111111111072e+01 3.000000000000000000e+00
5.000000000000000000e+01 1.367380560131795697e+01 8.333333333333332149e+00 1.111111111111111072e+01 3.000000000000000000e+00
5.100000000000000000e+01 1.309719934102141714e+01 1.111111111111111072e+01 1.111111111111111072e+01 4.000000000000000000e+00
5.200000000000000000e+01 1.322075782537067390e+01 1.666666666666666430e+01 1.111111111111111072e+01 6.000000000000000000e+00
5.300000000000000000e+01 1.268533772652388691e+01 2.222222222222222143e+01 1.111111111111111072e+01 8.000000000000000000e+00
5.400000000000000000e+01 1.132619439868204303e+01 1.388888888888888928e+01 1.111111111111111072e+01 5.000000000000000000e+00
5.500000000000000000e+01 1.239703459637561878e+01 1.944444444444444642e+01 1.111111111111111072e+01 7.000000000000000000e+00
5.600000000000000000e+01 1.239703459637561878e+01 1.944444444444444642e+01 1.111111111111111072e+01 7.000000000000000000e+00
5.700000000000000000e+01 1.169686985172981863e+01 2.500000000000000000e+01 1.111111111111111072e+01 9.000000000000000000e+00
5.800000000000000000e+01 1.272652388797363976e+01 8.333333333333332149e+00 1.111111111111111072e+01 3.000000000000000000e+00
5.900000000000000000e+01 1.305601317957166252e+01 5.555555555555555358e+00 1.111111111111111072e+01 2.000000000000000000e+00
6.000000000000000000e+01 1.346787479406919275e+01 0.000000000000000000e+00 1.111111111111111072e+01 -6.000000000000000000e+03
