# step, world, group,control
0.000000000000000000e+00 2.491762767710049431e+01 2.500000000000000000e+01 5.555555555555555358e+00 9.000000000000000000e+00
1.000000000000000000e+00 2.302306425041186344e+01 3.055555555555555358e+01 0.000000000000000000e+00 1.100000000000000000e+01
2.000000000000000000e+00 2.392915980230642248e+01 2.500000000000000000e+01 0.000000000000000000e+00 9.000000000000000000e+00
3.000000000000000000e+00 2.067545304777594595e+01 3.611111111111110716e+01 0.000000000000000000e+00 1.300000000000000000e+01
4.000000000000000000e+00 1.968698517298187767e+01 1.944444444444444642e+01 0.000000000000000000e+00 7.000000000000000000e+00
5.000000000000000000e+00 1.836902800658978663e+01 1.388888888888888928e+01 2.777777777777777679e+00 5.000000000000000000e+00
6.000000000000000000e+00 1.766886326194398649e+01 1.666666666666666430e+01 0.000000000000000000e+00 6.000000000000000000e+00
7.000000000000000000e+00 1.647446457990115221e+01 2.222222222222222143e+01 0.000000000000000000e+00 8.000000000000000000e+00
8.000000000000000000e+00 1.614497528830312945e+01 1.666666666666666430e+01 0.000000000000000000e+00 6.000000000000000000e+00
9.000000000000000000e+00 1.507413509060955548e+01 2.777777777777777857e+01 2.777777777777777679e+00 1.000000000000000000e+01
1.000000000000000000e+01 1.466227347611202525e+01 1.666666666666666430e+01 2.777777777777777679e+00 6.000000000000000000e+00
1.100000000000000000e+01 1.285008237232289829e+01 1.111111111111111072e+01 5.555555555555555358e+00 4.000000000000000000e+00
1.200000000000000000e+01 1.392092257001647582e+01 1.666666666666666430e+01 0.000000000000000000e+00 6.000000000000000000e+00
1.300000000000000000e+01 1.326194398682042852e+01 1.388888888888888928e+01 0.000000000000000000e+00 5.000000000000000000e+00
1.400000000000000000e+01 1.214991762767710171e+01 1.388888888888888928e+01 0.000000000000000000e+00 5.000000000000000000e+00
1.500000000000000000e+01 1.256177924217462838e+01 1.111111111111111072e+01 0.000000000000000000e+00 4.000000000000000000e+00
1.600000000000000000e+01 1.239703459637561878e+01 1.388888888888888928e+01 0.000000000000000000e+00 5.000000000000000000e+00
1.700000000000000000e+01 1.326194398682042852e+01 1.111111111111111072e+01 0.000000000000000000e+00 4.000000000000000000e+00
1.800000000000000000e+01 1.136738056013179587e+01 1.666666666666666430e+01 0.000000000000000000e+00 6.000000000000000000e+00
1.900000000000000000e+01 1.293245469522240576e+01 1.388888888888888928e+01 0.000000000000000000e+00 5.000000000000000000e+00
2.000000000000000000e+01 1.177924217462932432e+01 8.333333333333332149e+00 2.777777777777777679e+00 3.000000000000000000e+00
2.100000000000000000e+01 1.276771004942339438e+01 8.333333333333332149e+00 2.777777777777777679e+00 3.000000000000000000e+00
2.200000000000000000e+01 1.239703459637561878e+01 8.333333333333332149e+00 0.000000000000000000e+00 3.000000000000000000e+00
2.300000000000000000e+01 1.206754530477759602e+01 0.000000000000000000e+00 0.000000000000000000e+00 -6.000000000000000000e+03
