# step, world, group,control
0.000000000000000000e+00 2.631795716639209104e+01 1.944444444444444642e+01 8.333333333333332149e+00 7.000000000000000000e+00
1.000000000000000000e+00 2.681219110378912873e+01 2.500000000000000000e+01 5.555555555555555358e+00 9.000000000000000000e+00
2.000000000000000000e+00 2.648270181219110597e+01 3.611111111111110716e+01 5.555555555555555358e+00 1.300000000000000000e+01
3.000000000000000000e+00 2.462932454695222617e+01 4.166666666666667140e+01 5.555555555555555358e+00 1.500000000000000000e+01
4.000000000000000000e+00 2.228171334431630868e+01 3.333333333333332860e+01 5.555555555555555358e+00 1.200000000000000000e+01
5.000000000000000000e+00 2.384678747940692034e+01 3.611111111111110716e+01 1.666666666666666430e+01 1.300000000000000000e+01
6.000000000000000000e+00 2.289950576606260313e+01 3.333333333333332860e+01 8.333333333333332149e+00 1.200000000000000000e+01
7.000000000000000000e+00 2.018121911037891181e+01 3.055555555555555358e+01 5.555555555555555358e+00 1.100000000000000000e+01
8.000000000000000000e+00 2.298187808896210882e+01 3.055555555555555358e+01 2.777777777777777679e+00 1.100000000000000000e+01
9.000000000000000000e+00 2.055189456342668919e+01 4.444444444444444287e+01 2.777777777777777679e+00 1.600000000000000000e+01
1.000000000000000000e+01 2.051070840197693457e+01 3.055555555555555358e+01 2.777777777777777679e+00 1.100000000000000000e+01
1.100000000000000000e+01 2.088138385502471195e+01 4.444444444444444287e+01 5.555555555555555358e+00 1.600000000000000000e+01
1.200000000000000000e+01 2.026359143327841750e+01 3.888888888888889284e+01 8.333333333333332149e+00 1.400000000000000000e+01
1.300000000000000000e+01 2.075782537067545519e+01 2.777777777777777857e+01 8.333333333333332149e+00 1.000000000000000000e+01
1.400000000000000000e+01 1.824546952224052632e+01 3.888888888888889284e+01 1.388888888888888928e+01 1.400000000000000000e+01
1.500000000000000000e+01 1.898682042833607753e+01 2.777777777777777857e+01 1.111111111111111072e+01 1.000000000000000000e+01
1.600000000000000000e+01 1.931630971993410384e+01 3.333333333333332860e+01 1.944444444444444642e+01 1.200000000000000000e+01
1.700000000000000000e+01 1.911037891268533784e+01 2.222222222222222143e+01 1.111111111111111072e+01 8.000000000000000000e+00
1.800000000000000000e+01 1.878088962108731508e+01 2.500000000000000000e+01 1.111111111111111072e+01 9.000000000000000000e+00
1.900000000000000000e+01 1.915156507413509246e+01 2.222222222222222143e+01 1.111111111111111072e+01 8.000000000000000000e+00
2.000000000000000000e+01 1.700988467874794097e+01 3.055555555555555358e+01 1.666666666666666430e+01 1.100000000000000000e+01
2.100000000000000000e+01 1.655683690280065790e+01 2.777777777777777857e+01 2.222222222222222143e+01 1.000000000000000000e+01
2.200000000000000000e+01 1.655683690280065790e+01 2.777777777777777857e+01 2.500000000000000000e+01 1.000000000000000000e+01
2.300000000000000000e+01 1.610378912685337838e+01 2.222222222222222143e+01 1.944444444444444642e+01 8.000000000000000000e+00
2.400000000000000000e+01 1.412685337726523827e+01 2.222222222222222143e+01 2.500000000000000000e+01 8.000000000000000000e+00
2.500000000000000000e+01 1.445634266886326103e+01 3.611111111111110716e+01 1.944444444444444642e+01 1.300000000000000000e+01
2.600000000000000000e+01 1.457990115321252134e+01 3.333333333333332860e+01 2.222222222222222143e+01 1.200000000000000000e+01
2.700000000000000000e+01 1.474464579901153272e+01 3.888888888888889284e+01 1.666666666666666430e+01 1.400000000000000000e+01
2.800000000000000000e+01 1.499176276771004801e+01 4.166666666666667140e+01 1.111111111111111072e+01 1.500000000000000000e+01
2.900000000000000000e+01 1.499176276771004801e+01 4.722222222222222854e+01 1.388888888888888928e+01 1.700000000000000000e+01
3.000000000000000000e+01 1.363261943986820413e+01 4.166666666666667140e+01 2.222222222222222143e+01 1.500000000000000000e+01
3.100000000000000000e+01 1.441515650741350996e+01 3.055555555555555358e+01 1.944444444444444642e+01 1.100000000000000000e+01
3.200000000000000000e+01 1.375617792421746444e+01 3.333333333333332860e+01 2.777777777777777857e+01 1.200000000000000000e+01
3.300000000000000000e+01 1.462108731466227241e+01 2.222222222222222143e+01 2.500000000000000000e+01 8.000000000000000000e+00
3.400000000000000000e+01 1.334431630971993421e+01 3.888888888888889284e+01 3.611111111111110716e+01 1.400000000000000000e+01
3.500000000000000000e+01 1.367380560131795697e+01 3.611111111111110716e+01 3.333333333333332860e+01 1.300000000000000000e+01
3.600000000000000000e+01 1.326194398682042852e+01 4.444444444444444287e+01 4.444444444444444287e+01 1.600000000000000000e+01
3.700000000000000000e+01 1.375617792421746444e+01 3.333333333333332860e+01 3.888888888888889284e+01 1.200000000000000000e+01
3.800000000000000000e+01 1.437397034596375711e+01 3.611111111111110716e+01 2.500000000000000000e+01 1.300000000000000000e+01
3.900000000000000000e+01 1.371499176276770804e+01 3.055555555555555358e+01 3.055555555555555358e+01 1.100000000000000000e+01
4.000000000000000000e+01 1.359143327841845306e+01 3.055555555555555358e+01 8.333333333333332149e+00 1.100000000000000000e+01
4.100000000000000000e+01 1.359143327841845306e+01 1.111111111111111072e+01 1.111111111111111072e+01 4.000000000000000000e+00
4.200000000000000000e+01 1.330313014827018137e+01 0.000000000000000000e+00 1.388888888888888928e+01 -6.000000000000000000e+03
