# step, world, group,control
0.000000000000000000e+00 2.697693574958813656e+01 3.055555555555555358e+01 3.055555555555555358e+01 1.100000000000000000e+01
1.000000000000000000e+00 2.450576606260296586e+01 2.777777777777777857e+01 3.055555555555555358e+01 1.000000000000000000e+01
2.000000000000000000e+00 2.557660626029654338e+01 1.111111111111111072e+01 2.500000000000000000e+01 4.000000000000000000e+00
3.000000000000000000e+00 2.388797364085667141e+01 1.944444444444444642e+01 3.333333333333332860e+01 7.000000000000000000e+00
4.000000000000000000e+00 2.310543657331136558e+01 3.333333333333332860e+01 2.500000000000000000e+01 1.200000000000000000e+01
5.000000000000000000e+00 2.355848434925864865e+01 1.944444444444444642e+01 1.666666666666666430e+01 7.000000000000000000e+00
6.000000000000000000e+00 2.281713344316309744e+01 1.111111111111111072e+01 1.666666666666666430e+01 4.000000000000000000e+00
7.000000000000000000e+00 2.224052718286655761e+01 5.555555555555555358e+00 1.944444444444444642e+01 2.000000000000000000e+00
8.000000000000000000e+00 2.195222405271828592e+01 1.111111111111111072e+01 2.222222222222222143e+01 4.000000000000000000e+00
9.000000000000000000e+00 1.989291598023064367e+01 1.666666666666666430e+01 2.500000000000000000e+01 6.000000000000000000e+00
1.000000000000000000e+01 2.051070840197693457e+01 2.777777777777777857e+01 3.055555555555555358e+01 1.000000000000000000e+01
1.100000000000000000e+01 1.960461285008237198e+01 1.944444444444444642e+01 4.166666666666667140e+01 7.000000000000000000e+00
1.200000000000000000e+01 1.845140032948929232e+01 3.333333333333332860e+01 3.333333333333332860e+01 1.200000000000000000e+01
1.300000000000000000e+01 1.886326194398682077e+01 3.055555555555555358e+01 3.611111111111110716e+01 1.100000000000000000e+01
1.400000000000000000e+01 1.733937397034596373e+01 2.500000000000000000e+01 5.000000000000000000e+01 9.000000000000000000e+00
1.500000000000000000e+01 1.725700164744645804e+01 4.722222222222222854e+01 3.333333333333332860e+01 1.700000000000000000e+01
1.600000000000000000e+01 1.598023064250411807e+01 2.777777777777777857e+01 5.000000000000000000e+01 1.000000000000000000e+01
1.700000000000000000e+01 1.528006589785831970e+01 4.722222222222222854e+01 2.777777777777777857e+01 1.700000000000000000e+01
1.800000000000000000e+01 1.457990115321252134e+01 3.333333333333332860e+01 2.777777777777777857e+01 1.200000000000000000e+01
1.900000000000000000e+01 1.556836902800658962e+01 3.055555555555555358e+01 2.222222222222222143e+01 1.100000000000000000e+01
2.000000000000000000e+01 1.560955518945634246e+01 2.222222222222222143e+01 3.055555555555555358e+01 8.000000000000000000e+00
2.100000000000000000e+01 1.453871499176276849e+01 2.777777777777777857e+01 1.666666666666666430e+01 1.000000000000000000e+01
2.200000000000000000e+01 1.392092257001647582e+01 3.888888888888889284e+01 1.111111111111111072e+01 1.400000000000000000e+01
2.300000000000000000e+01 1.363261943986820413e+01 1.944444444444444642e+01 8.333333333333332149e+00 7.000000000000000000e+00
2.400000000000000000e+01 1.453871499176276849e+01 1.388888888888888928e+01 5.555555555555555358e+00 5.000000000000000000e+00
2.500000000000000000e+01 1.449752883031301387e+01 1.666666666666666430e+01 0.000000000000000000e+00 6.000000000000000000e+00
2.600000000000000000e+01 1.367380560131795697e+01 5.555555555555555358e+00 0.000000000000000000e+00 2.000000000000000000e+00
2.700000000000000000e+01 1.515650741350905939e+01 1.111111111111111072e+01 0.000000000000000000e+00 4.000000000000000000e+00
2.800000000000000000e+01 1.400329489291597973e+01 1.111111111111111072e+01 0.000000000000000000e+00 4.000000000000000000e+00
2.900000000000000000e+01 1.420922570016474573e+01 1.666666666666666430e+01 0.000000000000000000e+00 6.000000000000000000e+00
3.000000000000000000e+01 1.392092257001647582e+01 1.388888888888888928e+01 0.000000000000000000e+00 5.000000000000000000e+00
3.100000000000000000e+01 1.305601317957166252e+01 1.666666666666666430e+01 0.000000000000000000e+00 6.000000000000000000e+00
3.200000000000000000e+01 1.297364085667215861e+01 1.666666666666666430e+01 0.000000000000000000e+00 6.000000000000000000e+00
3.300000000000000000e+01 1.433278418451400249e+01 1.666666666666666430e+01 0.000000000000000000e+00 6.000000000000000000e+00
3.400000000000000000e+01 1.404448105436573435e+01 1.666666666666666430e+01 0.000000000000000000e+00 6.000000000000000000e+00
3.500000000000000000e+01 1.392092257001647582e+01 1.388888888888888928e+01 0.000000000000000000e+00 5.000000000000000000e+00
3.600000000000000000e+01 1.268533772652388691e+01 1.944444444444444642e+01 2.777777777777777679e+00 7.000000000000000000e+00
3.700000000000000000e+01 1.276771004942339438e+01 1.666666666666666430e+01 2.777777777777777679e+00 6.000000000000000000e+00
3.800000000000000000e+01 1.264415156507413585e+01 8.333333333333332149e+00 2.777777777777777679e+00 3.000000000000000000e+00
3.900000000000000000e+01 1.140856672158154872e+01 1.388888888888888928e+01 5.555555555555555358e+00 5.000000000000000000e+00
4.000000000000000000e+01 1.112026359143327880e+01 1.666666666666666430e+01 2.777777777777777679e+00 6.000000000000000000e+00
4.100000000000000000e+01 1.050247116968698435e+01 2.777777777777777857e+01 2.777777777777777679e+00 1.000000000000000000e+01
4.200000000000000000e+01 1.177924217462932432e+01 3.333333333333332860e+01 2.777777777777777679e+00 1.200000000000000000e+01
4.300000000000000000e+01 1.099670510708401849e+01 3.611111111111110716e+01 8.333333333333332149e+00 1.300000000000000000e+01
4.400000000000000000e+01 1.206754530477759602e+01 2.777777777777777857e+01 1.388888888888888928e+01 1.000000000000000000e+01
4.500000000000000000e+01 1.144975288303130156e+01 4.722222222222222854e+01 1.666666666666666430e+01 1.700000000000000000e+01
4.600000000000000000e+01 1.070840197693575035e+01 4.166666666666667140e+01 8.333333333333332149e+00 1.500000000000000000e+01
4.700000000000000000e+01 1.112026359143327880e+01 5.000000000000000000e+01 1.388888888888888928e+01 1.800000000000000000e+01
4.800000000000000000e+01 1.173805601317957148e+01 3.611111111111110716e+01 1.111111111111111072e+01 1.300000000000000000e+01
4.900000000000000000e+01 1.198517298187809033e+01 4.166666666666667140e+01 1.666666666666666430e+01 1.500000000000000000e+01
5.000000000000000000e+01 1.260296540362438300e+01 3.611111111111110716e+01 1.388888888888888928e+01 1.300000000000000000e+01
5.100000000000000000e+01 1.227347611202635846e+01 5.833333333333333570e+01 2.222222222222222143e+01 2.100000000000000000e+01
5.200000000000000000e+01 1.392092257001647582e+01 1.388888888888888928e+01 2.500000000000000000e+01 5.000000000000000000e+00
5.300000000000000000e+01 1.272652388797363976e+01 1.666666666666666430e+01 1.944444444444444642e+01 6.000000000000000000e+00
5.400000000000000000e+01 1.190280065897858286e+01 1.944444444444444642e+01 1.388888888888888928e+01 7.000000000000000000e+00
5.500000000000000000e+01 1.210873146622734708e+01 2.222222222222222143e+01 1.666666666666666430e+01 8.000000000000000000e+00
5.600000000000000000e+01 1.157331136738056010e+01 2.222222222222222143e+01 1.666666666666666430e+01 8.000000000000000000e+00
5.700000000000000000e+01 1.289126853377265114e+01 2.777777777777777857e+01 1.944444444444444642e+01 1.000000000000000000e+01
5.800000000000000000e+01 1.066721581548599573e+01 2.222222222222222143e+01 2.222222222222222143e+01 8.000000000000000000e+00
5.900000000000000000e+01 1.054365733113673897e+01 3.888888888888889284e+01 2.222222222222222143e+01 1.400000000000000000e+01
6.000000000000000000e+01 9.596375617792421764e+00 3.055555555555555358e+01 2.500000000000000000e+01 1.100000000000000000e+01
6.100000000000000000e+01 1.058484349258649004e+01 2.777777777777777857e+01 2.500000000000000000e+01 1.000000000000000000e+01
6.200000000000000000e+01 1.037891268533772759e+01 1.666666666666666430e+01 3.611111111111110716e+01 6.000000000000000000e+00
6.300000000000000000e+01 1.062602965403624466e+01 2.222222222222222143e+01 2.222222222222222143e+01 8.000000000000000000e+00
6.400000000000000000e+01 1.120263591433278449e+01 2.777777777777777857e+01 1.666666666666666430e+01 1.000000000000000000e+01
6.500000000000000000e+01 1.062602965403624466e+01 2.777777777777777857e+01 2.777777777777777857e+01 1.000000000000000000e+01
6.600000000000000000e+01 1.165568369028006579e+01 4.166666666666667140e+01 1.944444444444444642e+01 1.500000000000000000e+01
6.700000000000000000e+01 1.116144975288303165e+01 3.333333333333332860e+01 2.222222222222222143e+01 1.200000000000000000e+01
6.800000000000000000e+01 1.009060955518945590e+01 3.888888888888889284e+01 1.666666666666666430e+01 1.400000000000000000e+01
6.900000000000000000e+01 1.231466227347611309e+01 2.222222222222222143e+01 1.111111111111111072e+01 8.000000000000000000e+00
7.000000000000000000e+01 1.025535420098846728e+01 2.500000000000000000e+01 8.333333333333332149e+00 9.000000000000000000e+00
7.100000000000000000e+01 1.000823723228995021e+01 1.944444444444444642e+01 1.111111111111111072e+01 7.000000000000000000e+00
7.200000000000000000e+01 9.967051070840197369e+00 2.222222222222222143e+01 1.388888888888888928e+01 8.000000000000000000e+00
7.300000000000000000e+01 1.021416803953871444e+01 1.944444444444444642e+01 1.666666666666666430e+01 7.000000000000000000e+00
7.400000000000000000e+01 1.021416803953871444e+01 2.222222222222222143e+01 1.388888888888888928e+01 8.000000000000000000e+00
7.500000000000000000e+01 1.062602965403624466e+01 3.055555555555555358e+01 2.222222222222222143e+01 1.100000000000000000e+01
7.600000000000000000e+01 1.004942339373970306e+01 3.055555555555555358e+01 1.388888888888888928e+01 1.100000000000000000e+01
7.700000000000000000e+01 1.083196046128500711e+01 3.055555555555555358e+01 1.111111111111111072e+01 1.100000000000000000e+01
7.800000000000000000e+01 1.025535420098846728e+01 4.166666666666667140e+01 8.333333333333332149e+00 1.500000000000000000e+01
7.900000000000000000e+01 1.021416803953871444e+01 2.500000000000000000e+01 1.111111111111111072e+01 9.000000000000000000e+00
8.000000000000000000e+01 9.967051070840197369e+00 3.333333333333332860e+01 5.555555555555555358e+00 1.200000000000000000e+01
8.100000000000000000e+01 9.431630971993410384e+00 2.777777777777777857e+01 5.555555555555555358e+00 1.000000000000000000e+01
8.200000000000000000e+01 9.637561779242174609e+00 2.500000000000000000e+01 5.555555555555555358e+00 9.000000000000000000e+00
8.300000000000000000e+01 9.266886326194399004e+00 2.222222222222222143e+01 5.555555555555555358e+00 8.000000000000000000e+00
8.400000000000000000e+01 1.058484349258649004e+01 2.222222222222222143e+01 5.555555555555555358e+00 8.000000000000000000e+00
8.500000000000000000e+01 8.896210873146623399e+00 3.333333333333332860e+01 5.555555555555555358e+00 1.200000000000000000e+01
8.600000000000000000e+01 8.937397034596376244e+00 2.777777777777777857e+01 5.555555555555555358e+00 1.000000000000000000e+01
8.700000000000000000e+01 8.896210873146623399e+00 2.500000000000000000e+01 5.555555555555555358e+00 9.000000000000000000e+00
8.800000000000000000e+01 9.514003294892916074e+00 3.888888888888889284e+01 0.000000000000000000e+00 1.400000000000000000e+01
8.900000000000000000e+01 8.772652388797364864e+00 3.333333333333332860e+01 2.777777777777777679e+00 1.200000000000000000e+01
9.000000000000000000e+01 9.678747940691927454e+00 3.611111111111110716e+01 5.555555555555555358e+00 1.300000000000000000e+01
9.100000000000000000e+01 9.802306425041185989e+00 2.777777777777777857e+01 5.555555555555555358e+00 1.000000000000000000e+01
9.200000000000000000e+01 1.000823723228995021e+01 5.277777777777777857e+01 0.000000000000000000e+00 1.900000000000000000e+01
9.300000000000000000e+01 1.091433278418451280e+01 2.777777777777777857e+01 0.000000000000000000e+00 1.000000000000000000e+01
9.400000000000000000e+01 1.120263591433278449e+01 2.500000000000000000e+01 0.000000000000000000e+00 9.000000000000000000e+00
9.500000000000000000e+01 9.555189456342668919e+00 3.055555555555555358e+01 0.000000000000000000e+00 1.100000000000000000e+01
9.600000000000000000e+01 1.050247116968698435e+01 3.055555555555555358e+01 0.000000000000000000e+00 1.100000000000000000e+01
9.700000000000000000e+01 1.058484349258649004e+01 3.333333333333332860e+01 2.777777777777777679e+00 1.200000000000000000e+01
9.800000000000000000e+01 1.149093904448105441e+01 1.944444444444444642e+01 2.777777777777777679e+00 7.000000000000000000e+00
9.900000000000000000e+01 1.190280065897858286e+01 1.944444444444444642e+01 5.555555555555555358e+00 7.000000000000000000e+00
1.000000000000000000e+02 1.243822075782536984e+01 1.666666666666666430e+01 5.555555555555555358e+00 6.000000000000000000e+00
1.010000000000000000e+02 1.268533772652388691e+01 1.388888888888888928e+01 1.111111111111111072e+01 5.000000000000000000e+00
1.020000000000000000e+02 1.272652388797363976e+01 1.111111111111111072e+01 2.777777777777777679e+00 4.000000000000000000e+00
1.030000000000000000e+02 1.383855024711696835e+01 8.333333333333332149e+00 0.000000000000000000e+00 3.000000000000000000e+00
1.040000000000000000e+02 1.383855024711696835e+01 5.555555555555555358e+00 0.000000000000000000e+00 2.000000000000000000e+00
1.050000000000000000e+02 1.441515650741350996e+01 2.777777777777777679e+00 2.777777777777777679e+00 1.000000000000000000e+00
1.060000000000000000e+02 1.548599670510708215e+01 8.333333333333332149e+00 0.000000000000000000e+00 3.000000000000000000e+00
1.070000000000000000e+02 1.639209225700164652e+01 5.555555555555555358e+00 2.777777777777777679e+00 2.000000000000000000e+00
1.080000000000000000e+02 1.589785831960461238e+01 2.777777777777777679e+00 5.555555555555555358e+00 1.000000000000000000e+00
1.090000000000000000e+02 1.462108731466227241e+01 2.777777777777777679e+00 8.333333333333332149e+00 1.000000000000000000e+00
1.100000000000000000e+02 1.548599670510708215e+01 2.777777777777777679e+00 8.333333333333332149e+00 1.000000000000000000e+00
1.110000000000000000e+02 1.474464579901153272e+01 2.777777777777777679e+00 8.333333333333332149e+00 1.000000000000000000e+00
1.120000000000000000e+02 1.433278418451400249e+01 5.555555555555555358e+00 5.555555555555555358e+00 2.000000000000000000e+00
1.130000000000000000e+02 1.404448105436573435e+01 1.111111111111111072e+01 8.333333333333332149e+00 4.000000000000000000e+00
1.140000000000000000e+02 1.462108731466227241e+01 8.333333333333332149e+00 1.388888888888888928e+01 3.000000000000000000e+00
1.150000000000000000e+02 1.330313014827018137e+01 1.111111111111111072e+01 1.944444444444444642e+01 4.000000000000000000e+00
1.160000000000000000e+02 1.177924217462932432e+01 1.388888888888888928e+01 1.111111111111111072e+01 5.000000000000000000e+00
1.170000000000000000e+02 1.202635914332784139e+01 1.111111111111111072e+01 8.333333333333332149e+00 4.000000000000000000e+00
1.180000000000000000e+02 1.210873146622734708e+01 1.666666666666666430e+01 5.555555555555555358e+00 6.000000000000000000e+00
1.190000000000000000e+02 1.177924217462932432e+01 1.666666666666666430e+01 8.333333333333332149e+00 6.000000000000000000e+00
1.200000000000000000e+02 1.260296540362438300e+01 2.500000000000000000e+01 5.555555555555555358e+00 9.000000000000000000e+00
1.210000000000000000e+02 1.198517298187809033e+01 3.611111111111110716e+01 5.555555555555555358e+00 1.300000000000000000e+01
1.220000000000000000e+02 1.247940691927512447e+01 1.666666666666666430e+01 2.777777777777777679e+00 6.000000000000000000e+00
1.230000000000000000e+02 1.182042833607907717e+01 1.666666666666666430e+01 8.333333333333332149e+00 6.000000000000000000e+00
1.240000000000000000e+02 1.140856672158154872e+01 8.333333333333332149e+00 5.555555555555555358e+00 3.000000000000000000e+00
1.250000000000000000e+02 1.177924217462932432e+01 8.333333333333332149e+00 2.777777777777777679e+00 3.000000000000000000e+00
1.260000000000000000e+02 1.165568369028006579e+01 1.111111111111111072e+01 0.000000000000000000e+00 4.000000000000000000e+00
1.270000000000000000e+02 1.285008237232289829e+01 1.111111111111111072e+01 0.000000000000000000e+00 4.000000000000000000e+00
1.280000000000000000e+02 1.260296540362438300e+01 2.777777777777777679e+00 0.000000000000000000e+00 1.000000000000000000e+00
1.290000000000000000e+02 1.297364085667215861e+01 5.555555555555555358e+00 0.000000000000000000e+00 2.000000000000000000e+00
1.300000000000000000e+02 1.190280065897858286e+01 8.333333333333332149e+00 0.000000000000000000e+00 3.000000000000000000e+00
1.310000000000000000e+02 1.227347611202635846e+01 1.666666666666666430e+01 0.000000000000000000e+00 6.000000000000000000e+00
1.320000000000000000e+02 1.116144975288303165e+01 1.388888888888888928e+01 0.000000000000000000e+00 5.000000000000000000e+00
1.330000000000000000e+02 1.116144975288303165e+01 1.944444444444444642e+01 0.000000000000000000e+00 7.000000000000000000e+00
1.340000000000000000e+02 1.095551894563426742e+01 3.333333333333332860e+01 0.000000000000000000e+00 1.200000000000000000e+01
1.350000000000000000e+02 1.153212520593080725e+01 1.666666666666666430e+01 0.000000000000000000e+00 6.000000000000000000e+00
1.360000000000000000e+02 1.140856672158154872e+01 2.777777777777777857e+01 0.000000000000000000e+00 1.000000000000000000e+01
1.370000000000000000e+02 1.235584843492586415e+01 1.666666666666666430e+01 0.000000000000000000e+00 6.000000000000000000e+00
1.380000000000000000e+02 1.194398682042833570e+01 2.777777777777777857e+01 0.000000000000000000e+00 1.000000000000000000e+01
1.390000000000000000e+02 1.256177924217462838e+01 2.500000000000000000e+01 0.000000000000000000e+00 9.000000000000000000e+00
1.400000000000000000e+02 1.252059308072487553e+01 3.055555555555555358e+01 0.000000000000000000e+00 1.100000000000000000e+01
1.410000000000000000e+02 1.383855024711696835e+01 2.777777777777777857e+01 0.000000000000000000e+00 1.000000000000000000e+01
1.420000000000000000e+02 1.247940691927512447e+01 3.611111111111110716e+01 0.000000000000000000e+00 1.300000000000000000e+01
1.430000000000000000e+02 1.239703459637561878e+01 1.944444444444444642e+01 0.000000000000000000e+00 7.000000000000000000e+00
1.440000000000000000e+02 1.239703459637561878e+01 3.333333333333332860e+01 0.000000000000000000e+00 1.200000000000000000e+01
1.450000000000000000e+02 1.272652388797363976e+01 1.666666666666666430e+01 0.000000000000000000e+00 6.000000000000000000e+00
1.460000000000000000e+02 1.297364085667215861e+01 1.111111111111111072e+01 0.000000000000000000e+00 4.000000000000000000e+00
1.470000000000000000e+02 1.227347611202635846e+01 1.388888888888888928e+01 0.000000000000000000e+00 5.000000000000000000e+00
1.480000000000000000e+02 1.264415156507413585e+01 2.500000000000000000e+01 0.000000000000000000e+00 9.000000000000000000e+00
1.490000000000000000e+02 1.260296540362438300e+01 2.222222222222222143e+01 0.000000000000000000e+00 8.000000000000000000e+00
1.500000000000000000e+02 1.231466227347611309e+01 1.388888888888888928e+01 0.000000000000000000e+00 5.000000000000000000e+00
1.510000000000000000e+02 1.355024711696869666e+01 1.666666666666666430e+01 0.000000000000000000e+00 6.000000000000000000e+00
1.520000000000000000e+02 1.297364085667215861e+01 1.944444444444444642e+01 0.000000000000000000e+00 7.000000000000000000e+00
1.530000000000000000e+02 1.140856672158154872e+01 1.666666666666666430e+01 0.000000000000000000e+00 6.000000000000000000e+00
1.540000000000000000e+02 1.095551894563426742e+01 1.111111111111111072e+01 2.777777777777777679e+00 4.000000000000000000e+00
1.550000000000000000e+02 1.107907742998352418e+01 1.111111111111111072e+01 2.777777777777777679e+00 4.000000000000000000e+00
1.560000000000000000e+02 1.107907742998352418e+01 1.111111111111111072e+01 2.777777777777777679e+00 4.000000000000000000e+00
1.570000000000000000e+02 1.153212520593080725e+01 8.333333333333332149e+00 5.555555555555555358e+00 3.000000000000000000e+00
1.580000000000000000e+02 1.227347611202635846e+01 1.111111111111111072e+01 5.555555555555555358e+00 4.000000000000000000e+00
1.590000000000000000e+02 1.079077429983525604e+01 1.388888888888888928e+01 5.555555555555555358e+00 5.000000000000000000e+00
1.600000000000000000e+02 1.095551894563426742e+01 8.333333333333332149e+00 1.111111111111111072e+01 3.000000000000000000e+00
1.610000000000000000e+02 1.140856672158154872e+01 0.000000000000000000e+00 8.333333333333332149e+00 -6.000000000000000000e+03
