# step, world, group,control
0.000000000000000000e+00 2.644151565074134780e+01 4.722222222222222854e+01 2.500000000000000000e+01 1.700000000000000000e+01
1.000000000000000000e+00 2.182866556836902561e+01 3.888888888888889284e+01 2.222222222222222143e+01 1.400000000000000000e+01
2.000000000000000000e+00 2.182866556836902561e+01 2.222222222222222143e+01 2.500000000000000000e+01 8.000000000000000000e+00
3.000000000000000000e+00 2.121087314662273471e+01 1.666666666666666430e+01 2.777777777777777857e+01 6.000000000000000000e+00
4.000000000000000000e+00 2.207578253706754623e+01 3.333333333333332860e+01 2.500000000000000000e+01 1.200000000000000000e+01
5.000000000000000000e+00 2.059308072487644026e+01 2.222222222222222143e+01 2.777777777777777857e+01 8.000000000000000000e+00
6.000000000000000000e+00 1.981054365733113798e+01 1.944444444444444642e+01 2.222222222222222143e+01 7.000000000000000000e+00
7.000000000000000000e+00 1.832784184514003201e+01 2.777777777777777857e+01 2.777777777777777857e+01 1.000000000000000000e+01
8.000000000000000000e+00 1.783360790774299787e+01 3.611111111111110716e+01 1.666666666666666430e+01 1.300000000000000000e+01
9.000000000000000000e+00 1.766886326194398649e+01 3.055555555555555358e+01 1.388888888888888928e+01 1.100000000000000000e+01
1.000000000000000000e+01 1.738056013179571480e+01 3.055555555555555358e+01 1.944444444444444642e+01 1.100000000000000000e+01
1.100000000000000000e+01 1.610378912685337838e+01 3.333333333333332860e+01 1.388888888888888928e+01 1.200000000000000000e+01
1.200000000000000000e+01 1.593904448105436522e+01 4.444444444444444287e+01 8.333333333333332149e+00 1.600000000000000000e+01
1.300000000000000000e+01 1.548599670510708215e+01 1.944444444444444642e+01 5.555555555555555358e+00 7.000000000000000000e+00
1.400000000000000000e+01 1.453871499176276849e+01 2.500000000000000000e+01 8.333333333333332149e+00 9.000000000000000000e+00
1.500000000000000000e+01 1.585667215815486131e+01 2.777777777777777857e+01 8.333333333333332149e+00 1.000000000000000000e+01
1.600000000000000000e+01 1.528006589785831970e+01 3.888888888888889284e+01 1.388888888888888928e+01 1.400000000000000000e+01
1.700000000000000000e+01 1.602141680395387269e+01 3.333333333333332860e+01 1.388888888888888928e+01 1.200000000000000000e+01
1.800000000000000000e+01 1.565074135090609531e+01 3.333333333333332860e+01 2.222222222222222143e+01 1.200000000000000000e+01
1.900000000000000000e+01 1.556836902800658962e+01 3.611111111111110716e+01 1.666666666666666430e+01 1.300000000000000000e+01
2.000000000000000000e+01 1.528006589785831970e+01 2.222222222222222143e+01 2.222222222222222143e+01 8.000000000000000000e+00
2.100000000000000000e+01 1.606260296540362376e+01 3.888888888888889284e+01 2.222222222222222143e+01 1.400000000000000000e+01
2.200000000000000000e+01 1.445634266886326103e+01 2.222222222222222143e+01 2.222222222222222143e+01 8.000000000000000000e+00
2.300000000000000000e+01 1.552718286655683855e+01 1.666666666666666430e+01 2.777777777777777857e+01 6.000000000000000000e+00
2.400000000000000000e+01 1.528006589785831970e+01 8.333333333333332149e+00 2.222222222222222143e+01 3.000000000000000000e+00
2.500000000000000000e+01 1.544481054365733108e+01 1.666666666666666430e+01 2.500000000000000000e+01 6.000000000000000000e+00
2.600000000000000000e+01 1.528006589785831970e+01 1.944444444444444642e+01 1.388888888888888928e+01 7.000000000000000000e+00
2.700000000000000000e+01 1.532125205930807077e+01 1.388888888888888928e+01 1.388888888888888928e+01 5.000000000000000000e+00
2.800000000000000000e+01 1.437397034596375711e+01 1.944444444444444642e+01 1.944444444444444642e+01 7.000000000000000000e+00
2.900000000000000000e+01 1.523887973640856686e+01 1.111111111111111072e+01 2.222222222222222143e+01 4.000000000000000000e+00
3.000000000000000000e+01 1.433278418451400249e+01 1.666666666666666430e+01 1.388888888888888928e+01 6.000000000000000000e+00
3.100000000000000000e+01 1.511532125205930832e+01 2.222222222222222143e+01 8.333333333333332149e+00 8.000000000000000000e+00
3.200000000000000000e+01 1.400329489291597973e+01 2.777777777777777857e+01 8.333333333333332149e+00 1.000000000000000000e+01
3.300000000000000000e+01 1.392092257001647582e+01 2.500000000000000000e+01 2.777777777777777679e+00 9.000000000000000000e+00
3.400000000000000000e+01 1.412685337726523827e+01 3.333333333333332860e+01 2.777777777777777679e+00 1.200000000000000000e+01
3.500000000000000000e+01 1.375617792421746444e+01 4.166666666666667140e+01 2.777777777777777679e+00 1.500000000000000000e+01
3.600000000000000000e+01 1.239703459637561878e+01 3.333333333333332860e+01 5.555555555555555358e+00 1.200000000000000000e+01
3.700000000000000000e+01 1.392092257001647582e+01 4.444444444444444287e+01 8.333333333333332149e+00 1.600000000000000000e+01
3.800000000000000000e+01 1.272652388797363976e+01 3.333333333333332860e+01 1.111111111111111072e+01 1.200000000000000000e+01
3.900000000000000000e+01 1.252059308072487553e+01 3.333333333333332860e+01 1.111111111111111072e+01 1.200000000000000000e+01
4.000000000000000000e+01 1.202635914332784139e+01 2.777777777777777857e+01 1.388888888888888928e+01 1.000000000000000000e+01
4.100000000000000000e+01 1.103789126853377311e+01 3.611111111111110716e+01 1.666666666666666430e+01 1.300000000000000000e+01
4.200000000000000000e+01 1.050247116968698435e+01 2.777777777777777857e+01 1.944444444444444642e+01 1.000000000000000000e+01
4.300000000000000000e+01 1.029654036243822013e+01 4.166666666666667140e+01 2.500000000000000000e+01 1.500000000000000000e+01
4.400000000000000000e+01 1.153212520593080725e+01 1.666666666666666430e+01 2.500000000000000000e+01 6.000000000000000000e+00
4.500000000000000000e+01 1.107907742998352418e+01 2.222222222222222143e+01 3.055555555555555358e+01 8.000000000000000000e+00
4.600000000000000000e+01 1.004942339373970306e+01 3.611111111111110716e+01 2.500000000000000000e+01 1.300000000000000000e+01
4.700000000000000000e+01 1.107907742998352418e+01 3.055555555555555358e+01 1.944444444444444642e+01 1.100000000000000000e+01
4.800000000000000000e+01 1.004942339373970306e+01 2.222222222222222143e+01 3.611111111111110716e+01 8.000000000000000000e+00
4.900000000000000000e+01 1.116144975288303165e+01 2.222222222222222143e+01 1.666666666666666430e+01 8.000000000000000000e+00
5.000000000000000000e+01 1.017298187808896159e+01 1.944444444444444642e+01 1.944444444444444642e+01 7.000000000000000000e+00
5.100000000000000000e+01 1.091433278418451280e+01 2.222222222222222143e+01 2.500000000000000000e+01 8.000000000000000000e+00
5.200000000000000000e+01 1.009060955518945590e+01 2.500000000000000000e+01 2.500000000000000000e+01 9.000000000000000000e+00
5.300000000000000000e+01 1.017298187808896159e+01 1.944444444444444642e+01 2.222222222222222143e+01 7.000000000000000000e+00
5.400000000000000000e+01 1.058484349258649004e+01 2.222222222222222143e+01 2.500000000000000000e+01 8.000000000000000000e+00
5.500000000000000000e+01 1.107907742998352418e+01 2.222222222222222143e+01 3.055555555555555358e+01 8.000000000000000000e+00
5.600000000000000000e+01 1.169686985172981863e+01 2.500000000000000000e+01 3.055555555555555358e+01 9.000000000000000000e+00
5.700000000000000000e+01 1.144975288303130156e+01 3.333333333333332860e+01 2.222222222222222143e+01 1.200000000000000000e+01
5.800000000000000000e+01 1.107907742998352418e+01 3.888888888888889284e+01 3.055555555555555358e+01 1.400000000000000000e+01
5.900000000000000000e+01 1.120263591433278449e+01 3.333333333333332860e+01 3.333333333333332860e+01 1.200000000000000000e+01
6.000000000000000000e+01 1.165568369028006579e+01 2.777777777777777857e+01 3.888888888888889284e+01 1.000000000000000000e+01
6.100000000000000000e+01 1.243822075782536984e+01 3.055555555555555358e+01 2.777777777777777857e+01 1.100000000000000000e+01
6.200000000000000000e+01 1.252059308072487553e+01 5.000000000000000000e+01 3.055555555555555358e+01 1.800000000000000000e+01
6.300000000000000000e+01 1.198517298187809033e+01 2.777777777777777857e+01 4.444444444444444287e+01 1.000000000000000000e+01
6.400000000000000000e+01 1.243822075782536984e+01 2.222222222222222143e+01 3.333333333333332860e+01 8.000000000000000000e+00
6.500000000000000000e+01 1.280889621087314723e+01 2.500000000000000000e+01 5.277777777777777857e+01 9.000000000000000000e+00
6.600000000000000000e+01 1.392092257001647582e+01 2.777777777777777857e+01 1.666666666666666430e+01 1.000000000000000000e+01
6.700000000000000000e+01 1.392092257001647582e+01 3.611111111111110716e+01 2.777777777777777857e+01 1.300000000000000000e+01
6.800000000000000000e+01 1.293245469522240576e+01 3.055555555555555358e+01 1.666666666666666430e+01 1.100000000000000000e+01
6.900000000000000000e+01 1.326194398682042852e+01 3.888888888888889284e+01 2.500000000000000000e+01 1.400000000000000000e+01
7.000000000000000000e+01 1.227347611202635846e+01 4.444444444444444287e+01 1.666666666666666430e+01 1.600000000000000000e+01
7.100000000000000000e+01 1.103789126853377311e+01 2.777777777777777857e+01 3.333333333333332860e+01 1.000000000000000000e+01
7.200000000000000000e+01 1.033772652388797297e+01 2.222222222222222143e+01 2.222222222222222143e+01 8.000000000000000000e+00
7.300000000000000000e+01 1.144975288303130156e+01 3.333333333333332860e+01 2.777777777777777857e+01 1.200000000000000000e+01
7.400000000000000000e+01 1.070840197693575035e+01 3.611111111111110716e+01 3.333333333333332860e+01 1.300000000000000000e+01
7.500000000000000000e+01 1.091433278418451280e+01 4.166666666666667140e+01 1.944444444444444642e+01 1.500000000000000000e+01
7.600000000000000000e+01 1.091433278418451280e+01 3.611111111111110716e+01 2.777777777777777857e+01 1.300000000000000000e+01
7.700000000000000000e+01 1.054365733113673897e+01 3.888888888888889284e+01 3.055555555555555358e+01 1.400000000000000000e+01
7.800000000000000000e+01 1.186161449752883001e+01 3.333333333333332860e+01 3.055555555555555358e+01 1.200000000000000000e+01
7.900000000000000000e+01 1.033772652388797297e+01 4.722222222222222854e+01 3.611111111111110716e+01 1.700000000000000000e+01
8.000000000000000000e+01 1.095551894563426742e+01 4.166666666666667140e+01 3.888888888888889284e+01 1.500000000000000000e+01
8.100000000000000000e+01 1.058484349258649004e+01 4.166666666666667140e+01 5.000000000000000000e+01 1.500000000000000000e+01
8.200000000000000000e+01 1.120263591433278449e+01 4.444444444444444287e+01 3.611111111111110716e+01 1.600000000000000000e+01
8.300000000000000000e+01 9.843492586490938834e+00 3.888888888888889284e+01 4.444444444444444287e+01 1.400000000000000000e+01
8.400000000000000000e+01 1.083196046128500711e+01 3.888888888888889284e+01 2.777777777777777857e+01 1.400000000000000000e+01
8.500000000000000000e+01 1.042009884678747866e+01 6.111111111111110716e+01 5.555555555555555713e+01 2.200000000000000000e+01
8.600000000000000000e+01 1.219110378912685277e+01 1.944444444444444642e+01 1.111111111111111072e+01 7.000000000000000000e+00
8.700000000000000000e+01 1.260296540362438300e+01 1.388888888888888928e+01 1.388888888888888928e+01 5.000000000000000000e+00
8.800000000000000000e+01 1.260296540362438300e+01 2.222222222222222143e+01 8.333333333333332149e+00 8.000000000000000000e+00
8.900000000000000000e+01 1.169686985172981863e+01 2.777777777777777857e+01 5.555555555555555358e+00 1.000000000000000000e+01
9.000000000000000000e+01 1.202635914332784139e+01 2.777777777777777857e+01 0.000000000000000000e+00 1.000000000000000000e+01
9.100000000000000000e+01 1.219110378912685277e+01 3.333333333333332860e+01 0.000000000000000000e+00 1.200000000000000000e+01
9.200000000000000000e+01 1.128500823723229018e+01 3.333333333333332860e+01 0.000000000000000000e+00 1.200000000000000000e+01
9.300000000000000000e+01 1.206754530477759602e+01 1.666666666666666430e+01 2.777777777777777679e+00 6.000000000000000000e+00
9.400000000000000000e+01 1.260296540362438300e+01 1.944444444444444642e+01 8.333333333333332149e+00 7.000000000000000000e+00
9.500000000000000000e+01 1.177924217462932432e+01 1.111111111111111072e+01 1.666666666666666430e+01 4.000000000000000000e+00
9.600000000000000000e+01 1.124382207578253734e+01 5.555555555555555358e+00 1.944444444444444642e+01 2.000000000000000000e+00
9.700000000000000000e+01 1.161449752883031294e+01 5.555555555555555358e+00 3.611111111111110716e+01 2.000000000000000000e+00
9.800000000000000000e+01 1.165568369028006579e+01 1.111111111111111072e+01 1.388888888888888928e+01 4.000000000000000000e+00
9.900000000000000000e+01 1.194398682042833570e+01 1.388888888888888928e+01 1.666666666666666430e+01 5.000000000000000000e+00
1.000000000000000000e+02 1.017298187808896159e+01 1.388888888888888928e+01 1.388888888888888928e+01 5.000000000000000000e+00
1.010000000000000000e+02 1.095551894563426742e+01 1.388888888888888928e+01 8.333333333333332149e+00 5.000000000000000000e+00
1.020000000000000000e+02 9.637561779242174609e+00 5.555555555555555358e+00 1.111111111111111072e+01 2.000000000000000000e+00
1.030000000000000000e+02 1.004942339373970306e+01 0.000000000000000000e+00 1.111111111111111072e+01 -6.000000000000000000e+03
