# step, world, group,control
0.000000000000000000e+00 2.738879736408566501e+01 8.333333333333332149e+00 2.222222222222222143e+01 3.000000000000000000e+00
1.000000000000000000e+00 2.500000000000000000e+01 1.666666666666666430e+01 1.944444444444444642e+01 6.000000000000000000e+00
2.000000000000000000e+00 2.565897858319604552e+01 1.666666666666666430e+01 1.944444444444444642e+01 6.000000000000000000e+00
3.000000000000000000e+00 2.302306425041186344e+01 2.222222222222222143e+01 3.055555555555555358e+01 8.000000000000000000e+00
4.000000000000000000e+00 2.236408566721581792e+01 1.944444444444444642e+01 2.222222222222222143e+01 7.000000000000000000e+00
5.000000000000000000e+00 2.051070840197693457e+01 2.777777777777777857e+01 2.500000000000000000e+01 1.000000000000000000e+01
6.000000000000000000e+00 1.956342668863262091e+01 4.166666666666667140e+01 2.777777777777777857e+01 1.500000000000000000e+01
7.000000000000000000e+00 2.067545304777594595e+01 2.777777777777777857e+01 1.666666666666666430e+01 1.000000000000000000e+01
8.000000000000000000e+00 2.100494233937396871e+01 1.944444444444444642e+01 1.111111111111111072e+01 7.000000000000000000e+00
9.000000000000000000e+00 2.014003294892916074e+01 1.388888888888888928e+01 8.333333333333332149e+00 5.000000000000000000e+00
1.000000000000000000e+01 2.051070840197693457e+01 1.388888888888888928e+01 5.555555555555555358e+00 5.000000000000000000e+00
1.100000000000000000e+01 1.981054365733113798e+01 2.222222222222222143e+01 5.555555555555555358e+00 8.000000000000000000e+00
1.200000000000000000e+01 1.919275123558484353e+01 2.777777777777777857e+01 0.000000000000000000e+00 1.000000000000000000e+01
1.300000000000000000e+01 1.865733113673805477e+01 2.500000000000000000e+01 0.000000000000000000e+00 9.000000000000000000e+00
1.400000000000000000e+01 1.898682042833607753e+01 1.666666666666666430e+01 0.000000000000000000e+00 6.000000000000000000e+00
1.500000000000000000e+01 1.869851729818780939e+01 2.222222222222222143e+01 0.000000000000000000e+00 8.000000000000000000e+00
1.600000000000000000e+01 1.890444810543657184e+01 2.500000000000000000e+01 0.000000000000000000e+00 9.000000000000000000e+00
1.700000000000000000e+01 1.750411861614497511e+01 2.222222222222222143e+01 0.000000000000000000e+00 8.000000000000000000e+00
1.800000000000000000e+01 1.565074135090609531e+01 2.777777777777777857e+01 0.000000000000000000e+00 1.000000000000000000e+01
1.900000000000000000e+01 1.733937397034596373e+01 3.611111111111110716e+01 0.000000000000000000e+00 1.300000000000000000e+01
2.000000000000000000e+01 1.589785831960461238e+01 3.888888888888889284e+01 0.000000000000000000e+00 1.400000000000000000e+01
2.100000000000000000e+01 1.787479406919275249e+01 3.333333333333332860e+01 2.777777777777777679e+00 1.200000000000000000e+01
2.200000000000000000e+01 1.651565074135090683e+01 3.611111111111110716e+01 2.777777777777777679e+00 1.300000000000000000e+01
2.300000000000000000e+01 1.672158154859966928e+01 5.555555555555555713e+01 5.555555555555555358e+00 2.000000000000000000e+01
2.400000000000000000e+01 1.771004942339374111e+01 3.055555555555555358e+01 5.555555555555555358e+00 1.100000000000000000e+01
2.500000000000000000e+01 1.581548599670510669e+01 4.166666666666667140e+01 1.111111111111111072e+01 1.500000000000000000e+01
2.600000000000000000e+01 1.717462932454695235e+01 5.000000000000000000e+01 8.333333333333332149e+00 1.800000000000000000e+01
2.700000000000000000e+01 1.684514003294892959e+01 3.888888888888889284e+01 1.388888888888888928e+01 1.400000000000000000e+01
2.800000000000000000e+01 1.746293245469522404e+01 3.055555555555555358e+01 5.555555555555555358e+00 1.100000000000000000e+01
2.900000000000000000e+01 1.750411861614497511e+01 1.666666666666666430e+01 2.777777777777777679e+00 6.000000000000000000e+00
3.000000000000000000e+01 1.758649093904448080e+01 3.333333333333332860e+01 0.000000000000000000e+00 1.200000000000000000e+01
3.100000000000000000e+01 1.799835255354200925e+01 3.333333333333332860e+01 0.000000000000000000e+00 1.200000000000000000e+01
3.200000000000000000e+01 1.845140032948929232e+01 4.166666666666667140e+01 0.000000000000000000e+00 1.500000000000000000e+01
3.300000000000000000e+01 1.692751235584843528e+01 2.777777777777777857e+01 2.777777777777777679e+00 1.000000000000000000e+01
3.400000000000000000e+01 1.622734761120263514e+01 3.611111111111110716e+01 2.777777777777777679e+00 1.300000000000000000e+01
3.500000000000000000e+01 1.672158154859966928e+01 2.222222222222222143e+01 5.555555555555555358e+00 8.000000000000000000e+00
3.600000000000000000e+01 1.548599670510708215e+01 2.777777777777777857e+01 8.333333333333332149e+00 1.000000000000000000e+01
3.700000000000000000e+01 1.560955518945634246e+01 2.500000000000000000e+01 8.333333333333332149e+00 9.000000000000000000e+00
3.800000000000000000e+01 1.396210873146622689e+01 3.055555555555555358e+01 1.388888888888888928e+01 1.100000000000000000e+01
3.900000000000000000e+01 1.355024711696869666e+01 1.944444444444444642e+01 1.111111111111111072e+01 7.000000000000000000e+00
4.000000000000000000e+01 1.412685337726523827e+01 1.388888888888888928e+01 1.666666666666666430e+01 5.000000000000000000e+00
4.100000000000000000e+01 1.392092257001647582e+01 1.666666666666666430e+01 1.944444444444444642e+01 6.000000000000000000e+00
4.200000000000000000e+01 1.322075782537067390e+01 1.388888888888888928e+01 2.500000000000000000e+01 5.000000000000000000e+00
4.300000000000000000e+01 1.429159802306424965e+01 1.111111111111111072e+01 2.500000000000000000e+01 4.000000000000000000e+00
4.400000000000000000e+01 1.350906095551894559e+01 5.555555555555555358e+00 1.666666666666666430e+01 2.000000000000000000e+00
4.500000000000000000e+01 1.317957166392092283e+01 1.111111111111111072e+01 2.222222222222222143e+01 4.000000000000000000e+00
4.600000000000000000e+01 1.285008237232289829e+01 1.111111111111111072e+01 2.777777777777777857e+01 4.000000000000000000e+00
4.700000000000000000e+01 1.198517298187809033e+01 2.222222222222222143e+01 2.500000000000000000e+01 8.000000000000000000e+00
4.800000000000000000e+01 1.227347611202635846e+01 1.388888888888888928e+01 3.333333333333332860e+01 5.000000000000000000e+00
4.900000000000000000e+01 1.165568369028006579e+01 1.666666666666666430e+01 3.611111111111110716e+01 6.000000000000000000e+00
5.000000000000000000e+01 1.252059308072487553e+01 1.666666666666666430e+01 3.611111111111110716e+01 6.000000000000000000e+00
5.100000000000000000e+01 1.264415156507413585e+01 1.666666666666666430e+01 2.777777777777777857e+01 6.000000000000000000e+00
5.200000000000000000e+01 1.330313014827018137e+01 1.388888888888888928e+01 3.333333333333332860e+01 5.000000000000000000e+00
5.300000000000000000e+01 1.387973640856671942e+01 1.388888888888888928e+01 3.333333333333332860e+01 5.000000000000000000e+00
5.400000000000000000e+01 1.433278418451400249e+01 5.555555555555555358e+00 1.666666666666666430e+01 2.000000000000000000e+00
5.500000000000000000e+01 1.511532125205930832e+01 2.777777777777777679e+00 1.666666666666666430e+01 1.000000000000000000e+00
5.600000000000000000e+01 1.338550247116968528e+01 0.000000000000000000e+00 1.388888888888888928e+01 -6.000000000000000000e+03
