# step, world, group,control
0.000000000000000000e+00 2.557660626029654338e+01 2.777777777777777857e+01 5.555555555555555358e+00 1.000000000000000000e+01
1.000000000000000000e+00 2.483525535420098862e+01 3.055555555555555358e+01 0.000000000000000000e+00 1.100000000000000000e+01
2.000000000000000000e+00 2.240527182866556899e+01 3.333333333333332860e+01 0.000000000000000000e+00 1.200000000000000000e+01
3.000000000000000000e+00 2.244645799011532006e+01 1.666666666666666430e+01 2.777777777777777679e+00 6.000000000000000000e+00
4.000000000000000000e+00 2.174629324546952347e+01 2.500000000000000000e+01 2.777777777777777679e+00 9.000000000000000000e+00
5.000000000000000000e+00 1.985172981878088905e+01 3.055555555555555358e+01 0.000000000000000000e+00 1.100000000000000000e+01
6.000000000000000000e+00 2.026359143327841750e+01 1.388888888888888928e+01 0.000000000000000000e+00 5.000000000000000000e+00
7.000000000000000000e+00 1.828665568369028094e+01 1.944444444444444642e+01 0.000000000000000000e+00 7.000000000000000000e+00
8.000000000000000000e+00 1.956342668863262091e+01 2.500000000000000000e+01 0.000000000000000000e+00 9.000000000000000000e+00
9.000000000000000000e+00 1.906919275123558322e+01 2.777777777777777857e+01 0.000000000000000000e+00 1.000000000000000000e+01
1.000000000000000000e+01 1.923393739703459460e+01 1.944444444444444642e+01 5.555555555555555358e+00 7.000000000000000000e+00
1.100000000000000000e+01 1.812191103789126956e+01 3.333333333333332860e+01 8.333333333333332149e+00 1.200000000000000000e+01
1.200000000000000000e+01 1.865733113673805477e+01 2.222222222222222143e+01 1.111111111111111072e+01 8.000000000000000000e+00
1.300000000000000000e+01 1.762767710049423542e+01 3.611111111111110716e+01 1.388888888888888928e+01 1.300000000000000000e+01
1.400000000000000000e+01 1.812191103789126956e+01 4.166666666666667140e+01 1.388888888888888928e+01 1.500000000000000000e+01
1.500000000000000000e+01 1.762767710049423542e+01 3.888888888888889284e+01 2.222222222222222143e+01 1.400000000000000000e+01
1.600000000000000000e+01 1.713344316309720128e+01 2.500000000000000000e+01 2.500000000000000000e+01 9.000000000000000000e+00
1.700000000000000000e+01 1.750411861614497511e+01 2.777777777777777857e+01 1.666666666666666430e+01 1.000000000000000000e+01
1.800000000000000000e+01 1.680395387149917852e+01 3.055555555555555358e+01 2.777777777777777857e+01 1.100000000000000000e+01
1.900000000000000000e+01 1.651565074135090683e+01 3.333333333333332860e+01 2.777777777777777857e+01 1.200000000000000000e+01
2.000000000000000000e+01 1.684514003294892959e+01 1.944444444444444642e+01 2.222222222222222143e+01 7.000000000000000000e+00
2.100000000000000000e+01 1.606260296540362376e+01 2.777777777777777857e+01 2.500000000000000000e+01 1.000000000000000000e+01
2.200000000000000000e+01 1.606260296540362376e+01 1.111111111111111072e+01 2.777777777777777857e+01 4.000000000000000000e+00
2.300000000000000000e+01 1.532125205930807077e+01 1.388888888888888928e+01 3.055555555555555358e+01 5.000000000000000000e+00
2.400000000000000000e+01 1.523887973640856686e+01 1.666666666666666430e+01 3.333333333333332860e+01 6.000000000000000000e+00
2.500000000000000000e+01 1.614497528830312945e+01 1.666666666666666430e+01 3.888888888888889284e+01 6.000000000000000000e+00
2.600000000000000000e+01 1.449752883031301387e+01 1.666666666666666430e+01 3.333333333333332860e+01 6.000000000000000000e+00
2.700000000000000000e+01 1.408566721581548720e+01 1.666666666666666430e+01 5.277777777777777857e+01 6.000000000000000000e+00
2.800000000000000000e+01 1.338550247116968528e+01 1.388888888888888928e+01 3.055555555555555358e+01 5.000000000000000000e+00
2.900000000000000000e+01 1.355024711696869666e+01 1.944444444444444642e+01 3.333333333333332860e+01 7.000000000000000000e+00
3.000000000000000000e+01 1.309719934102141714e+01 2.222222222222222143e+01 2.500000000000000000e+01 8.000000000000000000e+00
3.100000000000000000e+01 1.301482701812190967e+01 1.388888888888888928e+01 2.500000000000000000e+01 5.000000000000000000e+00
3.200000000000000000e+01 1.371499176276770804e+01 2.222222222222222143e+01 2.500000000000000000e+01 8.000000000000000000e+00
3.300000000000000000e+01 1.449752883031301387e+01 8.333333333333332149e+00 2.222222222222222143e+01 3.000000000000000000e+00
3.400000000000000000e+01 1.429159802306424965e+01 0.000000000000000000e+00 3.055555555555555358e+01 -6.000000000000000000e+03
