# step, world, group,control
0.000000000000000000e+00 2.734761120263591394e+01 4.444444444444444287e+01 1.666666666666666430e+01 1.600000000000000000e+01
1.000000000000000000e+00 2.788303130148270270e+01 2.777777777777777857e+01 1.388888888888888928e+01 1.000000000000000000e+01
2.000000000000000000e+00 2.656507413509061166e+01 2.222222222222222143e+01 1.111111111111111072e+01 8.000000000000000000e+00
3.000000000000000000e+00 2.475288303130148293e+01 1.666666666666666430e+01 1.388888888888888928e+01 6.000000000000000000e+00
4.000000000000000000e+00 2.491762767710049431e+01 2.500000000000000000e+01 1.111111111111111072e+01 9.000000000000000000e+00
5.000000000000000000e+00 2.269357495881384068e+01 2.777777777777777857e+01 8.333333333333332149e+00 1.000000000000000000e+01
6.000000000000000000e+00 2.298187808896210882e+01 3.888888888888889284e+01 8.333333333333332149e+00 1.400000000000000000e+01
7.000000000000000000e+00 2.322899505766062589e+01 3.055555555555555358e+01 1.944444444444444642e+01 1.100000000000000000e+01
8.000000000000000000e+00 2.232289950576606330e+01 3.055555555555555358e+01 2.222222222222222143e+01 1.100000000000000000e+01
9.000000000000000000e+00 1.952224052718286629e+01 2.777777777777777857e+01 2.222222222222222143e+01 1.000000000000000000e+01
1.000000000000000000e+01 1.853377265238879801e+01 3.333333333333332860e+01 3.333333333333332860e+01 1.200000000000000000e+01
1.100000000000000000e+01 1.787479406919275249e+01 5.000000000000000000e+01 3.888888888888889284e+01 1.800000000000000000e+01
1.200000000000000000e+01 1.700988467874794097e+01 2.777777777777777857e+01 3.888888888888889284e+01 1.000000000000000000e+01
1.300000000000000000e+01 1.602141680395387269e+01 3.333333333333332860e+01 4.166666666666667140e+01 1.200000000000000000e+01
1.400000000000000000e+01 1.684514003294892959e+01 3.611111111111110716e+01 3.055555555555555358e+01 1.300000000000000000e+01
1.500000000000000000e+01 1.552718286655683855e+01 2.500000000000000000e+01 5.000000000000000000e+01 9.000000000000000000e+00
1.600000000000000000e+01 1.556836902800658962e+01 1.666666666666666430e+01 1.944444444444444642e+01 6.000000000000000000e+00
1.700000000000000000e+01 1.466227347611202525e+01 2.500000000000000000e+01 2.222222222222222143e+01 9.000000000000000000e+00
1.800000000000000000e+01 1.355024711696869666e+01 2.500000000000000000e+01 1.666666666666666430e+01 9.000000000000000000e+00
1.900000000000000000e+01 1.519769357495881579e+01 1.944444444444444642e+01 1.944444444444444642e+01 7.000000000000000000e+00
2.000000000000000000e+01 1.635090609555189545e+01 2.777777777777777857e+01 2.222222222222222143e+01 1.000000000000000000e+01
2.100000000000000000e+01 1.622734761120263514e+01 3.055555555555555358e+01 2.777777777777777857e+01 1.100000000000000000e+01
2.200000000000000000e+01 1.589785831960461238e+01 3.888888888888889284e+01 2.777777777777777857e+01 1.400000000000000000e+01
2.300000000000000000e+01 1.717462932454695235e+01 2.777777777777777857e+01 2.500000000000000000e+01 1.000000000000000000e+01
2.400000000000000000e+01 1.556836902800658962e+01 4.722222222222222854e+01 3.611111111111110716e+01 1.700000000000000000e+01
2.500000000000000000e+01 1.668039538714991821e+01 2.500000000000000000e+01 3.055555555555555358e+01 9.000000000000000000e+00
2.600000000000000000e+01 1.573311367380560100e+01 3.333333333333332860e+01 3.888888888888889284e+01 1.200000000000000000e+01
2.700000000000000000e+01 1.626853377265238976e+01 2.777777777777777857e+01 3.888888888888889284e+01 1.000000000000000000e+01
2.800000000000000000e+01 1.647446457990115221e+01 4.166666666666667140e+01 5.000000000000000000e+01 1.500000000000000000e+01
2.900000000000000000e+01 1.560955518945634246e+01 2.222222222222222143e+01 3.888888888888889284e+01 8.000000000000000000e+00
3.000000000000000000e+01 1.577429983525535384e+01 3.888888888888889284e+01 3.611111111111110716e+01 1.400000000000000000e+01
3.100000000000000000e+01 1.651565074135090683e+01 3.333333333333332860e+01 3.333333333333332860e+01 1.200000000000000000e+01
3.200000000000000000e+01 1.511532125205930832e+01 3.055555555555555358e+01 1.944444444444444642e+01 1.100000000000000000e+01
3.300000000000000000e+01 1.367380560131795697e+01 2.777777777777777857e+01 2.500000000000000000e+01 1.000000000000000000e+01
3.400000000000000000e+01 1.330313014827018137e+01 3.888888888888889284e+01 1.944444444444444642e+01 1.400000000000000000e+01
3.500000000000000000e+01 1.219110378912685277e+01 2.500000000000000000e+01 1.944444444444444642e+01 9.000000000000000000e+00
3.600000000000000000e+01 1.144975288303130156e+01 5.000000000000000000e+01 2.777777777777777857e+01 1.800000000000000000e+01
3.700000000000000000e+01 1.079077429983525604e+01 3.055555555555555358e+01 5.555555555555555358e+00 1.100000000000000000e+01
3.800000000000000000e+01 1.017298187808896159e+01 5.833333333333333570e+01 5.555555555555555358e+00 2.100000000000000000e+01
3.900000000000000000e+01 9.843492586490938834e+00 3.611111111111110716e+01 0.000000000000000000e+00 1.300000000000000000e+01
4.000000000000000000e+01 1.070840197693575035e+01 2.500000000000000000e+01 0.000000000000000000e+00 9.000000000000000000e+00
4.100000000000000000e+01 1.029654036243822013e+01 3.055555555555555358e+01 0.000000000000000000e+00 1.100000000000000000e+01
4.200000000000000000e+01 9.390444810543657539e+00 2.500000000000000000e+01 0.000000000000000000e+00 9.000000000000000000e+00
4.300000000000000000e+01 9.802306425041185989e+00 1.111111111111111072e+01 0.000000000000000000e+00 4.000000000000000000e+00
4.400000000000000000e+01 8.896210873146623399e+00 1.388888888888888928e+01 0.000000000000000000e+00 5.000000000000000000e+00
4.500000000000000000e+01 9.802306425041185989e+00 8.333333333333332149e+00 0.000000000000000000e+00 3.000000000000000000e+00
4.600000000000000000e+01 9.143327841845140469e+00 8.333333333333332149e+00 0.000000000000000000e+00 3.000000000000000000e+00
4.700000000000000000e+01 8.319604612850081793e+00 8.333333333333332149e+00 0.000000000000000000e+00 3.000000000000000000e+00
4.800000000000000000e+01 8.443163097199340328e+00 1.388888888888888928e+01 0.000000000000000000e+00 5.000000000000000000e+00
4.900000000000000000e+01 8.896210873146623399e+00 1.111111111111111072e+01 0.000000000000000000e+00 4.000000000000000000e+00
5.000000000000000000e+01 9.431630971993410384e+00 2.222222222222222143e+01 0.000000000000000000e+00 8.000000000000000000e+00
5.100000000000000000e+01 8.237232289950576103e+00 1.666666666666666430e+01 0.000000000000000000e+00 6.000000000000000000e+00
5.200000000000000000e+01 8.154859967051070413e+00 1.944444444444444642e+01 0.000000000000000000e+00 7.000000000000000000e+00
5.300000000000000000e+01 8.113673805601317568e+00 1.666666666666666430e+01 0.000000000000000000e+00 6.000000000000000000e+00
5.400000000000000000e+01 7.207578253706754978e+00 2.777777777777777857e+01 0.000000000000000000e+00 1.000000000000000000e+01
5.500000000000000000e+01 7.784184514003294808e+00 1.944444444444444642e+01 0.000000000000000000e+00 7.000000000000000000e+00
5.600000000000000000e+01 7.578253706754529695e+00 1.666666666666666430e+01 0.000000000000000000e+00 6.000000000000000000e+00
5.700000000000000000e+01 7.742998352553541075e+00 1.944444444444444642e+01 0.000000000000000000e+00 7.000000000000000000e+00
5.800000000000000000e+01 7.578253706754529695e+00 1.944444444444444642e+01 0.000000000000000000e+00 7.000000000000000000e+00
5.900000000000000000e+01 8.401976935749589259e+00 1.666666666666666430e+01 0.000000000000000000e+00 6.000000000000000000e+00
6.000000000000000000e+01 6.795716639209226528e+00 2.777777777777777857e+01 0.000000000000000000e+00 1.000000000000000000e+01
6.100000000000000000e+01 7.331136738056012625e+00 3.055555555555555358e+01 0.000000000000000000e+00 1.100000000000000000e+01
6.200000000000000000e+01 7.166392092257001245e+00 4.166666666666667140e+01 0.000000000000000000e+00 1.500000000000000000e+01
6.300000000000000000e+01 7.537067545304777738e+00 3.333333333333332860e+01 0.000000000000000000e+00 1.200000000000000000e+01
6.400000000000000000e+01 8.607907742998351708e+00 3.055555555555555358e+01 0.000000000000000000e+00 1.100000000000000000e+01
6.500000000000000000e+01 8.443163097199340328e+00 2.500000000000000000e+01 0.000000000000000000e+00 9.000000000000000000e+00
6.600000000000000000e+01 8.196046128500823258e+00 3.055555555555555358e+01 0.000000000000000000e+00 1.100000000000000000e+01
6.700000000000000000e+01 8.649093904448106329e+00 3.611111111111110716e+01 0.000000000000000000e+00 1.300000000000000000e+01
6.800000000000000000e+01 8.649093904448106329e+00 2.222222222222222143e+01 0.000000000000000000e+00 8.000000000000000000e+00
6.900000000000000000e+01 9.596375617792421764e+00 1.111111111111111072e+01 0.000000000000000000e+00 4.000000000000000000e+00
7.000000000000000000e+01 8.855024711696870554e+00 1.944444444444444642e+01 0.000000000000000000e+00 7.000000000000000000e+00
7.100000000000000000e+01 8.896210873146623399e+00 3.055555555555555358e+01 0.000000000000000000e+00 1.100000000000000000e+01
7.200000000000000000e+01 9.637561779242174609e+00 1.944444444444444642e+01 0.000000000000000000e+00 7.000000000000000000e+00
7.300000000000000000e+01 9.967051070840197369e+00 1.388888888888888928e+01 0.000000000000000000e+00 5.000000000000000000e+00
7.400000000000000000e+01 9.637561779242174609e+00 1.111111111111111072e+01 0.000000000000000000e+00 4.000000000000000000e+00
7.500000000000000000e+01 1.004942339373970306e+01 1.666666666666666430e+01 0.000000000000000000e+00 6.000000000000000000e+00
7.600000000000000000e+01 8.360790774299834638e+00 2.777777777777777857e+01 0.000000000000000000e+00 1.000000000000000000e+01
7.700000000000000000e+01 9.060955518945634779e+00 3.055555555555555358e+01 0.000000000000000000e+00 1.100000000000000000e+01
7.800000000000000000e+01 8.360790774299834638e+00 2.500000000000000000e+01 0.000000000000000000e+00 9.000000000000000000e+00
7.900000000000000000e+01 8.360790774299834638e+00 3.333333333333332860e+01 0.000000000000000000e+00 1.200000000000000000e+01
8.000000000000000000e+01 8.196046128500823258e+00 2.500000000000000000e+01 0.000000000000000000e+00 9.000000000000000000e+00
8.100000000000000000e+01 8.731466227347612019e+00 2.500000000000000000e+01 0.000000000000000000e+00 9.000000000000000000e+00
8.200000000000000000e+01 8.855024711696870554e+00 1.666666666666666430e+01 0.000000000000000000e+00 6.000000000000000000e+00
8.300000000000000000e+01 8.031301482701811878e+00 1.944444444444444642e+01 0.000000000000000000e+00 7.000000000000000000e+00
8.400000000000000000e+01 8.278418451400328948e+00 2.222222222222222143e+01 0.000000000000000000e+00 8.000000000000000000e+00
8.500000000000000000e+01 6.795716639209226528e+00 1.388888888888888928e+01 0.000000000000000000e+00 5.000000000000000000e+00
8.600000000000000000e+01 7.413509060955518315e+00 1.666666666666666430e+01 0.000000000000000000e+00 6.000000000000000000e+00
8.700000000000000000e+01 7.207578253706754978e+00 1.388888888888888928e+01 0.000000000000000000e+00 5.000000000000000000e+00
8.800000000000000000e+01 7.331136738056012625e+00 1.388888888888888928e+01 0.000000000000000000e+00 5.000000000000000000e+00
8.900000000000000000e+01 7.248764415156506935e+00 1.944444444444444642e+01 0.000000000000000000e+00 7.000000000000000000e+00
9.000000000000000000e+01 7.701812191103789118e+00 2.222222222222222143e+01 0.000000000000000000e+00 8.000000000000000000e+00
9.100000000000000000e+01 7.372322899505766358e+00 1.388888888888888928e+01 0.000000000000000000e+00 5.000000000000000000e+00
9.200000000000000000e+01 7.660626029654035385e+00 2.777777777777777679e+00 0.000000000000000000e+00 1.000000000000000000e+00
9.300000000000000000e+01 6.754530477759472795e+00 5.555555555555555358e+00 0.000000000000000000e+00 2.000000000000000000e+00
9.400000000000000000e+01 7.454695222405272048e+00 8.333333333333332149e+00 0.000000000000000000e+00 3.000000000000000000e+00
9.500000000000000000e+01 7.042833607907743598e+00 8.333333333333332149e+00 0.000000000000000000e+00 3.000000000000000000e+00
9.600000000000000000e+01 7.207578253706754978e+00 2.222222222222222143e+01 0.000000000000000000e+00 8.000000000000000000e+00
9.700000000000000000e+01 7.166392092257001245e+00 1.666666666666666430e+01 0.000000000000000000e+00 6.000000000000000000e+00
9.800000000000000000e+01 7.166392092257001245e+00 2.500000000000000000e+01 0.000000000000000000e+00 9.000000000000000000e+00
9.900000000000000000e+01 6.425041186161449147e+00 2.500000000000000000e+01 0.000000000000000000e+00 9.000000000000000000e+00
1.000000000000000000e+02 6.136738056013179232e+00 2.500000000000000000e+01 0.000000000000000000e+00 9.000000000000000000e+00
1.010000000000000000e+02 6.219110378912684922e+00 2.777777777777777857e+01 0.000000000000000000e+00 1.000000000000000000e+01
1.020000000000000000e+02 6.054365733113673542e+00 3.333333333333332860e+01 0.000000000000000000e+00 1.200000000000000000e+01
1.030000000000000000e+02 6.013179571663920697e+00 1.388888888888888928e+01 0.000000000000000000e+00 5.000000000000000000e+00
1.040000000000000000e+02 5.642504118616145092e+00 2.500000000000000000e+01 0.000000000000000000e+00 9.000000000000000000e+00
1.050000000000000000e+02 5.354200988467875177e+00 3.055555555555555358e+01 0.000000000000000000e+00 1.100000000000000000e+01
1.060000000000000000e+02 5.395387149917628022e+00 3.055555555555555358e+01 0.000000000000000000e+00 1.100000000000000000e+01
1.070000000000000000e+02 5.971993410214167852e+00 3.055555555555555358e+01 0.000000000000000000e+00 1.100000000000000000e+01
1.080000000000000000e+02 5.683690280065897937e+00 2.777777777777777857e+01 0.000000000000000000e+00 1.000000000000000000e+01
1.090000000000000000e+02 6.095551894563426387e+00 2.500000000000000000e+01 0.000000000000000000e+00 9.000000000000000000e+00
1.100000000000000000e+02 6.095551894563426387e+00 2.500000000000000000e+01 0.000000000000000000e+00 9.000000000000000000e+00
1.110000000000000000e+02 5.642504118616145092e+00 2.222222222222222143e+01 0.000000000000000000e+00 8.000000000000000000e+00
1.120000000000000000e+02 6.177924217462932077e+00 2.777777777777777857e+01 0.000000000000000000e+00 1.000000000000000000e+01
1.130000000000000000e+02 6.136738056013179232e+00 2.500000000000000000e+01 0.000000000000000000e+00 9.000000000000000000e+00
1.140000000000000000e+02 5.807248764415156472e+00 2.222222222222222143e+01 0.000000000000000000e+00 8.000000000000000000e+00
1.150000000000000000e+02 5.683690280065897937e+00 2.500000000000000000e+01 0.000000000000000000e+00 9.000000000000000000e+00
1.160000000000000000e+02 5.436573311367380867e+00 3.055555555555555358e+01 0.000000000000000000e+00 1.100000000000000000e+01
1.170000000000000000e+02 5.848434925864909317e+00 2.777777777777777857e+01 0.000000000000000000e+00 1.000000000000000000e+01
1.180000000000000000e+02 4.983525535420098684e+00 3.611111111111110716e+01 0.000000000000000000e+00 1.300000000000000000e+01
1.190000000000000000e+02 5.189456342668863797e+00 3.055555555555555358e+01 0.000000000000000000e+00 1.100000000000000000e+01
1.200000000000000000e+02 4.736408566721581614e+00 3.611111111111110716e+01 0.000000000000000000e+00 1.300000000000000000e+01
1.210000000000000000e+02 4.901153212520592994e+00 2.777777777777777857e+01 0.000000000000000000e+00 1.000000000000000000e+01
1.220000000000000000e+02 4.530477759472817390e+00 3.333333333333332860e+01 0.000000000000000000e+00 1.200000000000000000e+01
1.230000000000000000e+02 4.695222405271828769e+00 2.500000000000000000e+01 0.000000000000000000e+00 9.000000000000000000e+00
1.240000000000000000e+02 4.406919275123558855e+00 2.500000000000000000e+01 0.000000000000000000e+00 9.000000000000000000e+00
1.250000000000000000e+02 4.571663920922570234e+00 2.777777777777777857e+01 0.000000000000000000e+00 1.000000000000000000e+01
1.260000000000000000e+02 4.859967051070840149e+00 3.055555555555555358e+01 0.000000000000000000e+00 1.100000000000000000e+01
1.270000000000000000e+02 5.271828665568369487e+00 1.111111111111111072e+01 0.000000000000000000e+00 4.000000000000000000e+00
1.280000000000000000e+02 5.148270181219110064e+00 0.000000000000000000e+00 0.000000000000000000e+00 -6.000000000000000000e+03
