# step, world, group,control
0.000000000000000000e+00 2.331136738056013158e+01 3.611111111111110716e+01 3.055555555555555358e+01 1.300000000000000000e+01
1.000000000000000000e+00 2.186985172981878023e+01 1.944444444444444642e+01 3.333333333333332860e+01 7.000000000000000000e+00
2.000000000000000000e+00 2.240527182866556899e+01 1.944444444444444642e+01 2.222222222222222143e+01 7.000000000000000000e+00
3.000000000000000000e+00 2.170510708401976885e+01 3.055555555555555358e+01 1.944444444444444642e+01 1.100000000000000000e+01
4.000000000000000000e+00 1.931630971993410384e+01 3.333333333333332860e+01 1.666666666666666430e+01 1.200000000000000000e+01
5.000000000000000000e+00 2.096375617792421764e+01 2.222222222222222143e+01 1.111111111111111072e+01 8.000000000000000000e+00
6.000000000000000000e+00 1.824546952224052632e+01 3.888888888888889284e+01 1.388888888888888928e+01 1.400000000000000000e+01
7.000000000000000000e+00 1.762767710049423542e+01 1.944444444444444642e+01 1.111111111111111072e+01 7.000000000000000000e+00
8.000000000000000000e+00 1.606260296540362376e+01 2.222222222222222143e+01 5.555555555555555358e+00 8.000000000000000000e+00
9.000000000000000000e+00 1.655683690280065790e+01 1.388888888888888928e+01 5.555555555555555358e+00 5.000000000000000000e+00
1.000000000000000000e+01 1.532125205930807077e+01 2.222222222222222143e+01 5.555555555555555358e+00 8.000000000000000000e+00
1.100000000000000000e+01 1.565074135090609531e+01 2.777777777777777857e+01 5.555555555555555358e+00 1.000000000000000000e+01
1.200000000000000000e+01 1.548599670510708215e+01 3.055555555555555358e+01 5.555555555555555358e+00 1.100000000000000000e+01
1.300000000000000000e+01 1.429159802306424965e+01 3.333333333333332860e+01 5.555555555555555358e+00 1.200000000000000000e+01
1.400000000000000000e+01 1.614497528830312945e+01 3.333333333333332860e+01 8.333333333333332149e+00 1.200000000000000000e+01
1.500000000000000000e+01 1.511532125205930832e+01 3.611111111111110716e+01 8.333333333333332149e+00 1.300000000000000000e+01
1.600000000000000000e+01 1.610378912685337838e+01 3.055555555555555358e+01 1.944444444444444642e+01 1.100000000000000000e+01
1.700000000000000000e+01 1.552718286655683855e+01 4.444444444444444287e+01 2.500000000000000000e+01 1.600000000000000000e+01
1.800000000000000000e+01 1.762767710049423542e+01 3.888888888888889284e+01 3.055555555555555358e+01 1.400000000000000000e+01
1.900000000000000000e+01 1.462108731466227241e+01 2.222222222222222143e+01 4.166666666666667140e+01 8.000000000000000000e+00
2.000000000000000000e+01 1.519769357495881579e+01 3.611111111111110716e+01 1.388888888888888928e+01 1.300000000000000000e+01
2.100000000000000000e+01 1.618616144975288407e+01 2.222222222222222143e+01 1.111111111111111072e+01 8.000000000000000000e+00
2.200000000000000000e+01 1.429159802306424965e+01 3.055555555555555358e+01 1.111111111111111072e+01 1.100000000000000000e+01
2.300000000000000000e+01 1.392092257001647582e+01 3.333333333333332860e+01 5.555555555555555358e+00 1.200000000000000000e+01
2.400000000000000000e+01 1.371499176276770804e+01 1.944444444444444642e+01 5.555555555555555358e+00 7.000000000000000000e+00
2.500000000000000000e+01 1.309719934102141714e+01 1.111111111111111072e+01 5.555555555555555358e+00 4.000000000000000000e+00
2.600000000000000000e+01 1.569192751235584993e+01 1.388888888888888928e+01 2.777777777777777679e+00 5.000000000000000000e+00
2.700000000000000000e+01 1.441515650741350996e+01 1.666666666666666430e+01 2.777777777777777679e+00 6.000000000000000000e+00
2.800000000000000000e+01 1.503294892915980263e+01 2.222222222222222143e+01 2.777777777777777679e+00 8.000000000000000000e+00
2.900000000000000000e+01 1.503294892915980263e+01 1.944444444444444642e+01 2.777777777777777679e+00 7.000000000000000000e+00
3.000000000000000000e+01 1.606260296540362376e+01 2.777777777777777857e+01 2.777777777777777679e+00 1.000000000000000000e+01
3.100000000000000000e+01 1.577429983525535384e+01 3.055555555555555358e+01 2.777777777777777679e+00 1.100000000000000000e+01
3.200000000000000000e+01 1.626853377265238976e+01 3.333333333333332860e+01 2.777777777777777679e+00 1.200000000000000000e+01
3.300000000000000000e+01 1.548599670510708215e+01 4.444444444444444287e+01 2.777777777777777679e+00 1.600000000000000000e+01
3.400000000000000000e+01 1.523887973640856686e+01 5.555555555555555713e+01 2.777777777777777679e+00 2.000000000000000000e+01
3.500000000000000000e+01 1.688632619439868066e+01 4.166666666666667140e+01 2.777777777777777679e+00 1.500000000000000000e+01
3.600000000000000000e+01 1.474464579901153272e+01 3.611111111111110716e+01 2.777777777777777679e+00 1.300000000000000000e+01
3.700000000000000000e+01 1.519769357495881579e+01 3.333333333333332860e+01 2.777777777777777679e+00 1.200000000000000000e+01
3.800000000000000000e+01 1.490939044481054410e+01 1.944444444444444642e+01 2.777777777777777679e+00 7.000000000000000000e+00
3.900000000000000000e+01 1.523887973640856686e+01 2.500000000000000000e+01 2.777777777777777679e+00 9.000000000000000000e+00
4.000000000000000000e+01 1.486820428336079125e+01 2.500000000000000000e+01 2.777777777777777679e+00 9.000000000000000000e+00
4.100000000000000000e+01 1.383855024711696835e+01 2.500000000000000000e+01 5.555555555555555358e+00 9.000000000000000000e+00
4.200000000000000000e+01 1.330313014827018137e+01 2.500000000000000000e+01 5.555555555555555358e+00 9.000000000000000000e+00
4.300000000000000000e+01 1.334431630971993421e+01 2.222222222222222143e+01 8.333333333333332149e+00 8.000000000000000000e+00
4.400000000000000000e+01 1.466227347611202525e+01 1.111111111111111072e+01 1.111111111111111072e+01 4.000000000000000000e+00
4.500000000000000000e+01 1.379736408566721551e+01 1.388888888888888928e+01 1.388888888888888928e+01 5.000000000000000000e+00
4.600000000000000000e+01 1.301482701812190967e+01 2.777777777777777857e+01 8.333333333333332149e+00 1.000000000000000000e+01
4.700000000000000000e+01 1.474464579901153272e+01 1.666666666666666430e+01 1.111111111111111072e+01 6.000000000000000000e+00
4.800000000000000000e+01 1.441515650741350996e+01 2.222222222222222143e+01 1.388888888888888928e+01 8.000000000000000000e+00
4.900000000000000000e+01 1.330313014827018137e+01 2.777777777777777857e+01 1.944444444444444642e+01 1.000000000000000000e+01
5.000000000000000000e+01 1.392092257001647582e+01 2.500000000000000000e+01 1.944444444444444642e+01 9.000000000000000000e+00
5.100000000000000000e+01 1.396210873146622689e+01 2.777777777777777857e+01 2.500000000000000000e+01 1.000000000000000000e+01
5.200000000000000000e+01 1.223228995057660740e+01 2.500000000000000000e+01 2.777777777777777857e+01 9.000000000000000000e+00
5.300000000000000000e+01 1.235584843492586415e+01 4.444444444444444287e+01 3.333333333333332860e+01 1.600000000000000000e+01
5.400000000000000000e+01 1.165568369028006579e+01 3.055555555555555358e+01 3.333333333333332860e+01 1.100000000000000000e+01
5.500000000000000000e+01 1.198517298187809033e+01 5.000000000000000000e+01 4.444444444444444287e+01 1.800000000000000000e+01
5.600000000000000000e+01 1.198517298187809033e+01 1.388888888888888928e+01 3.333333333333332860e+01 5.000000000000000000e+00
5.700000000000000000e+01 1.194398682042833570e+01 1.388888888888888928e+01 3.055555555555555358e+01 5.000000000000000000e+00
5.800000000000000000e+01 1.264415156507413585e+01 5.555555555555555358e+00 3.611111111111110716e+01 2.000000000000000000e+00
5.900000000000000000e+01 1.079077429983525604e+01 2.777777777777777679e+00 2.222222222222222143e+01 1.000000000000000000e+00
6.000000000000000000e+01 1.112026359143327880e+01 8.333333333333332149e+00 1.666666666666666430e+01 3.000000000000000000e+00
6.100000000000000000e+01 1.099670510708401849e+01 1.111111111111111072e+01 1.944444444444444642e+01 4.000000000000000000e+00
6.200000000000000000e+01 1.169686985172981863e+01 1.111111111111111072e+01 8.333333333333332149e+00 4.000000000000000000e+00
6.300000000000000000e+01 1.136738056013179587e+01 1.944444444444444642e+01 1.388888888888888928e+01 7.000000000000000000e+00
6.400000000000000000e+01 1.128500823723229018e+01 3.055555555555555358e+01 2.777777777777777679e+00 1.100000000000000000e+01
6.500000000000000000e+01 1.243822075782536984e+01 1.388888888888888928e+01 0.000000000000000000e+00 5.000000000000000000e+00
6.600000000000000000e+01 1.083196046128500711e+01 1.388888888888888928e+01 0.000000000000000000e+00 5.000000000000000000e+00
6.700000000000000000e+01 1.272652388797363976e+01 1.666666666666666430e+01 0.000000000000000000e+00 6.000000000000000000e+00
6.800000000000000000e+01 1.235584843492586415e+01 1.944444444444444642e+01 0.000000000000000000e+00 7.000000000000000000e+00
6.900000000000000000e+01 1.243822075782536984e+01 2.500000000000000000e+01 0.000000000000000000e+00 9.000000000000000000e+00
7.000000000000000000e+01 1.182042833607907717e+01 3.055555555555555358e+01 5.555555555555555358e+00 1.100000000000000000e+01
7.100000000000000000e+01 1.206754530477759602e+01 2.222222222222222143e+01 0.000000000000000000e+00 8.000000000000000000e+00
7.200000000000000000e+01 1.268533772652388691e+01 3.055555555555555358e+01 0.000000000000000000e+00 1.100000000000000000e+01
7.300000000000000000e+01 1.334431630971993421e+01 2.222222222222222143e+01 0.000000000000000000e+00 8.000000000000000000e+00
7.400000000000000000e+01 1.239703459637561878e+01 2.222222222222222143e+01 0.000000000000000000e+00 8.000000000000000000e+00
7.500000000000000000e+01 1.322075782537067390e+01 3.055555555555555358e+01 0.000000000000000000e+00 1.100000000000000000e+01
7.600000000000000000e+01 1.371499176276770804e+01 2.500000000000000000e+01 0.000000000000000000e+00 9.000000000000000000e+00
7.700000000000000000e+01 1.482701812191103663e+01 3.055555555555555358e+01 0.000000000000000000e+00 1.100000000000000000e+01
7.800000000000000000e+01 1.420922570016474573e+01 2.222222222222222143e+01 0.000000000000000000e+00 8.000000000000000000e+00
7.900000000000000000e+01 1.565074135090609531e+01 2.222222222222222143e+01 0.000000000000000000e+00 8.000000000000000000e+00
8.000000000000000000e+01 1.441515650741350996e+01 2.500000000000000000e+01 0.000000000000000000e+00 9.000000000000000000e+00
8.100000000000000000e+01 1.700988467874794097e+01 2.500000000000000000e+01 0.000000000000000000e+00 9.000000000000000000e+00
8.200000000000000000e+01 1.626853377265238976e+01 4.166666666666667140e+01 0.000000000000000000e+00 1.500000000000000000e+01
8.300000000000000000e+01 1.680395387149917852e+01 2.500000000000000000e+01 0.000000000000000000e+00 9.000000000000000000e+00
8.400000000000000000e+01 1.663920922570016359e+01 3.611111111111110716e+01 0.000000000000000000e+00 1.300000000000000000e+01
8.500000000000000000e+01 1.655683690280065790e+01 3.055555555555555358e+01 0.000000000000000000e+00 1.100000000000000000e+01
8.600000000000000000e+01 1.536243822075782717e+01 3.611111111111110716e+01 2.777777777777777679e+00 1.300000000000000000e+01
8.700000000000000000e+01 1.573311367380560100e+01 3.055555555555555358e+01 2.777777777777777679e+00 1.100000000000000000e+01
8.800000000000000000e+01 1.585667215815486131e+01 2.222222222222222143e+01 0.000000000000000000e+00 8.000000000000000000e+00
8.900000000000000000e+01 1.577429983525535384e+01 1.388888888888888928e+01 0.000000000000000000e+00 5.000000000000000000e+00
9.000000000000000000e+01 1.441515650741350996e+01 1.944444444444444642e+01 0.000000000000000000e+00 7.000000000000000000e+00
9.100000000000000000e+01 1.437397034596375711e+01 1.666666666666666430e+01 0.000000000000000000e+00 6.000000000000000000e+00
9.200000000000000000e+01 1.400329489291597973e+01 2.222222222222222143e+01 0.000000000000000000e+00 8.000000000000000000e+00
9.300000000000000000e+01 1.659802306425041252e+01 1.388888888888888928e+01 0.000000000000000000e+00 5.000000000000000000e+00
9.400000000000000000e+01 1.420922570016474573e+01 8.333333333333332149e+00 0.000000000000000000e+00 3.000000000000000000e+00
9.500000000000000000e+01 1.466227347611202525e+01 1.111111111111111072e+01 2.777777777777777679e+00 4.000000000000000000e+00
9.600000000000000000e+01 1.285008237232289829e+01 1.388888888888888928e+01 2.777777777777777679e+00 5.000000000000000000e+00
9.700000000000000000e+01 1.338550247116968528e+01 1.388888888888888928e+01 2.777777777777777679e+00 5.000000000000000000e+00
9.800000000000000000e+01 1.437397034596375711e+01 5.555555555555555358e+00 2.777777777777777679e+00 2.000000000000000000e+00
9.900000000000000000e+01 1.400329489291597973e+01 0.000000000000000000e+00 5.555555555555555358e+00 -6.000000000000000000e+03
