# step, world, group,control
0.000000000000000000e+00 2.813014827018121977e+01 4.722222222222222854e+01 4.722222222222222854e+01 1.700000000000000000e+01
1.000000000000000000e+00 2.537067545304777383e+01 3.888888888888889284e+01 2.222222222222222143e+01 1.400000000000000000e+01
2.000000000000000000e+00 2.512355848434925676e+01 3.888888888888889284e+01 3.055555555555555358e+01 1.400000000000000000e+01
3.000000000000000000e+00 2.578253706754530228e+01 3.611111111111110716e+01 2.500000000000000000e+01 1.300000000000000000e+01
4.000000000000000000e+00 2.195222405271828592e+01 2.777777777777777857e+01 3.611111111111110716e+01 1.000000000000000000e+01
5.000000000000000000e+00 2.368204283360790896e+01 2.500000000000000000e+01 1.944444444444444642e+01 9.000000000000000000e+00
6.000000000000000000e+00 1.997528830313014936e+01 2.777777777777777857e+01 1.944444444444444642e+01 1.000000000000000000e+01
7.000000000000000000e+00 2.059308072487644026e+01 1.666666666666666430e+01 1.944444444444444642e+01 6.000000000000000000e+00
8.000000000000000000e+00 1.935749588138385491e+01 1.388888888888888928e+01 1.111111111111111072e+01 5.000000000000000000e+00
9.000000000000000000e+00 1.989291598023064367e+01 2.222222222222222143e+01 1.666666666666666430e+01 8.000000000000000000e+00
1.000000000000000000e+01 1.849258649093904339e+01 2.222222222222222143e+01 1.111111111111111072e+01 8.000000000000000000e+00
1.100000000000000000e+01 1.832784184514003201e+01 2.222222222222222143e+01 1.944444444444444642e+01 8.000000000000000000e+00
1.200000000000000000e+01 1.824546952224052632e+01 1.944444444444444642e+01 1.388888888888888928e+01 7.000000000000000000e+00
1.300000000000000000e+01 1.795716639209225818e+01 1.944444444444444642e+01 1.666666666666666430e+01 7.000000000000000000e+00
1.400000000000000000e+01 1.680395387149917852e+01 2.500000000000000000e+01 1.388888888888888928e+01 9.000000000000000000e+00
1.500000000000000000e+01 1.762767710049423542e+01 1.944444444444444642e+01 8.333333333333332149e+00 7.000000000000000000e+00
1.600000000000000000e+01 1.630971993410214083e+01 3.888888888888889284e+01 1.388888888888888928e+01 1.400000000000000000e+01
1.700000000000000000e+01 1.783360790774299787e+01 1.111111111111111072e+01 1.666666666666666430e+01 4.000000000000000000e+00
1.800000000000000000e+01 1.709225700164744666e+01 1.388888888888888928e+01 1.944444444444444642e+01 5.000000000000000000e+00
1.900000000000000000e+01 1.709225700164744666e+01 5.555555555555555358e+00 1.388888888888888928e+01 2.000000000000000000e+00
2.000000000000000000e+01 1.614497528830312945e+01 5.555555555555555358e+00 1.666666666666666430e+01 2.000000000000000000e+00
2.100000000000000000e+01 1.602141680395387269e+01 5.555555555555555358e+00 1.388888888888888928e+01 2.000000000000000000e+00
2.200000000000000000e+01 1.449752883031301387e+01 2.777777777777777679e+00 8.333333333333332149e+00 1.000000000000000000e+00
2.300000000000000000e+01 1.495057660626029694e+01 5.555555555555555358e+00 5.555555555555555358e+00 2.000000000000000000e+00
2.400000000000000000e+01 1.490939044481054410e+01 5.555555555555555358e+00 0.000000000000000000e+00 2.000000000000000000e+00
2.500000000000000000e+01 1.350906095551894559e+01 0.000000000000000000e+00 0.000000000000000000e+00 -6.000000000000000000e+03
