# step, world, group,control
0.000000000000000000e+00 2.314662273476112020e+01 4.166666666666667140e+01 3.333333333333332860e+01 1.500000000000000000e+01
1.000000000000000000e+00 2.125205930807248933e+01 2.222222222222222143e+01 5.000000000000000000e+01 8.000000000000000000e+00
2.000000000000000000e+00 2.162273476112026316e+01 2.222222222222222143e+01 3.055555555555555358e+01 8.000000000000000000e+00
3.000000000000000000e+00 1.968698517298187767e+01 1.666666666666666430e+01 2.500000000000000000e+01 6.000000000000000000e+00
4.000000000000000000e+00 1.915156507413509246e+01 4.444444444444444287e+01 2.222222222222222143e+01 1.600000000000000000e+01
5.000000000000000000e+00 1.861614497528830370e+01 4.444444444444444287e+01 3.611111111111110716e+01 1.600000000000000000e+01
6.000000000000000000e+00 1.779242174629324680e+01 3.888888888888889284e+01 8.333333333333332149e+00 1.400000000000000000e+01
7.000000000000000000e+00 1.766886326194398649e+01 3.333333333333332860e+01 2.777777777777777679e+00 1.200000000000000000e+01
8.000000000000000000e+00 1.799835255354200925e+01 3.888888888888889284e+01 0.000000000000000000e+00 1.400000000000000000e+01
9.000000000000000000e+00 1.758649093904448080e+01 3.055555555555555358e+01 0.000000000000000000e+00 1.100000000000000000e+01
1.000000000000000000e+01 1.647446457990115221e+01 2.222222222222222143e+01 0.000000000000000000e+00 8.000000000000000000e+00
1.100000000000000000e+01 1.696869851729818990e+01 4.166666666666667140e+01 0.000000000000000000e+00 1.500000000000000000e+01
1.200000000000000000e+01 1.577429983525535384e+01 3.611111111111110716e+01 0.000000000000000000e+00 1.300000000000000000e+01
1.300000000000000000e+01 1.663920922570016359e+01 3.333333333333332860e+01 0.000000000000000000e+00 1.200000000000000000e+01
1.400000000000000000e+01 1.750411861614497511e+01 3.055555555555555358e+01 0.000000000000000000e+00 1.100000000000000000e+01
1.500000000000000000e+01 1.696869851729818990e+01 3.333333333333332860e+01 0.000000000000000000e+00 1.200000000000000000e+01
1.600000000000000000e+01 1.626853377265238976e+01 4.722222222222222854e+01 0.000000000000000000e+00 1.700000000000000000e+01
1.700000000000000000e+01 1.779242174629324680e+01 3.333333333333332860e+01 0.000000000000000000e+00 1.200000000000000000e+01
1.800000000000000000e+01 1.721581548599670342e+01 3.055555555555555358e+01 0.000000000000000000e+00 1.100000000000000000e+01
1.900000000000000000e+01 1.816309719934102063e+01 3.611111111111110716e+01 0.000000000000000000e+00 1.300000000000000000e+01
2.000000000000000000e+01 1.696869851729818990e+01 3.333333333333332860e+01 0.000000000000000000e+00 1.200000000000000000e+01
2.100000000000000000e+01 1.779242174629324680e+01 3.333333333333332860e+01 0.000000000000000000e+00 1.200000000000000000e+01
2.200000000000000000e+01 1.606260296540362376e+01 3.055555555555555358e+01 0.000000000000000000e+00 1.100000000000000000e+01
2.300000000000000000e+01 1.713344316309720128e+01 3.055555555555555358e+01 0.000000000000000000e+00 1.100000000000000000e+01
2.400000000000000000e+01 1.593904448105436522e+01 3.611111111111110716e+01 0.000000000000000000e+00 1.300000000000000000e+01
2.500000000000000000e+01 1.606260296540362376e+01 4.722222222222222854e+01 0.000000000000000000e+00 1.700000000000000000e+01
2.600000000000000000e+01 1.507413509060955548e+01 3.611111111111110716e+01 0.000000000000000000e+00 1.300000000000000000e+01
2.700000000000000000e+01 1.507413509060955548e+01 4.166666666666667140e+01 0.000000000000000000e+00 1.500000000000000000e+01
2.800000000000000000e+01 1.556836902800658962e+01 3.333333333333332860e+01 0.000000000000000000e+00 1.200000000000000000e+01
2.900000000000000000e+01 1.523887973640856686e+01 2.222222222222222143e+01 0.000000000000000000e+00 8.000000000000000000e+00
3.000000000000000000e+01 1.528006589785831970e+01 3.611111111111110716e+01 0.000000000000000000e+00 1.300000000000000000e+01
3.100000000000000000e+01 1.598023064250411807e+01 3.055555555555555358e+01 0.000000000000000000e+00 1.100000000000000000e+01
3.200000000000000000e+01 1.503294892915980263e+01 4.444444444444444287e+01 0.000000000000000000e+00 1.600000000000000000e+01
3.300000000000000000e+01 1.610378912685337838e+01 1.944444444444444642e+01 0.000000000000000000e+00 7.000000000000000000e+00
3.400000000000000000e+01 1.655683690280065790e+01 1.944444444444444642e+01 0.000000000000000000e+00 7.000000000000000000e+00
3.500000000000000000e+01 1.742174629324546942e+01 2.777777777777777857e+01 0.000000000000000000e+00 1.000000000000000000e+01
3.600000000000000000e+01 1.758649093904448080e+01 2.500000000000000000e+01 0.000000000000000000e+00 9.000000000000000000e+00
3.700000000000000000e+01 1.721581548599670342e+01 4.444444444444444287e+01 0.000000000000000000e+00 1.600000000000000000e+01
3.800000000000000000e+01 1.684514003294892959e+01 3.888888888888889284e+01 0.000000000000000000e+00 1.400000000000000000e+01
3.900000000000000000e+01 1.692751235584843528e+01 4.444444444444444287e+01 0.000000000000000000e+00 1.600000000000000000e+01
4.000000000000000000e+01 1.700988467874794097e+01 3.333333333333332860e+01 0.000000000000000000e+00 1.200000000000000000e+01
4.100000000000000000e+01 1.717462932454695235e+01 3.611111111111110716e+01 0.000000000000000000e+00 1.300000000000000000e+01
4.200000000000000000e+01 1.696869851729818990e+01 5.277777777777777857e+01 0.000000000000000000e+00 1.900000000000000000e+01
4.300000000000000000e+01 1.841021416803953770e+01 2.222222222222222143e+01 0.000000000000000000e+00 8.000000000000000000e+00
4.400000000000000000e+01 1.742174629324546942e+01 3.055555555555555358e+01 0.000000000000000000e+00 1.100000000000000000e+01
4.500000000000000000e+01 1.820428336079077525e+01 3.333333333333332860e+01 0.000000000000000000e+00 1.200000000000000000e+01
4.600000000000000000e+01 1.606260296540362376e+01 3.611111111111110716e+01 0.000000000000000000e+00 1.300000000000000000e+01
4.700000000000000000e+01 1.771004942339374111e+01 1.111111111111111072e+01 0.000000000000000000e+00 4.000000000000000000e+00
4.800000000000000000e+01 1.614497528830312945e+01 2.777777777777777857e+01 0.000000000000000000e+00 1.000000000000000000e+01
4.900000000000000000e+01 1.771004942339374111e+01 2.222222222222222143e+01 0.000000000000000000e+00 8.000000000000000000e+00
5.000000000000000000e+01 1.523887973640856686e+01 3.055555555555555358e+01 0.000000000000000000e+00 1.100000000000000000e+01
5.100000000000000000e+01 1.540362438220757824e+01 2.777777777777777857e+01 0.000000000000000000e+00 1.000000000000000000e+01
5.200000000000000000e+01 1.383855024711696835e+01 2.222222222222222143e+01 0.000000000000000000e+00 8.000000000000000000e+00
5.300000000000000000e+01 1.457990115321252134e+01 2.777777777777777857e+01 0.000000000000000000e+00 1.000000000000000000e+01
5.400000000000000000e+01 1.379736408566721551e+01 3.055555555555555358e+01 0.000000000000000000e+00 1.100000000000000000e+01
5.500000000000000000e+01 1.408566721581548720e+01 2.777777777777777857e+01 0.000000000000000000e+00 1.000000000000000000e+01
5.600000000000000000e+01 1.383855024711696835e+01 1.944444444444444642e+01 0.000000000000000000e+00 7.000000000000000000e+00
5.700000000000000000e+01 1.420922570016474573e+01 3.611111111111110716e+01 0.000000000000000000e+00 1.300000000000000000e+01
5.800000000000000000e+01 1.482701812191103663e+01 2.500000000000000000e+01 0.000000000000000000e+00 9.000000000000000000e+00
5.900000000000000000e+01 1.425041186161449858e+01 2.222222222222222143e+01 0.000000000000000000e+00 8.000000000000000000e+00
6.000000000000000000e+01 1.453871499176276849e+01 3.055555555555555358e+01 0.000000000000000000e+00 1.100000000000000000e+01
6.100000000000000000e+01 1.400329489291597973e+01 2.222222222222222143e+01 0.000000000000000000e+00 8.000000000000000000e+00
6.200000000000000000e+01 1.280889621087314723e+01 3.888888888888889284e+01 0.000000000000000000e+00 1.400000000000000000e+01
6.300000000000000000e+01 1.363261943986820413e+01 1.944444444444444642e+01 0.000000000000000000e+00 7.000000000000000000e+00
6.400000000000000000e+01 1.272652388797363976e+01 1.388888888888888928e+01 0.000000000000000000e+00 5.000000000000000000e+00
6.500000000000000000e+01 1.289126853377265114e+01 1.666666666666666430e+01 0.000000000000000000e+00 6.000000000000000000e+00
6.600000000000000000e+01 1.342668863261943990e+01 1.944444444444444642e+01 0.000000000000000000e+00 7.000000000000000000e+00
6.700000000000000000e+01 1.466227347611202525e+01 8.333333333333332149e+00 0.000000000000000000e+00 3.000000000000000000e+00
6.800000000000000000e+01 1.297364085667215861e+01 1.388888888888888928e+01 0.000000000000000000e+00 5.000000000000000000e+00
6.900000000000000000e+01 1.379736408566721551e+01 1.666666666666666430e+01 0.000000000000000000e+00 6.000000000000000000e+00
7.000000000000000000e+01 1.334431630971993421e+01 3.055555555555555358e+01 0.000000000000000000e+00 1.100000000000000000e+01
7.100000000000000000e+01 1.420922570016474573e+01 1.388888888888888928e+01 0.000000000000000000e+00 5.000000000000000000e+00
7.200000000000000000e+01 1.330313014827018137e+01 2.500000000000000000e+01 0.000000000000000000e+00 9.000000000000000000e+00
7.300000000000000000e+01 1.470345963756177987e+01 1.944444444444444642e+01 0.000000000000000000e+00 7.000000000000000000e+00
7.400000000000000000e+01 1.400329489291597973e+01 1.944444444444444642e+01 0.000000000000000000e+00 7.000000000000000000e+00
7.500000000000000000e+01 1.474464579901153272e+01 2.500000000000000000e+01 0.000000000000000000e+00 9.000000000000000000e+00
7.600000000000000000e+01 1.400329489291597973e+01 3.611111111111110716e+01 0.000000000000000000e+00 1.300000000000000000e+01
7.700000000000000000e+01 1.408566721581548720e+01 2.222222222222222143e+01 0.000000000000000000e+00 8.000000000000000000e+00
7.800000000000000000e+01 1.441515650741350996e+01 3.888888888888889284e+01 0.000000000000000000e+00 1.400000000000000000e+01
7.900000000000000000e+01 1.280889621087314723e+01 1.944444444444444642e+01 0.000000000000000000e+00 7.000000000000000000e+00
8.000000000000000000e+01 1.305601317957166252e+01 2.222222222222222143e+01 0.000000000000000000e+00 8.000000000000000000e+00
8.100000000000000000e+01 1.297364085667215861e+01 2.500000000000000000e+01 0.000000000000000000e+00 9.000000000000000000e+00
8.200000000000000000e+01 1.260296540362438300e+01 1.944444444444444642e+01 0.000000000000000000e+00 7.000000000000000000e+00
8.300000000000000000e+01 1.289126853377265114e+01 3.055555555555555358e+01 0.000000000000000000e+00 1.100000000000000000e+01
8.400000000000000000e+01 1.231466227347611309e+01 2.777777777777777857e+01 0.000000000000000000e+00 1.000000000000000000e+01
8.500000000000000000e+01 1.227347611202635846e+01 2.777777777777777857e+01 0.000000000000000000e+00 1.000000000000000000e+01
8.600000000000000000e+01 1.165568369028006579e+01 2.500000000000000000e+01 0.000000000000000000e+00 9.000000000000000000e+00
8.700000000000000000e+01 1.182042833607907717e+01 2.777777777777777857e+01 0.000000000000000000e+00 1.000000000000000000e+01
8.800000000000000000e+01 1.042009884678747866e+01 2.500000000000000000e+01 0.000000000000000000e+00 9.000000000000000000e+00
8.900000000000000000e+01 1.136738056013179587e+01 1.944444444444444642e+01 0.000000000000000000e+00 7.000000000000000000e+00
9.000000000000000000e+01 9.967051070840197369e+00 3.888888888888889284e+01 0.000000000000000000e+00 1.400000000000000000e+01
9.100000000000000000e+01 9.884678747940691679e+00 1.388888888888888928e+01 0.000000000000000000e+00 5.000000000000000000e+00
9.200000000000000000e+01 1.021416803953871444e+01 8.333333333333332149e+00 0.000000000000000000e+00 3.000000000000000000e+00
9.300000000000000000e+01 9.472817133443163229e+00 8.333333333333332149e+00 0.000000000000000000e+00 3.000000000000000000e+00
9.400000000000000000e+01 1.042009884678747866e+01 1.388888888888888928e+01 0.000000000000000000e+00 5.000000000000000000e+00
9.500000000000000000e+01 9.514003294892916074e+00 8.333333333333332149e+00 0.000000000000000000e+00 3.000000000000000000e+00
9.600000000000000000e+01 9.843492586490938834e+00 8.333333333333332149e+00 0.000000000000000000e+00 3.000000000000000000e+00
9.700000000000000000e+01 9.472817133443163229e+00 1.111111111111111072e+01 0.000000000000000000e+00 4.000000000000000000e+00
9.800000000000000000e+01 9.925864909390444524e+00 1.388888888888888928e+01 0.000000000000000000e+00 5.000000000000000000e+00
9.900000000000000000e+01 8.566721581548600639e+00 1.111111111111111072e+01 0.000000000000000000e+00 4.000000000000000000e+00
1.000000000000000000e+02 8.566721581548600639e+00 5.555555555555555358e+00 0.000000000000000000e+00 2.000000000000000000e+00
1.010000000000000000e+02 8.443163097199340328e+00 1.111111111111111072e+01 0.000000000000000000e+00 4.000000000000000000e+00
1.020000000000000000e+02 8.196046128500823258e+00 1.111111111111111072e+01 0.000000000000000000e+00 4.000000000000000000e+00
1.030000000000000000e+02 7.825370675453047653e+00 5.555555555555555358e+00 0.000000000000000000e+00 2.000000000000000000e+00
1.040000000000000000e+02 7.825370675453047653e+00 5.555555555555555358e+00 0.000000000000000000e+00 2.000000000000000000e+00
1.050000000000000000e+02 7.578253706754529695e+00 1.111111111111111072e+01 0.000000000000000000e+00 4.000000000000000000e+00
1.060000000000000000e+02 7.742998352553541075e+00 1.111111111111111072e+01 0.000000000000000000e+00 4.000000000000000000e+00
1.070000000000000000e+02 7.907742998352553343e+00 1.111111111111111072e+01 0.000000000000000000e+00 4.000000000000000000e+00
1.080000000000000000e+02 8.649093904448106329e+00 1.111111111111111072e+01 0.000000000000000000e+00 4.000000000000000000e+00
1.090000000000000000e+02 7.619439868204283428e+00 1.111111111111111072e+01 0.000000000000000000e+00 4.000000000000000000e+00
1.100000000000000000e+02 8.113673805601317568e+00 1.111111111111111072e+01 0.000000000000000000e+00 4.000000000000000000e+00
1.110000000000000000e+02 7.660626029654035385e+00 1.111111111111111072e+01 0.000000000000000000e+00 4.000000000000000000e+00
1.120000000000000000e+02 8.237232289950576103e+00 1.111111111111111072e+01 0.000000000000000000e+00 4.000000000000000000e+00
1.130000000000000000e+02 7.990115321252059033e+00 1.111111111111111072e+01 0.000000000000000000e+00 4.000000000000000000e+00
1.140000000000000000e+02 8.154859967051070413e+00 1.111111111111111072e+01 0.000000000000000000e+00 4.000000000000000000e+00
1.150000000000000000e+02 7.289950576606260668e+00 1.111111111111111072e+01 0.000000000000000000e+00 4.000000000000000000e+00
1.160000000000000000e+02 7.248764415156506935e+00 1.111111111111111072e+01 0.000000000000000000e+00 4.000000000000000000e+00
1.170000000000000000e+02 6.919275123558484175e+00 1.666666666666666430e+01 0.000000000000000000e+00 6.000000000000000000e+00
1.180000000000000000e+02 6.425041186161449147e+00 1.666666666666666430e+01 0.000000000000000000e+00 6.000000000000000000e+00
1.190000000000000000e+02 6.630971993410214260e+00 2.222222222222222143e+01 0.000000000000000000e+00 8.000000000000000000e+00
1.200000000000000000e+02 6.054365733113673542e+00 1.111111111111111072e+01 0.000000000000000000e+00 4.000000000000000000e+00
1.210000000000000000e+02 5.848434925864909317e+00 1.388888888888888928e+01 0.000000000000000000e+00 5.000000000000000000e+00
1.220000000000000000e+02 5.560131795716639402e+00 1.388888888888888928e+01 0.000000000000000000e+00 5.000000000000000000e+00
1.230000000000000000e+02 5.889621087314662162e+00 1.388888888888888928e+01 0.000000000000000000e+00 5.000000000000000000e+00
1.240000000000000000e+02 5.230642504118616642e+00 1.666666666666666430e+01 0.000000000000000000e+00 6.000000000000000000e+00
1.250000000000000000e+02 5.477759472817133712e+00 1.666666666666666430e+01 0.000000000000000000e+00 6.000000000000000000e+00
1.260000000000000000e+02 5.848434925864909317e+00 1.111111111111111072e+01 0.000000000000000000e+00 4.000000000000000000e+00
1.270000000000000000e+02 5.724876441515650782e+00 1.111111111111111072e+01 0.000000000000000000e+00 4.000000000000000000e+00
1.280000000000000000e+02 6.672158154859967105e+00 1.111111111111111072e+01 0.000000000000000000e+00 4.000000000000000000e+00
1.290000000000000000e+02 6.342668863261943457e+00 1.111111111111111072e+01 0.000000000000000000e+00 4.000000000000000000e+00
1.300000000000000000e+02 7.042833607907743598e+00 1.111111111111111072e+01 0.000000000000000000e+00 4.000000000000000000e+00
1.310000000000000000e+02 6.754530477759472795e+00 1.111111111111111072e+01 0.000000000000000000e+00 4.000000000000000000e+00
1.320000000000000000e+02 6.672158154859967105e+00 1.111111111111111072e+01 0.000000000000000000e+00 4.000000000000000000e+00
1.330000000000000000e+02 7.125205930807249288e+00 1.388888888888888928e+01 0.000000000000000000e+00 5.000000000000000000e+00
1.340000000000000000e+02 7.166392092257001245e+00 1.944444444444444642e+01 0.000000000000000000e+00 7.000000000000000000e+00
1.350000000000000000e+02 7.578253706754529695e+00 1.388888888888888928e+01 0.000000000000000000e+00 5.000000000000000000e+00
1.360000000000000000e+02 8.196046128500823258e+00 8.333333333333332149e+00 0.000000000000000000e+00 3.000000000000000000e+00
1.370000000000000000e+02 7.372322899505766358e+00 1.666666666666666430e+01 0.000000000000000000e+00 6.000000000000000000e+00
1.380000000000000000e+02 7.701812191103789118e+00 2.222222222222222143e+01 0.000000000000000000e+00 8.000000000000000000e+00
1.390000000000000000e+02 8.072487644151564723e+00 3.055555555555555358e+01 0.000000000000000000e+00 1.100000000000000000e+01
1.400000000000000000e+02 7.413509060955518315e+00 3.611111111111110716e+01 0.000000000000000000e+00 1.300000000000000000e+01
1.410000000000000000e+02 7.701812191103789118e+00 3.333333333333332860e+01 0.000000000000000000e+00 1.200000000000000000e+01
1.420000000000000000e+02 7.413509060955518315e+00 4.722222222222222854e+01 0.000000000000000000e+00 1.700000000000000000e+01
1.430000000000000000e+02 9.349258649093904694e+00 1.388888888888888928e+01 0.000000000000000000e+00 5.000000000000000000e+00
1.440000000000000000e+02 8.196046128500823258e+00 1.111111111111111072e+01 0.000000000000000000e+00 4.000000000000000000e+00
1.450000000000000000e+02 7.701812191103789118e+00 1.944444444444444642e+01 0.000000000000000000e+00 7.000000000000000000e+00
1.460000000000000000e+02 6.425041186161449147e+00 2.222222222222222143e+01 0.000000000000000000e+00 8.000000000000000000e+00
1.470000000000000000e+02 6.466227347611202880e+00 1.944444444444444642e+01 0.000000000000000000e+00 7.000000000000000000e+00
1.480000000000000000e+02 6.136738056013179232e+00 2.777777777777777857e+01 0.000000000000000000e+00 1.000000000000000000e+01
1.490000000000000000e+02 5.889621087314662162e+00 4.166666666666667140e+01 0.000000000000000000e+00 1.500000000000000000e+01
1.500000000000000000e+02 6.260296540362437767e+00 3.055555555555555358e+01 0.000000000000000000e+00 1.100000000000000000e+01
1.510000000000000000e+02 5.601317957166392247e+00 2.222222222222222143e+01 0.000000000000000000e+00 8.000000000000000000e+00
1.520000000000000000e+02 5.436573311367380867e+00 2.500000000000000000e+01 0.000000000000000000e+00 9.000000000000000000e+00
1.530000000000000000e+02 5.766062602965403627e+00 1.388888888888888928e+01 0.000000000000000000e+00 5.000000000000000000e+00
1.540000000000000000e+02 4.901153212520592994e+00 1.666666666666666430e+01 0.000000000000000000e+00 6.000000000000000000e+00
1.550000000000000000e+02 4.777594728171334459e+00 2.222222222222222143e+01 0.000000000000000000e+00 8.000000000000000000e+00
1.560000000000000000e+02 4.777594728171334459e+00 1.944444444444444642e+01 0.000000000000000000e+00 7.000000000000000000e+00
1.570000000000000000e+02 5.024711696869851529e+00 2.777777777777777857e+01 0.000000000000000000e+00 1.000000000000000000e+01
1.580000000000000000e+02 5.189456342668863797e+00 1.388888888888888928e+01 0.000000000000000000e+00 5.000000000000000000e+00
1.590000000000000000e+02 5.024711696869851529e+00 1.944444444444444642e+01 0.000000000000000000e+00 7.000000000000000000e+00
1.600000000000000000e+02 5.189456342668863797e+00 1.111111111111111072e+01 0.000000000000000000e+00 4.000000000000000000e+00
1.610000000000000000e+02 5.313014827018122332e+00 0.000000000000000000e+00 0.000000000000000000e+00 -6.000000000000000000e+03
