# step, world, group,control
0.000000000000000000e+00 2.883031301482701991e+01 5.555555555555555713e+01 4.166666666666667140e+01 2.000000000000000000e+01
1.000000000000000000e+00 2.594728171334431721e+01 4.166666666666667140e+01 4.444444444444444287e+01 1.500000000000000000e+01
2.000000000000000000e+00 2.619439868204283428e+01 2.777777777777777857e+01 4.166666666666667140e+01 1.000000000000000000e+01
3.000000000000000000e+00 2.598846787479406828e+01 2.777777777777777857e+01 4.722222222222222854e+01 1.000000000000000000e+01
4.000000000000000000e+00 2.384678747940692034e+01 3.611111111111110716e+01 2.777777777777777857e+01 1.300000000000000000e+01
5.000000000000000000e+00 2.401153212520593172e+01 1.944444444444444642e+01 3.333333333333332860e+01 7.000000000000000000e+00
6.000000000000000000e+00 2.100494233937396871e+01 3.055555555555555358e+01 2.777777777777777857e+01 1.100000000000000000e+01
7.000000000000000000e+00 2.125205930807248933e+01 2.777777777777777857e+01 2.500000000000000000e+01 1.000000000000000000e+01
8.000000000000000000e+00 2.034596375617792319e+01 4.722222222222222854e+01 2.500000000000000000e+01 1.700000000000000000e+01
9.000000000000000000e+00 2.125205930807248933e+01 4.166666666666667140e+01 2.777777777777777857e+01 1.500000000000000000e+01
1.000000000000000000e+01 1.985172981878088905e+01 4.722222222222222854e+01 3.333333333333332860e+01 1.700000000000000000e+01
1.100000000000000000e+01 2.022240527182866643e+01 3.333333333333332860e+01 3.055555555555555358e+01 1.200000000000000000e+01
1.200000000000000000e+01 1.832784184514003201e+01 3.888888888888889284e+01 4.444444444444444287e+01 1.400000000000000000e+01
1.300000000000000000e+01 1.841021416803953770e+01 3.888888888888889284e+01 2.222222222222222143e+01 1.400000000000000000e+01
1.400000000000000000e+01 1.906919275123558322e+01 3.888888888888889284e+01 8.333333333333332149e+00 1.400000000000000000e+01
1.500000000000000000e+01 1.873970345963756046e+01 3.333333333333332860e+01 1.388888888888888928e+01 1.200000000000000000e+01
1.600000000000000000e+01 1.857495881383854908e+01 3.333333333333332860e+01 1.111111111111111072e+01 1.200000000000000000e+01
1.700000000000000000e+01 1.725700164744645804e+01 3.055555555555555358e+01 1.944444444444444642e+01 1.100000000000000000e+01
1.800000000000000000e+01 1.742174629324546942e+01 1.944444444444444642e+01 1.666666666666666430e+01 7.000000000000000000e+00
1.900000000000000000e+01 1.688632619439868066e+01 1.666666666666666430e+01 2.500000000000000000e+01 6.000000000000000000e+00
2.000000000000000000e+01 1.742174629324546942e+01 1.944444444444444642e+01 2.222222222222222143e+01 7.000000000000000000e+00
2.100000000000000000e+01 1.622734761120263514e+01 2.777777777777777857e+01 2.777777777777777857e+01 1.000000000000000000e+01
2.200000000000000000e+01 1.560955518945634246e+01 2.222222222222222143e+01 2.777777777777777857e+01 8.000000000000000000e+00
2.300000000000000000e+01 1.457990115321252134e+01 3.055555555555555358e+01 3.055555555555555358e+01 1.100000000000000000e+01
2.400000000000000000e+01 1.420922570016474573e+01 2.777777777777777857e+01 3.055555555555555358e+01 1.000000000000000000e+01
2.500000000000000000e+01 1.313838550247116999e+01 3.888888888888889284e+01 3.611111111111110716e+01 1.400000000000000000e+01
2.600000000000000000e+01 1.289126853377265114e+01 2.222222222222222143e+01 3.055555555555555358e+01 8.000000000000000000e+00
2.700000000000000000e+01 1.400329489291597973e+01 2.777777777777777857e+01 2.777777777777777857e+01 1.000000000000000000e+01
2.800000000000000000e+01 1.219110378912685277e+01 3.055555555555555358e+01 2.500000000000000000e+01 1.100000000000000000e+01
2.900000000000000000e+01 1.330313014827018137e+01 2.777777777777777857e+01 2.500000000000000000e+01 1.000000000000000000e+01
3.000000000000000000e+01 1.206754530477759602e+01 2.777777777777777857e+01 3.333333333333332860e+01 1.000000000000000000e+01
3.100000000000000000e+01 1.387973640856671942e+01 3.055555555555555358e+01 1.944444444444444642e+01 1.100000000000000000e+01
3.200000000000000000e+01 1.359143327841845306e+01 1.666666666666666430e+01 2.222222222222222143e+01 6.000000000000000000e+00
3.300000000000000000e+01 1.618616144975288407e+01 5.555555555555555358e+00 1.388888888888888928e+01 2.000000000000000000e+00
3.400000000000000000e+01 1.445634266886326103e+01 0.000000000000000000e+00 1.944444444444444642e+01 -6.000000000000000000e+03
