# step, world, group,control
0.000000000000000000e+00 2.532948929159802276e+01 4.166666666666667140e+01 3.055555555555555358e+01 1.500000000000000000e+01
1.000000000000000000e+00 2.578253706754530228e+01 2.777777777777777857e+01 2.222222222222222143e+01 1.000000000000000000e+01
2.000000000000000000e+00 2.055189456342668919e+01 4.166666666666667140e+01 4.166666666666667140e+01 1.500000000000000000e+01
3.000000000000000000e+00 2.051070840197693457e+01 3.055555555555555358e+01 2.500000000000000000e+01 1.100000000000000000e+01
4.000000000000000000e+00 2.129324546952224040e+01 3.888888888888889284e+01 1.944444444444444642e+01 1.400000000000000000e+01
5.000000000000000000e+00 1.943986820428336060e+01 3.888888888888889284e+01 2.222222222222222143e+01 1.400000000000000000e+01
6.000000000000000000e+00 1.878088962108731508e+01 4.166666666666667140e+01 1.944444444444444642e+01 1.500000000000000000e+01
7.000000000000000000e+00 2.018121911037891181e+01 3.055555555555555358e+01 2.222222222222222143e+01 1.100000000000000000e+01
8.000000000000000000e+00 1.803953871499176387e+01 4.444444444444444287e+01 2.500000000000000000e+01 1.600000000000000000e+01
9.000000000000000000e+00 1.824546952224052632e+01 2.500000000000000000e+01 2.777777777777777857e+01 9.000000000000000000e+00
1.000000000000000000e+01 1.898682042833607753e+01 2.777777777777777857e+01 2.777777777777777857e+01 1.000000000000000000e+01
1.100000000000000000e+01 1.832784184514003201e+01 3.611111111111110716e+01 3.888888888888889284e+01 1.300000000000000000e+01
1.200000000000000000e+01 1.808072487644151494e+01 3.611111111111110716e+01 2.777777777777777857e+01 1.300000000000000000e+01
1.300000000000000000e+01 1.700988467874794097e+01 4.444444444444444287e+01 3.055555555555555358e+01 1.600000000000000000e+01
1.400000000000000000e+01 1.647446457990115221e+01 3.611111111111110716e+01 1.944444444444444642e+01 1.300000000000000000e+01
1.500000000000000000e+01 1.733937397034596373e+01 4.722222222222222854e+01 2.777777777777777857e+01 1.700000000000000000e+01
1.600000000000000000e+01 1.688632619439868066e+01 3.611111111111110716e+01 1.666666666666666430e+01 1.300000000000000000e+01
1.700000000000000000e+01 1.659802306425041252e+01 3.333333333333332860e+01 2.500000000000000000e+01 1.200000000000000000e+01
1.800000000000000000e+01 1.523887973640856686e+01 4.722222222222222854e+01 3.333333333333332860e+01 1.700000000000000000e+01
1.900000000000000000e+01 1.581548599670510669e+01 3.611111111111110716e+01 2.777777777777777857e+01 1.300000000000000000e+01
2.000000000000000000e+01 1.688632619439868066e+01 1.666666666666666430e+01 2.777777777777777857e+01 6.000000000000000000e+00
2.100000000000000000e+01 1.663920922570016359e+01 2.500000000000000000e+01 3.055555555555555358e+01 9.000000000000000000e+00
2.200000000000000000e+01 1.581548599670510669e+01 3.333333333333332860e+01 3.333333333333332860e+01 1.200000000000000000e+01
2.300000000000000000e+01 1.540362438220757824e+01 5.277777777777777857e+01 3.055555555555555358e+01 1.900000000000000000e+01
2.400000000000000000e+01 1.532125205930807077e+01 3.611111111111110716e+01 4.722222222222222854e+01 1.300000000000000000e+01
2.500000000000000000e+01 1.552718286655683855e+01 1.944444444444444642e+01 3.333333333333332860e+01 7.000000000000000000e+00
2.600000000000000000e+01 1.565074135090609531e+01 2.500000000000000000e+01 3.333333333333332860e+01 9.000000000000000000e+00
2.700000000000000000e+01 1.668039538714991821e+01 2.222222222222222143e+01 3.611111111111110716e+01 8.000000000000000000e+00
2.800000000000000000e+01 1.511532125205930832e+01 3.333333333333332860e+01 1.944444444444444642e+01 1.200000000000000000e+01
2.900000000000000000e+01 1.635090609555189545e+01 3.333333333333332860e+01 1.944444444444444642e+01 1.200000000000000000e+01
3.000000000000000000e+01 1.536243822075782717e+01 3.611111111111110716e+01 3.611111111111110716e+01 1.300000000000000000e+01
3.100000000000000000e+01 1.651565074135090683e+01 3.611111111111110716e+01 2.500000000000000000e+01 1.300000000000000000e+01
3.200000000000000000e+01 1.540362438220757824e+01 2.777777777777777857e+01 3.333333333333332860e+01 1.000000000000000000e+01
3.300000000000000000e+01 1.725700164744645804e+01 3.333333333333332860e+01 3.333333333333332860e+01 1.200000000000000000e+01
3.400000000000000000e+01 1.515650741350905939e+01 3.055555555555555358e+01 3.055555555555555358e+01 1.100000000000000000e+01
3.500000000000000000e+01 1.536243822075782717e+01 2.777777777777777857e+01 3.611111111111110716e+01 1.000000000000000000e+01
3.600000000000000000e+01 1.445634266886326103e+01 3.611111111111110716e+01 3.611111111111110716e+01 1.300000000000000000e+01
3.700000000000000000e+01 1.474464579901153272e+01 3.333333333333332860e+01 3.333333333333332860e+01 1.200000000000000000e+01
3.800000000000000000e+01 1.511532125205930832e+01 3.333333333333332860e+01 3.055555555555555358e+01 1.200000000000000000e+01
3.900000000000000000e+01 1.499176276771004801e+01 5.833333333333333570e+01 3.333333333333332860e+01 2.100000000000000000e+01
4.000000000000000000e+01 1.705107084019769204e+01 2.222222222222222143e+01 3.333333333333332860e+01 8.000000000000000000e+00
4.100000000000000000e+01 1.515650741350905939e+01 2.500000000000000000e+01 4.444444444444444287e+01 9.000000000000000000e+00
4.200000000000000000e+01 1.610378912685337838e+01 2.777777777777777857e+01 2.777777777777777857e+01 1.000000000000000000e+01
4.300000000000000000e+01 1.585667215815486131e+01 1.666666666666666430e+01 3.333333333333332860e+01 6.000000000000000000e+00
4.400000000000000000e+01 1.626853377265238976e+01 3.055555555555555358e+01 3.333333333333332860e+01 1.100000000000000000e+01
4.500000000000000000e+01 1.598023064250411807e+01 3.888888888888889284e+01 4.166666666666667140e+01 1.400000000000000000e+01
4.600000000000000000e+01 1.672158154859966928e+01 2.222222222222222143e+01 5.000000000000000000e+01 8.000000000000000000e+00
4.700000000000000000e+01 1.540362438220757824e+01 3.333333333333332860e+01 3.611111111111110716e+01 1.200000000000000000e+01
4.800000000000000000e+01 1.589785831960461238e+01 3.611111111111110716e+01 3.333333333333332860e+01 1.300000000000000000e+01
4.900000000000000000e+01 1.396210873146622689e+01 6.944444444444445708e+01 4.444444444444444287e+01 2.500000000000000000e+01
5.000000000000000000e+01 1.581548599670510669e+01 1.388888888888888928e+01 3.055555555555555358e+01 5.000000000000000000e+00
5.100000000000000000e+01 1.478583196046128556e+01 1.388888888888888928e+01 3.888888888888889284e+01 5.000000000000000000e+00
5.200000000000000000e+01 1.416803953871499111e+01 1.944444444444444642e+01 3.888888888888889284e+01 7.000000000000000000e+00
5.300000000000000000e+01 1.462108731466227241e+01 1.388888888888888928e+01 4.166666666666667140e+01 5.000000000000000000e+00
5.400000000000000000e+01 1.565074135090609531e+01 1.666666666666666430e+01 2.222222222222222143e+01 6.000000000000000000e+00
5.500000000000000000e+01 1.523887973640856686e+01 1.111111111111111072e+01 2.777777777777777857e+01 4.000000000000000000e+00
5.600000000000000000e+01 1.346787479406919275e+01 1.666666666666666430e+01 3.333333333333332860e+01 6.000000000000000000e+00
5.700000000000000000e+01 1.453871499176276849e+01 1.388888888888888928e+01 3.055555555555555358e+01 5.000000000000000000e+00
5.800000000000000000e+01 1.387973640856671942e+01 5.555555555555555358e+00 1.944444444444444642e+01 2.000000000000000000e+00
5.900000000000000000e+01 1.404448105436573435e+01 1.111111111111111072e+01 8.333333333333332149e+00 4.000000000000000000e+00
6.000000000000000000e+01 1.317957166392092283e+01 1.388888888888888928e+01 1.111111111111111072e+01 5.000000000000000000e+00
6.100000000000000000e+01 1.363261943986820413e+01 1.388888888888888928e+01 1.111111111111111072e+01 5.000000000000000000e+00
6.200000000000000000e+01 1.396210873146622689e+01 2.222222222222222143e+01 1.666666666666666430e+01 8.000000000000000000e+00
6.300000000000000000e+01 1.338550247116968528e+01 2.222222222222222143e+01 1.388888888888888928e+01 8.000000000000000000e+00
6.400000000000000000e+01 1.317957166392092283e+01 1.388888888888888928e+01 2.500000000000000000e+01 5.000000000000000000e+00
6.500000000000000000e+01 1.371499176276770804e+01 1.388888888888888928e+01 1.666666666666666430e+01 5.000000000000000000e+00
6.600000000000000000e+01 1.202635914332784139e+01 1.388888888888888928e+01 2.222222222222222143e+01 5.000000000000000000e+00
6.700000000000000000e+01 1.223228995057660740e+01 1.388888888888888928e+01 2.222222222222222143e+01 5.000000000000000000e+00
6.800000000000000000e+01 9.514003294892916074e+00 8.333333333333332149e+00 3.333333333333332860e+01 3.000000000000000000e+00
6.900000000000000000e+01 9.019769357495881934e+00 1.944444444444444642e+01 2.222222222222222143e+01 7.000000000000000000e+00
7.000000000000000000e+01 9.184514003294893314e+00 1.666666666666666430e+01 2.222222222222222143e+01 6.000000000000000000e+00
7.100000000000000000e+01 8.484349258649094949e+00 1.388888888888888928e+01 1.944444444444444642e+01 5.000000000000000000e+00
7.200000000000000000e+01 7.660626029654035385e+00 8.333333333333332149e+00 1.666666666666666430e+01 3.000000000000000000e+00
7.300000000000000000e+01 7.537067545304777738e+00 1.111111111111111072e+01 1.388888888888888928e+01 4.000000000000000000e+00
7.400000000000000000e+01 7.166392092257001245e+00 1.111111111111111072e+01 1.666666666666666430e+01 4.000000000000000000e+00
7.500000000000000000e+01 7.166392092257001245e+00 2.222222222222222143e+01 1.666666666666666430e+01 8.000000000000000000e+00
7.600000000000000000e+01 6.960461285008237908e+00 1.944444444444444642e+01 1.666666666666666430e+01 7.000000000000000000e+00
7.700000000000000000e+01 8.072487644151564723e+00 2.222222222222222143e+01 1.111111111111111072e+01 8.000000000000000000e+00
7.800000000000000000e+01 7.701812191103789118e+00 2.222222222222222143e+01 1.388888888888888928e+01 8.000000000000000000e+00
7.900000000000000000e+01 8.937397034596376244e+00 1.944444444444444642e+01 1.944444444444444642e+01 7.000000000000000000e+00
8.000000000000000000e+01 8.319604612850081793e+00 2.777777777777777857e+01 5.555555555555555358e+00 1.000000000000000000e+01
8.100000000000000000e+01 9.719934102141680299e+00 1.944444444444444642e+01 0.000000000000000000e+00 7.000000000000000000e+00
8.200000000000000000e+01 9.019769357495881934e+00 1.388888888888888928e+01 2.777777777777777679e+00 5.000000000000000000e+00
8.300000000000000000e+01 9.637561779242174609e+00 2.222222222222222143e+01 0.000000000000000000e+00 8.000000000000000000e+00
8.400000000000000000e+01 9.266886326194399004e+00 1.944444444444444642e+01 0.000000000000000000e+00 7.000000000000000000e+00
8.500000000000000000e+01 9.349258649093904694e+00 3.055555555555555358e+01 0.000000000000000000e+00 1.100000000000000000e+01
8.600000000000000000e+01 9.802306425041185989e+00 1.388888888888888928e+01 0.000000000000000000e+00 5.000000000000000000e+00
8.700000000000000000e+01 1.000823723228995021e+01 1.388888888888888928e+01 0.000000000000000000e+00 5.000000000000000000e+00
8.800000000000000000e+01 1.149093904448105441e+01 1.388888888888888928e+01 0.000000000000000000e+00 5.000000000000000000e+00
8.900000000000000000e+01 1.037891268533772759e+01 1.944444444444444642e+01 0.000000000000000000e+00 7.000000000000000000e+00
9.000000000000000000e+01 1.095551894563426742e+01 1.944444444444444642e+01 0.000000000000000000e+00 7.000000000000000000e+00
9.100000000000000000e+01 1.087314662273476173e+01 1.111111111111111072e+01 0.000000000000000000e+00 4.000000000000000000e+00
9.200000000000000000e+01 1.029654036243822013e+01 1.666666666666666430e+01 2.777777777777777679e+00 6.000000000000000000e+00
9.300000000000000000e+01 9.843492586490938834e+00 1.388888888888888928e+01 8.333333333333332149e+00 5.000000000000000000e+00
9.400000000000000000e+01 1.021416803953871444e+01 1.944444444444444642e+01 8.333333333333332149e+00 7.000000000000000000e+00
9.500000000000000000e+01 9.555189456342668919e+00 1.666666666666666430e+01 1.111111111111111072e+01 6.000000000000000000e+00
9.600000000000000000e+01 9.719934102141680299e+00 1.666666666666666430e+01 1.111111111111111072e+01 6.000000000000000000e+00
9.700000000000000000e+01 9.143327841845140469e+00 1.944444444444444642e+01 2.500000000000000000e+01 7.000000000000000000e+00
9.800000000000000000e+01 8.525535420098846018e+00 2.500000000000000000e+01 8.333333333333332149e+00 9.000000000000000000e+00
9.900000000000000000e+01 8.113673805601317568e+00 3.333333333333332860e+01 5.555555555555555358e+00 1.200000000000000000e+01
1.000000000000000000e+02 8.031301482701811878e+00 2.777777777777777857e+01 8.333333333333332149e+00 1.000000000000000000e+01
1.010000000000000000e+02 7.454695222405272048e+00 3.611111111111110716e+01 8.333333333333332149e+00 1.300000000000000000e+01
1.020000000000000000e+02 6.836902800658978485e+00 4.444444444444444287e+01 8.333333333333332149e+00 1.600000000000000000e+01
1.030000000000000000e+02 7.042833607907743598e+00 2.222222222222222143e+01 8.333333333333332149e+00 8.000000000000000000e+00
1.040000000000000000e+02 6.919275123558484175e+00 2.777777777777777857e+01 8.333333333333332149e+00 1.000000000000000000e+01
1.050000000000000000e+02 8.772652388797364864e+00 1.111111111111111072e+01 5.555555555555555358e+00 4.000000000000000000e+00
1.060000000000000000e+02 7.578253706754529695e+00 1.666666666666666430e+01 5.555555555555555358e+00 6.000000000000000000e+00
1.070000000000000000e+02 7.990115321252059033e+00 1.111111111111111072e+01 5.555555555555555358e+00 4.000000000000000000e+00
1.080000000000000000e+02 7.701812191103789118e+00 2.222222222222222143e+01 5.555555555555555358e+00 8.000000000000000000e+00
1.090000000000000000e+02 8.113673805601317568e+00 2.222222222222222143e+01 1.111111111111111072e+01 8.000000000000000000e+00
1.100000000000000000e+02 8.525535420098846018e+00 2.777777777777777857e+01 5.555555555555555358e+00 1.000000000000000000e+01
1.110000000000000000e+02 7.866556836902800498e+00 2.500000000000000000e+01 5.555555555555555358e+00 9.000000000000000000e+00
1.120000000000000000e+02 8.731466227347612019e+00 2.777777777777777857e+01 5.555555555555555358e+00 1.000000000000000000e+01
1.130000000000000000e+02 8.566721581548600639e+00 3.888888888888889284e+01 5.555555555555555358e+00 1.400000000000000000e+01
1.140000000000000000e+02 8.649093904448106329e+00 3.055555555555555358e+01 5.555555555555555358e+00 1.100000000000000000e+01
1.150000000000000000e+02 9.225700164744646159e+00 1.388888888888888928e+01 5.555555555555555358e+00 5.000000000000000000e+00
1.160000000000000000e+02 8.690280065897857398e+00 1.388888888888888928e+01 5.555555555555555358e+00 5.000000000000000000e+00
1.170000000000000000e+02 9.431630971993410384e+00 1.111111111111111072e+01 8.333333333333332149e+00 4.000000000000000000e+00
1.180000000000000000e+02 8.813838550247117709e+00 1.111111111111111072e+01 1.388888888888888928e+01 4.000000000000000000e+00
1.190000000000000000e+02 9.102141680395387624e+00 1.111111111111111072e+01 1.111111111111111072e+01 4.000000000000000000e+00
1.200000000000000000e+02 8.978583196046129089e+00 1.666666666666666430e+01 5.555555555555555358e+00 6.000000000000000000e+00
1.210000000000000000e+02 8.731466227347612019e+00 1.666666666666666430e+01 5.555555555555555358e+00 6.000000000000000000e+00
1.220000000000000000e+02 8.278418451400328948e+00 1.944444444444444642e+01 2.777777777777777679e+00 7.000000000000000000e+00
1.230000000000000000e+02 8.072487644151564723e+00 2.777777777777777857e+01 2.777777777777777679e+00 1.000000000000000000e+01
1.240000000000000000e+02 8.113673805601317568e+00 3.333333333333332860e+01 5.555555555555555358e+00 1.200000000000000000e+01
1.250000000000000000e+02 8.401976935749589259e+00 2.777777777777777857e+01 5.555555555555555358e+00 1.000000000000000000e+01
1.260000000000000000e+02 8.937397034596376244e+00 2.777777777777777857e+01 8.333333333333332149e+00 1.000000000000000000e+01
1.270000000000000000e+02 8.484349258649094949e+00 3.611111111111110716e+01 1.111111111111111072e+01 1.300000000000000000e+01
1.280000000000000000e+02 9.060955518945634779e+00 2.500000000000000000e+01 1.666666666666666430e+01 9.000000000000000000e+00
1.290000000000000000e+02 9.225700164744646159e+00 3.055555555555555358e+01 1.111111111111111072e+01 1.100000000000000000e+01
1.300000000000000000e+02 9.678747940691927454e+00 2.500000000000000000e+01 1.944444444444444642e+01 9.000000000000000000e+00
1.310000000000000000e+02 1.042009884678747866e+01 2.222222222222222143e+01 1.388888888888888928e+01 8.000000000000000000e+00
1.320000000000000000e+02 9.431630971993410384e+00 3.055555555555555358e+01 2.777777777777777857e+01 1.100000000000000000e+01
1.330000000000000000e+02 9.637561779242174609e+00 3.055555555555555358e+01 2.500000000000000000e+01 1.100000000000000000e+01
1.340000000000000000e+02 1.050247116968698435e+01 3.055555555555555358e+01 3.333333333333332860e+01 1.100000000000000000e+01
1.350000000000000000e+02 1.021416803953871444e+01 1.666666666666666430e+01 1.944444444444444642e+01 6.000000000000000000e+00
1.360000000000000000e+02 9.472817133443163229e+00 1.388888888888888928e+01 2.777777777777777857e+01 5.000000000000000000e+00
1.370000000000000000e+02 9.637561779242174609e+00 1.944444444444444642e+01 3.055555555555555358e+01 7.000000000000000000e+00
1.380000000000000000e+02 9.925864909390444524e+00 1.388888888888888928e+01 1.944444444444444642e+01 5.000000000000000000e+00
1.390000000000000000e+02 8.607907742998351708e+00 1.666666666666666430e+01 2.500000000000000000e+01 6.000000000000000000e+00
1.400000000000000000e+02 8.566721581548600639e+00 1.944444444444444642e+01 2.222222222222222143e+01 7.000000000000000000e+00
1.410000000000000000e+02 8.772652388797364864e+00 2.777777777777777857e+01 2.777777777777777857e+01 1.000000000000000000e+01
1.420000000000000000e+02 8.237232289950576103e+00 2.777777777777777857e+01 2.500000000000000000e+01 1.000000000000000000e+01
1.430000000000000000e+02 8.525535420098846018e+00 2.500000000000000000e+01 2.777777777777777857e+01 9.000000000000000000e+00
1.440000000000000000e+02 8.813838550247117709e+00 2.777777777777777857e+01 1.944444444444444642e+01 1.000000000000000000e+01
1.450000000000000000e+02 8.072487644151564723e+00 2.777777777777777857e+01 2.500000000000000000e+01 1.000000000000000000e+01
1.460000000000000000e+02 8.401976935749589259e+00 2.500000000000000000e+01 2.777777777777777857e+01 9.000000000000000000e+00
1.470000000000000000e+02 7.907742998352553343e+00 3.611111111111110716e+01 2.777777777777777857e+01 1.300000000000000000e+01
1.480000000000000000e+02 6.919275123558484175e+00 4.722222222222222854e+01 1.944444444444444642e+01 1.700000000000000000e+01
1.490000000000000000e+02 7.578253706754529695e+00 3.055555555555555358e+01 2.222222222222222143e+01 1.100000000000000000e+01
1.500000000000000000e+02 8.607907742998351708e+00 2.222222222222222143e+01 1.111111111111111072e+01 8.000000000000000000e+00
1.510000000000000000e+02 7.701812191103789118e+00 4.166666666666667140e+01 1.388888888888888928e+01 1.500000000000000000e+01
1.520000000000000000e+02 8.525535420098846018e+00 3.333333333333332860e+01 1.666666666666666430e+01 1.200000000000000000e+01
1.530000000000000000e+02 7.866556836902800498e+00 4.444444444444444287e+01 1.666666666666666430e+01 1.600000000000000000e+01
1.540000000000000000e+02 8.319604612850081793e+00 2.222222222222222143e+01 1.666666666666666430e+01 8.000000000000000000e+00
1.550000000000000000e+02 8.401976935749589259e+00 1.666666666666666430e+01 2.500000000000000000e+01 6.000000000000000000e+00
1.560000000000000000e+02 7.660626029654035385e+00 1.944444444444444642e+01 1.666666666666666430e+01 7.000000000000000000e+00
1.570000000000000000e+02 7.331136738056012625e+00 1.666666666666666430e+01 1.944444444444444642e+01 6.000000000000000000e+00
1.580000000000000000e+02 7.825370675453047653e+00 1.944444444444444642e+01 1.944444444444444642e+01 7.000000000000000000e+00
1.590000000000000000e+02 7.537067545304777738e+00 3.055555555555555358e+01 2.500000000000000000e+01 1.100000000000000000e+01
1.600000000000000000e+02 6.630971993410214260e+00 2.222222222222222143e+01 1.388888888888888928e+01 8.000000000000000000e+00
1.610000000000000000e+02 5.848434925864909317e+00 5.555555555555555713e+01 1.944444444444444642e+01 2.000000000000000000e+01
1.620000000000000000e+02 6.260296540362437767e+00 1.666666666666666430e+01 2.500000000000000000e+01 6.000000000000000000e+00
1.630000000000000000e+02 6.219110378912684922e+00 1.111111111111111072e+01 1.666666666666666430e+01 4.000000000000000000e+00
1.640000000000000000e+02 6.054365733113673542e+00 8.333333333333332149e+00 3.055555555555555358e+01 3.000000000000000000e+00
1.650000000000000000e+02 6.383855024711697190e+00 1.111111111111111072e+01 1.666666666666666430e+01 4.000000000000000000e+00
1.660000000000000000e+02 7.042833607907743598e+00 1.388888888888888928e+01 1.944444444444444642e+01 5.000000000000000000e+00
1.670000000000000000e+02 7.207578253706754978e+00 2.222222222222222143e+01 1.944444444444444642e+01 8.000000000000000000e+00
1.680000000000000000e+02 6.795716639209226528e+00 2.777777777777777857e+01 1.944444444444444642e+01 1.000000000000000000e+01
1.690000000000000000e+02 7.125205930807249288e+00 1.944444444444444642e+01 2.222222222222222143e+01 7.000000000000000000e+00
1.700000000000000000e+02 6.507413509060954837e+00 2.777777777777777857e+01 2.777777777777777857e+01 1.000000000000000000e+01
1.710000000000000000e+02 6.713344316309719950e+00 1.666666666666666430e+01 1.944444444444444642e+01 6.000000000000000000e+00
1.720000000000000000e+02 6.836902800658978485e+00 2.500000000000000000e+01 2.500000000000000000e+01 9.000000000000000000e+00
1.730000000000000000e+02 6.919275123558484175e+00 1.388888888888888928e+01 2.222222222222222143e+01 5.000000000000000000e+00
1.740000000000000000e+02 6.754530477759472795e+00 1.388888888888888928e+01 1.944444444444444642e+01 5.000000000000000000e+00
1.750000000000000000e+02 6.301482701812191500e+00 1.111111111111111072e+01 2.222222222222222143e+01 4.000000000000000000e+00
1.760000000000000000e+02 5.889621087314662162e+00 1.944444444444444642e+01 2.222222222222222143e+01 7.000000000000000000e+00
1.770000000000000000e+02 5.601317957166392247e+00 2.777777777777777857e+01 1.111111111111111072e+01 1.000000000000000000e+01
1.780000000000000000e+02 5.024711696869851529e+00 2.777777777777777857e+01 1.111111111111111072e+01 1.000000000000000000e+01
1.790000000000000000e+02 5.065897858319604374e+00 3.611111111111110716e+01 1.388888888888888928e+01 1.300000000000000000e+01
1.800000000000000000e+02 5.395387149917628022e+00 3.055555555555555358e+01 8.333333333333332149e+00 1.100000000000000000e+01
1.810000000000000000e+02 5.971993410214167852e+00 3.055555555555555358e+01 1.111111111111111072e+01 1.100000000000000000e+01
1.820000000000000000e+02 5.107084019769357219e+00 3.055555555555555358e+01 1.666666666666666430e+01 1.100000000000000000e+01
1.830000000000000000e+02 5.477759472817133712e+00 3.055555555555555358e+01 1.111111111111111072e+01 1.100000000000000000e+01
1.840000000000000000e+02 5.271828665568369487e+00 3.055555555555555358e+01 1.111111111111111072e+01 1.100000000000000000e+01
1.850000000000000000e+02 5.354200988467875177e+00 2.222222222222222143e+01 1.388888888888888928e+01 8.000000000000000000e+00
1.860000000000000000e+02 5.395387149917628022e+00 1.944444444444444642e+01 8.333333333333332149e+00 7.000000000000000000e+00
1.870000000000000000e+02 5.271828665568369487e+00 2.222222222222222143e+01 5.555555555555555358e+00 8.000000000000000000e+00
1.880000000000000000e+02 5.642504118616145092e+00 2.222222222222222143e+01 0.000000000000000000e+00 8.000000000000000000e+00
1.890000000000000000e+02 5.230642504118616642e+00 3.333333333333332860e+01 0.000000000000000000e+00 1.200000000000000000e+01
1.900000000000000000e+02 5.683690280065897937e+00 2.777777777777777857e+01 0.000000000000000000e+00 1.000000000000000000e+01
1.910000000000000000e+02 4.695222405271828769e+00 4.444444444444444287e+01 0.000000000000000000e+00 1.600000000000000000e+01
1.920000000000000000e+02 5.601317957166392247e+00 3.055555555555555358e+01 0.000000000000000000e+00 1.100000000000000000e+01
1.930000000000000000e+02 5.354200988467875177e+00 3.333333333333332860e+01 0.000000000000000000e+00 1.200000000000000000e+01
1.940000000000000000e+02 5.642504118616145092e+00 3.055555555555555358e+01 0.000000000000000000e+00 1.100000000000000000e+01
1.950000000000000000e+02 5.518945634266886557e+00 2.500000000000000000e+01 0.000000000000000000e+00 9.000000000000000000e+00
1.960000000000000000e+02 5.724876441515650782e+00 2.500000000000000000e+01 0.000000000000000000e+00 9.000000000000000000e+00
1.970000000000000000e+02 5.766062602965403627e+00 3.611111111111110716e+01 0.000000000000000000e+00 1.300000000000000000e+01
1.980000000000000000e+02 5.971993410214167852e+00 1.944444444444444642e+01 0.000000000000000000e+00 7.000000000000000000e+00
1.990000000000000000e+02 6.589785831960461415e+00 1.666666666666666430e+01 0.000000000000000000e+00 6.000000000000000000e+00
2.000000000000000000e+02 6.342668863261943457e+00 1.111111111111111072e+01 0.000000000000000000e+00 4.000000000000000000e+00
2.010000000000000000e+02 6.754530477759472795e+00 5.555555555555555358e+00 0.000000000000000000e+00 2.000000000000000000e+00
2.020000000000000000e+02 6.836902800658978485e+00 5.555555555555555358e+00 0.000000000000000000e+00 2.000000000000000000e+00
2.030000000000000000e+02 7.660626029654035385e+00 5.555555555555555358e+00 0.000000000000000000e+00 2.000000000000000000e+00
2.040000000000000000e+02 7.001647446457989865e+00 0.000000000000000000e+00 0.000000000000000000e+00 -6.000000000000000000e+03
