# step, world, group,control
0.000000000000000000e+00 2.742998352553541608e+01 3.055555555555555358e+01 1.944444444444444642e+01 1.100000000000000000e+01
1.000000000000000000e+00 2.467051070840197724e+01 3.055555555555555358e+01 5.555555555555555358e+00 1.100000000000000000e+01
2.000000000000000000e+00 2.590609555189456614e+01 3.333333333333332860e+01 8.333333333333332149e+00 1.200000000000000000e+01
3.000000000000000000e+00 2.405271828665568279e+01 4.166666666666667140e+01 1.111111111111111072e+01 1.500000000000000000e+01
4.000000000000000000e+00 2.351729818780889758e+01 3.333333333333332860e+01 1.111111111111111072e+01 1.200000000000000000e+01
5.000000000000000000e+00 2.355848434925864865e+01 4.722222222222222854e+01 8.333333333333332149e+00 1.700000000000000000e+01
6.000000000000000000e+00 2.281713344316309744e+01 2.777777777777777857e+01 5.555555555555555358e+00 1.000000000000000000e+01
7.000000000000000000e+00 2.252883031301482930e+01 3.888888888888889284e+01 5.555555555555555358e+00 1.400000000000000000e+01
8.000000000000000000e+00 2.191103789126853485e+01 2.222222222222222143e+01 0.000000000000000000e+00 8.000000000000000000e+00
9.000000000000000000e+00 2.067545304777594595e+01 4.166666666666667140e+01 0.000000000000000000e+00 1.500000000000000000e+01
1.000000000000000000e+01 2.141680395387150071e+01 3.888888888888889284e+01 0.000000000000000000e+00 1.400000000000000000e+01
1.100000000000000000e+01 2.038714991762767781e+01 4.722222222222222854e+01 2.777777777777777679e+00 1.700000000000000000e+01
1.200000000000000000e+01 2.014003294892916074e+01 2.777777777777777857e+01 2.777777777777777679e+00 1.000000000000000000e+01
1.300000000000000000e+01 2.026359143327841750e+01 4.166666666666667140e+01 0.000000000000000000e+00 1.500000000000000000e+01
1.400000000000000000e+01 2.026359143327841750e+01 3.055555555555555358e+01 0.000000000000000000e+00 1.100000000000000000e+01
1.500000000000000000e+01 2.001647446457990043e+01 2.500000000000000000e+01 0.000000000000000000e+00 9.000000000000000000e+00
1.600000000000000000e+01 2.022240527182866643e+01 3.055555555555555358e+01 0.000000000000000000e+00 1.100000000000000000e+01
1.700000000000000000e+01 1.857495881383854908e+01 3.611111111111110716e+01 0.000000000000000000e+00 1.300000000000000000e+01
1.800000000000000000e+01 1.878088962108731508e+01 1.388888888888888928e+01 0.000000000000000000e+00 5.000000000000000000e+00
1.900000000000000000e+01 1.865733113673805477e+01 0.000000000000000000e+00 0.000000000000000000e+00 -6.000000000000000000e+03
