# step, world, group,control
0.000000000000000000e+00 2.598846787479406828e+01 2.222222222222222143e+01 2.222222222222222143e+01 8.000000000000000000e+00
1.000000000000000000e+00 2.261120263591433144e+01 2.777777777777777857e+01 2.222222222222222143e+01 1.000000000000000000e+01
2.000000000000000000e+00 2.248764415156507468e+01 2.500000000000000000e+01 1.944444444444444642e+01 9.000000000000000000e+00
3.000000000000000000e+00 2.203459637561779161e+01 3.055555555555555358e+01 2.777777777777777857e+01 1.100000000000000000e+01
4.000000000000000000e+00 2.261120263591433144e+01 1.388888888888888928e+01 1.944444444444444642e+01 5.000000000000000000e+00
5.000000000000000000e+00 2.133443163097199147e+01 2.222222222222222143e+01 3.333333333333332860e+01 8.000000000000000000e+00
6.000000000000000000e+00 2.248764415156507468e+01 2.222222222222222143e+01 1.944444444444444642e+01 8.000000000000000000e+00
7.000000000000000000e+00 2.092257001647446657e+01 3.333333333333332860e+01 2.222222222222222143e+01 1.200000000000000000e+01
8.000000000000000000e+00 2.116968698517298009e+01 3.333333333333332860e+01 2.222222222222222143e+01 1.200000000000000000e+01
9.000000000000000000e+00 2.137561779242174609e+01 2.222222222222222143e+01 2.500000000000000000e+01 8.000000000000000000e+00
1.000000000000000000e+01 2.067545304777594595e+01 2.777777777777777857e+01 2.500000000000000000e+01 1.000000000000000000e+01
1.100000000000000000e+01 2.092257001647446657e+01 3.333333333333332860e+01 2.500000000000000000e+01 1.200000000000000000e+01
1.200000000000000000e+01 2.042833607907742888e+01 2.222222222222222143e+01 2.500000000000000000e+01 8.000000000000000000e+00
1.300000000000000000e+01 2.001647446457990043e+01 1.388888888888888928e+01 3.611111111111110716e+01 5.000000000000000000e+00
1.400000000000000000e+01 1.873970345963756046e+01 1.388888888888888928e+01 3.055555555555555358e+01 5.000000000000000000e+00
1.500000000000000000e+01 1.948105436573311522e+01 1.666666666666666430e+01 5.277777777777777857e+01 6.000000000000000000e+00
1.600000000000000000e+01 1.968698517298187767e+01 2.500000000000000000e+01 1.944444444444444642e+01 9.000000000000000000e+00
1.700000000000000000e+01 2.009884678747940612e+01 2.777777777777777857e+01 1.944444444444444642e+01 1.000000000000000000e+01
1.800000000000000000e+01 2.026359143327841750e+01 2.500000000000000000e+01 2.500000000000000000e+01 9.000000000000000000e+00
1.900000000000000000e+01 1.869851729818780939e+01 2.777777777777777857e+01 2.222222222222222143e+01 1.000000000000000000e+01
2.000000000000000000e+01 1.948105436573311522e+01 1.944444444444444642e+01 2.222222222222222143e+01 7.000000000000000000e+00
2.100000000000000000e+01 1.721581548599670342e+01 3.611111111111110716e+01 1.944444444444444642e+01 1.300000000000000000e+01
2.200000000000000000e+01 1.857495881383854908e+01 2.500000000000000000e+01 1.666666666666666430e+01 9.000000000000000000e+00
2.300000000000000000e+01 1.762767710049423542e+01 3.888888888888889284e+01 1.666666666666666430e+01 1.400000000000000000e+01
2.400000000000000000e+01 1.828665568369028094e+01 2.500000000000000000e+01 1.111111111111111072e+01 9.000000000000000000e+00
2.500000000000000000e+01 1.816309719934102063e+01 3.055555555555555358e+01 5.555555555555555358e+00 1.100000000000000000e+01
2.600000000000000000e+01 1.779242174629324680e+01 3.888888888888889284e+01 0.000000000000000000e+00 1.400000000000000000e+01
2.700000000000000000e+01 1.733937397034596373e+01 2.222222222222222143e+01 2.777777777777777679e+00 8.000000000000000000e+00
2.800000000000000000e+01 1.795716639209225818e+01 2.500000000000000000e+01 0.000000000000000000e+00 9.000000000000000000e+00
2.900000000000000000e+01 1.688632619439868066e+01 2.500000000000000000e+01 0.000000000000000000e+00 9.000000000000000000e+00
3.000000000000000000e+01 1.766886326194398649e+01 2.222222222222222143e+01 0.000000000000000000e+00 8.000000000000000000e+00
3.100000000000000000e+01 1.873970345963756046e+01 3.611111111111110716e+01 0.000000000000000000e+00 1.300000000000000000e+01
3.200000000000000000e+01 1.931630971993410384e+01 3.055555555555555358e+01 0.000000000000000000e+00 1.100000000000000000e+01
3.300000000000000000e+01 1.832784184514003201e+01 4.722222222222222854e+01 0.000000000000000000e+00 1.700000000000000000e+01
3.400000000000000000e+01 1.890444810543657184e+01 1.944444444444444642e+01 0.000000000000000000e+00 7.000000000000000000e+00
3.500000000000000000e+01 1.808072487644151494e+01 1.944444444444444642e+01 0.000000000000000000e+00 7.000000000000000000e+00
3.600000000000000000e+01 1.865733113673805477e+01 1.111111111111111072e+01 0.000000000000000000e+00 4.000000000000000000e+00
3.700000000000000000e+01 1.733937397034596373e+01 1.111111111111111072e+01 2.777777777777777679e+00 4.000000000000000000e+00
3.800000000000000000e+01 1.742174629324546942e+01 1.388888888888888928e+01 2.777777777777777679e+00 5.000000000000000000e+00
3.900000000000000000e+01 1.630971993410214083e+01 1.944444444444444642e+01 2.777777777777777679e+00 7.000000000000000000e+00
4.000000000000000000e+01 1.474464579901153272e+01 1.944444444444444642e+01 2.777777777777777679e+00 7.000000000000000000e+00
4.100000000000000000e+01 1.482701812191103663e+01 2.222222222222222143e+01 5.555555555555555358e+00 8.000000000000000000e+00
4.200000000000000000e+01 1.453871499176276849e+01 1.944444444444444642e+01 8.333333333333332149e+00 7.000000000000000000e+00
4.300000000000000000e+01 1.577429983525535384e+01 2.500000000000000000e+01 1.111111111111111072e+01 9.000000000000000000e+00
4.400000000000000000e+01 1.474464579901153272e+01 2.777777777777777857e+01 5.555555555555555358e+00 1.000000000000000000e+01
4.500000000000000000e+01 1.449752883031301387e+01 3.055555555555555358e+01 5.555555555555555358e+00 1.100000000000000000e+01
4.600000000000000000e+01 1.297364085667215861e+01 3.888888888888889284e+01 0.000000000000000000e+00 1.400000000000000000e+01
4.700000000000000000e+01 1.371499176276770804e+01 1.388888888888888928e+01 0.000000000000000000e+00 5.000000000000000000e+00
4.800000000000000000e+01 1.326194398682042852e+01 1.388888888888888928e+01 0.000000000000000000e+00 5.000000000000000000e+00
4.900000000000000000e+01 1.371499176276770804e+01 8.333333333333332149e+00 0.000000000000000000e+00 3.000000000000000000e+00
5.000000000000000000e+01 1.317957166392092283e+01 1.111111111111111072e+01 0.000000000000000000e+00 4.000000000000000000e+00
5.100000000000000000e+01 1.338550247116968528e+01 8.333333333333332149e+00 0.000000000000000000e+00 3.000000000000000000e+00
5.200000000000000000e+01 1.338550247116968528e+01 1.111111111111111072e+01 0.000000000000000000e+00 4.000000000000000000e+00
5.300000000000000000e+01 1.214991762767710171e+01 1.111111111111111072e+01 0.000000000000000000e+00 4.000000000000000000e+00
5.400000000000000000e+01 1.268533772652388691e+01 1.111111111111111072e+01 0.000000000000000000e+00 4.000000000000000000e+00
5.500000000000000000e+01 1.252059308072487553e+01 8.333333333333332149e+00 0.000000000000000000e+00 3.000000000000000000e+00
5.600000000000000000e+01 1.210873146622734708e+01 1.666666666666666430e+01 0.000000000000000000e+00 6.000000000000000000e+00
5.700000000000000000e+01 1.099670510708401849e+01 1.388888888888888928e+01 0.000000000000000000e+00 5.000000000000000000e+00
5.800000000000000000e+01 1.054365733113673897e+01 8.333333333333332149e+00 0.000000000000000000e+00 3.000000000000000000e+00
5.900000000000000000e+01 1.029654036243822013e+01 1.944444444444444642e+01 0.000000000000000000e+00 7.000000000000000000e+00
6.000000000000000000e+01 1.042009884678747866e+01 1.944444444444444642e+01 0.000000000000000000e+00 7.000000000000000000e+00
6.100000000000000000e+01 1.083196046128500711e+01 8.333333333333332149e+00 0.000000000000000000e+00 3.000000000000000000e+00
6.200000000000000000e+01 1.070840197693575035e+01 2.777777777777777679e+00 0.000000000000000000e+00 1.000000000000000000e+00
6.300000000000000000e+01 1.042009884678747866e+01 5.555555555555555358e+00 0.000000000000000000e+00 2.000000000000000000e+00
6.400000000000000000e+01 1.042009884678747866e+01 8.333333333333332149e+00 0.000000000000000000e+00 3.000000000000000000e+00
6.500000000000000000e+01 1.107907742998352418e+01 1.111111111111111072e+01 0.000000000000000000e+00 4.000000000000000000e+00
6.600000000000000000e+01 1.070840197693575035e+01 1.944444444444444642e+01 0.000000000000000000e+00 7.000000000000000000e+00
6.700000000000000000e+01 1.107907742998352418e+01 1.666666666666666430e+01 0.000000000000000000e+00 6.000000000000000000e+00
6.800000000000000000e+01 1.054365733113673897e+01 5.555555555555555358e+00 0.000000000000000000e+00 2.000000000000000000e+00
6.900000000000000000e+01 1.132619439868204303e+01 1.111111111111111072e+01 0.000000000000000000e+00 4.000000000000000000e+00
7.000000000000000000e+01 1.054365733113673897e+01 1.111111111111111072e+01 0.000000000000000000e+00 4.000000000000000000e+00
7.100000000000000000e+01 1.066721581548599573e+01 1.388888888888888928e+01 0.000000000000000000e+00 5.000000000000000000e+00
7.200000000000000000e+01 1.066721581548599573e+01 1.111111111111111072e+01 0.000000000000000000e+00 4.000000000000000000e+00
7.300000000000000000e+01 1.070840197693575035e+01 1.111111111111111072e+01 0.000000000000000000e+00 4.000000000000000000e+00
7.400000000000000000e+01 1.091433278418451280e+01 1.666666666666666430e+01 0.000000000000000000e+00 6.000000000000000000e+00
7.500000000000000000e+01 1.128500823723229018e+01 8.333333333333332149e+00 0.000000000000000000e+00 3.000000000000000000e+00
7.600000000000000000e+01 1.136738056013179587e+01 8.333333333333332149e+00 0.000000000000000000e+00 3.000000000000000000e+00
7.700000000000000000e+01 1.165568369028006579e+01 8.333333333333332149e+00 0.000000000000000000e+00 3.000000000000000000e+00
7.800000000000000000e+01 1.017298187808896159e+01 8.333333333333332149e+00 2.777777777777777679e+00 3.000000000000000000e+00
7.900000000000000000e+01 1.054365733113673897e+01 1.666666666666666430e+01 2.777777777777777679e+00 6.000000000000000000e+00
8.000000000000000000e+01 9.143327841845140469e+00 1.111111111111111072e+01 0.000000000000000000e+00 4.000000000000000000e+00
8.100000000000000000e+01 9.555189456342668919e+00 1.111111111111111072e+01 0.000000000000000000e+00 4.000000000000000000e+00
8.200000000000000000e+01 8.607907742998351708e+00 1.111111111111111072e+01 0.000000000000000000e+00 4.000000000000000000e+00
8.300000000000000000e+01 9.967051070840197369e+00 1.111111111111111072e+01 0.000000000000000000e+00 4.000000000000000000e+00
8.400000000000000000e+01 8.566721581548600639e+00 5.555555555555555358e+00 0.000000000000000000e+00 2.000000000000000000e+00
8.500000000000000000e+01 8.278418451400328948e+00 2.777777777777777679e+00 0.000000000000000000e+00 1.000000000000000000e+00
8.600000000000000000e+01 8.443163097199340328e+00 2.777777777777777679e+00 0.000000000000000000e+00 1.000000000000000000e+00
8.700000000000000000e+01 7.990115321252059033e+00 0.000000000000000000e+00 0.000000000000000000e+00 -6.000000000000000000e+03
