# step, world, group,control
0.000000000000000000e+00 2.648270181219110597e+01 3.333333333333332860e+01 2.222222222222222143e+01 1.200000000000000000e+01
1.000000000000000000e+00 2.162273476112026316e+01 3.888888888888889284e+01 2.777777777777777857e+01 1.400000000000000000e+01
2.000000000000000000e+00 2.224052718286655761e+01 3.611111111111110716e+01 1.944444444444444642e+01 1.300000000000000000e+01
3.000000000000000000e+00 1.997528830313014936e+01 4.444444444444444287e+01 2.777777777777777857e+01 1.600000000000000000e+01
4.000000000000000000e+00 1.981054365733113798e+01 3.888888888888889284e+01 1.944444444444444642e+01 1.400000000000000000e+01
5.000000000000000000e+00 1.906919275123558322e+01 4.166666666666667140e+01 1.944444444444444642e+01 1.500000000000000000e+01
6.000000000000000000e+00 1.906919275123558322e+01 3.055555555555555358e+01 1.388888888888888928e+01 1.100000000000000000e+01
7.000000000000000000e+00 2.001647446457990043e+01 3.611111111111110716e+01 1.388888888888888928e+01 1.300000000000000000e+01
8.000000000000000000e+00 1.812191103789126956e+01 3.611111111111110716e+01 1.666666666666666430e+01 1.300000000000000000e+01
9.000000000000000000e+00 1.766886326194398649e+01 3.333333333333332860e+01 1.666666666666666430e+01 1.200000000000000000e+01
1.000000000000000000e+01 1.668039538714991821e+01 3.611111111111110716e+01 2.222222222222222143e+01 1.300000000000000000e+01
1.100000000000000000e+01 1.762767710049423542e+01 6.111111111111110716e+01 1.944444444444444642e+01 2.200000000000000000e+01
1.200000000000000000e+01 1.692751235584843528e+01 1.111111111111111072e+01 1.944444444444444642e+01 4.000000000000000000e+00
1.300000000000000000e+01 1.676276771004942390e+01 1.944444444444444642e+01 1.944444444444444642e+01 7.000000000000000000e+00
1.400000000000000000e+01 1.519769357495881579e+01 1.666666666666666430e+01 1.111111111111111072e+01 6.000000000000000000e+00
1.500000000000000000e+01 1.470345963756177987e+01 2.777777777777777857e+01 8.333333333333332149e+00 1.000000000000000000e+01
1.600000000000000000e+01 1.425041186161449858e+01 2.222222222222222143e+01 1.111111111111111072e+01 8.000000000000000000e+00
1.700000000000000000e+01 1.330313014827018137e+01 2.777777777777777857e+01 5.555555555555555358e+00 1.000000000000000000e+01
1.800000000000000000e+01 1.387973640856671942e+01 1.666666666666666430e+01 8.333333333333332149e+00 6.000000000000000000e+00
1.900000000000000000e+01 1.330313014827018137e+01 2.777777777777777857e+01 8.333333333333332149e+00 1.000000000000000000e+01
2.000000000000000000e+01 1.355024711696869666e+01 2.222222222222222143e+01 8.333333333333332149e+00 8.000000000000000000e+00
2.100000000000000000e+01 1.289126853377265114e+01 2.222222222222222143e+01 1.111111111111111072e+01 8.000000000000000000e+00
2.200000000000000000e+01 1.264415156507413585e+01 2.500000000000000000e+01 1.388888888888888928e+01 9.000000000000000000e+00
2.300000000000000000e+01 1.206754530477759602e+01 3.055555555555555358e+01 1.111111111111111072e+01 1.100000000000000000e+01
2.400000000000000000e+01 1.276771004942339438e+01 1.944444444444444642e+01 1.111111111111111072e+01 7.000000000000000000e+00
2.500000000000000000e+01 1.289126853377265114e+01 3.333333333333332860e+01 1.388888888888888928e+01 1.200000000000000000e+01
2.600000000000000000e+01 1.301482701812190967e+01 1.666666666666666430e+01 1.388888888888888928e+01 6.000000000000000000e+00
2.700000000000000000e+01 1.210873146622734708e+01 1.111111111111111072e+01 2.500000000000000000e+01 4.000000000000000000e+00
2.800000000000000000e+01 1.198517298187809033e+01 5.555555555555555358e+00 2.222222222222222143e+01 2.000000000000000000e+00
2.900000000000000000e+01 1.033772652388797297e+01 5.555555555555555358e+00 3.333333333333332860e+01 2.000000000000000000e+00
3.000000000000000000e+01 1.136738056013179587e+01 5.555555555555555358e+00 1.388888888888888928e+01 2.000000000000000000e+00
3.100000000000000000e+01 1.116144975288303165e+01 5.555555555555555358e+00 8.333333333333332149e+00 2.000000000000000000e+00
3.200000000000000000e+01 1.173805601317957148e+01 8.333333333333332149e+00 1.111111111111111072e+01 3.000000000000000000e+00
3.300000000000000000e+01 1.219110378912685277e+01 1.944444444444444642e+01 1.111111111111111072e+01 7.000000000000000000e+00
3.400000000000000000e+01 1.227347611202635846e+01 2.500000000000000000e+01 1.388888888888888928e+01 9.000000000000000000e+00
3.500000000000000000e+01 1.046128500823723328e+01 2.222222222222222143e+01 1.666666666666666430e+01 8.000000000000000000e+00
3.600000000000000000e+01 1.095551894563426742e+01 2.777777777777777857e+01 1.666666666666666430e+01 1.000000000000000000e+01
3.700000000000000000e+01 1.095551894563426742e+01 1.944444444444444642e+01 2.500000000000000000e+01 7.000000000000000000e+00
3.800000000000000000e+01 1.124382207578253734e+01 3.055555555555555358e+01 1.944444444444444642e+01 1.100000000000000000e+01
3.900000000000000000e+01 1.062602965403624466e+01 2.777777777777777857e+01 2.777777777777777857e+01 1.000000000000000000e+01
4.000000000000000000e+01 1.074958813838550142e+01 3.611111111111110716e+01 2.777777777777777857e+01 1.300000000000000000e+01
4.100000000000000000e+01 1.099670510708401849e+01 2.500000000000000000e+01 2.777777777777777857e+01 9.000000000000000000e+00
4.200000000000000000e+01 1.037891268533772759e+01 3.333333333333332860e+01 3.055555555555555358e+01 1.200000000000000000e+01
4.300000000000000000e+01 1.095551894563426742e+01 2.222222222222222143e+01 1.388888888888888928e+01 8.000000000000000000e+00
4.400000000000000000e+01 1.033772652388797297e+01 2.222222222222222143e+01 1.388888888888888928e+01 8.000000000000000000e+00
4.500000000000000000e+01 9.596375617792421764e+00 3.333333333333332860e+01 2.500000000000000000e+01 1.200000000000000000e+01
4.600000000000000000e+01 1.087314662273476173e+01 1.944444444444444642e+01 1.666666666666666430e+01 7.000000000000000000e+00
4.700000000000000000e+01 1.091433278418451280e+01 1.666666666666666430e+01 1.944444444444444642e+01 6.000000000000000000e+00
4.800000000000000000e+01 1.066721581548599573e+01 2.222222222222222143e+01 3.055555555555555358e+01 8.000000000000000000e+00
4.900000000000000000e+01 1.074958813838550142e+01 4.722222222222222854e+01 2.222222222222222143e+01 1.700000000000000000e+01
5.000000000000000000e+01 1.095551894563426742e+01 1.944444444444444642e+01 2.777777777777777857e+01 7.000000000000000000e+00
5.100000000000000000e+01 1.017298187808896159e+01 4.166666666666667140e+01 2.777777777777777857e+01 1.500000000000000000e+01
5.200000000000000000e+01 1.070840197693575035e+01 2.777777777777777857e+01 4.444444444444444287e+01 1.000000000000000000e+01
5.300000000000000000e+01 1.091433278418451280e+01 5.000000000000000000e+01 1.666666666666666430e+01 1.800000000000000000e+01
5.400000000000000000e+01 1.033772652388797297e+01 2.777777777777777857e+01 1.111111111111111072e+01 1.000000000000000000e+01
5.500000000000000000e+01 1.095551894563426742e+01 3.888888888888889284e+01 5.555555555555555358e+00 1.400000000000000000e+01
5.600000000000000000e+01 1.095551894563426742e+01 1.944444444444444642e+01 8.333333333333332149e+00 7.000000000000000000e+00
5.700000000000000000e+01 1.058484349258649004e+01 3.333333333333332860e+01 1.111111111111111072e+01 1.200000000000000000e+01
5.800000000000000000e+01 1.202635914332784139e+01 2.222222222222222143e+01 8.333333333333332149e+00 8.000000000000000000e+00
5.900000000000000000e+01 1.140856672158154872e+01 1.944444444444444642e+01 8.333333333333332149e+00 7.000000000000000000e+00
6.000000000000000000e+01 1.194398682042833570e+01 2.222222222222222143e+01 1.111111111111111072e+01 8.000000000000000000e+00
6.100000000000000000e+01 1.173805601317957148e+01 2.777777777777777857e+01 1.111111111111111072e+01 1.000000000000000000e+01
6.200000000000000000e+01 1.190280065897858286e+01 2.500000000000000000e+01 1.666666666666666430e+01 9.000000000000000000e+00
6.300000000000000000e+01 1.099670510708401849e+01 3.611111111111110716e+01 5.555555555555555358e+00 1.300000000000000000e+01
6.400000000000000000e+01 1.116144975288303165e+01 2.222222222222222143e+01 0.000000000000000000e+00 8.000000000000000000e+00
6.500000000000000000e+01 1.182042833607907717e+01 1.666666666666666430e+01 0.000000000000000000e+00 6.000000000000000000e+00
6.600000000000000000e+01 1.149093904448105441e+01 1.111111111111111072e+01 0.000000000000000000e+00 4.000000000000000000e+00
6.700000000000000000e+01 1.103789126853377311e+01 1.944444444444444642e+01 0.000000000000000000e+00 7.000000000000000000e+00
6.800000000000000000e+01 1.046128500823723328e+01 1.388888888888888928e+01 0.000000000000000000e+00 5.000000000000000000e+00
6.900000000000000000e+01 1.103789126853377311e+01 2.222222222222222143e+01 0.000000000000000000e+00 8.000000000000000000e+00
7.000000000000000000e+01 1.124382207578253734e+01 2.777777777777777857e+01 0.000000000000000000e+00 1.000000000000000000e+01
7.100000000000000000e+01 1.128500823723229018e+01 3.055555555555555358e+01 0.000000000000000000e+00 1.100000000000000000e+01
7.200000000000000000e+01 1.099670510708401849e+01 3.055555555555555358e+01 0.000000000000000000e+00 1.100000000000000000e+01
7.300000000000000000e+01 1.116144975288303165e+01 3.888888888888889284e+01 0.000000000000000000e+00 1.400000000000000000e+01
7.400000000000000000e+01 1.054365733113673897e+01 4.166666666666667140e+01 0.000000000000000000e+00 1.500000000000000000e+01
7.500000000000000000e+01 1.091433278418451280e+01 4.444444444444444287e+01 0.000000000000000000e+00 1.600000000000000000e+01
7.600000000000000000e+01 9.843492586490938834e+00 3.333333333333332860e+01 0.000000000000000000e+00 1.200000000000000000e+01
7.700000000000000000e+01 1.107907742998352418e+01 3.611111111111110716e+01 0.000000000000000000e+00 1.300000000000000000e+01
7.800000000000000000e+01 1.050247116968698435e+01 4.166666666666667140e+01 0.000000000000000000e+00 1.500000000000000000e+01
7.900000000000000000e+01 1.074958813838550142e+01 3.055555555555555358e+01 2.777777777777777679e+00 1.100000000000000000e+01
8.000000000000000000e+01 1.128500823723229018e+01 3.888888888888889284e+01 0.000000000000000000e+00 1.400000000000000000e+01
8.100000000000000000e+01 9.266886326194399004e+00 5.555555555555555713e+01 2.777777777777777679e+00 2.000000000000000000e+01
8.200000000000000000e+01 1.107907742998352418e+01 1.666666666666666430e+01 5.555555555555555358e+00 6.000000000000000000e+00
8.300000000000000000e+01 9.761120263591433144e+00 1.111111111111111072e+01 5.555555555555555358e+00 4.000000000000000000e+00
8.400000000000000000e+01 1.004942339373970306e+01 8.333333333333332149e+00 8.333333333333332149e+00 3.000000000000000000e+00
8.500000000000000000e+01 8.690280065897857398e+00 1.111111111111111072e+01 8.333333333333332149e+00 4.000000000000000000e+00
8.600000000000000000e+01 7.990115321252059033e+00 1.388888888888888928e+01 1.388888888888888928e+01 5.000000000000000000e+00
8.700000000000000000e+01 8.690280065897857398e+00 1.388888888888888928e+01 1.388888888888888928e+01 5.000000000000000000e+00
8.800000000000000000e+01 8.196046128500823258e+00 1.944444444444444642e+01 1.388888888888888928e+01 7.000000000000000000e+00
8.900000000000000000e+01 9.060955518945634779e+00 1.666666666666666430e+01 1.388888888888888928e+01 6.000000000000000000e+00
9.000000000000000000e+01 8.319604612850081793e+00 2.777777777777777857e+01 1.388888888888888928e+01 1.000000000000000000e+01
9.100000000000000000e+01 8.443163097199340328e+00 3.055555555555555358e+01 1.388888888888888928e+01 1.100000000000000000e+01
9.200000000000000000e+01 7.454695222405272048e+00 4.444444444444444287e+01 1.388888888888888928e+01 1.600000000000000000e+01
9.300000000000000000e+01 7.413509060955518315e+00 1.666666666666666430e+01 1.388888888888888928e+01 6.000000000000000000e+00
9.400000000000000000e+01 7.166392092257001245e+00 2.777777777777777857e+01 1.388888888888888928e+01 1.000000000000000000e+01
9.500000000000000000e+01 7.207578253706754978e+00 2.777777777777777857e+01 1.388888888888888928e+01 1.000000000000000000e+01
9.600000000000000000e+01 6.960461285008237908e+00 3.333333333333332860e+01 1.388888888888888928e+01 1.200000000000000000e+01
9.700000000000000000e+01 6.919275123558484175e+00 3.333333333333332860e+01 1.388888888888888928e+01 1.200000000000000000e+01
9.800000000000000000e+01 6.466227347611202880e+00 5.555555555555555713e+01 1.388888888888888928e+01 2.000000000000000000e+01
9.900000000000000000e+01 6.919275123558484175e+00 3.055555555555555358e+01 1.388888888888888928e+01 1.100000000000000000e+01
1.000000000000000000e+02 8.525535420098846018e+00 2.777777777777777857e+01 1.388888888888888928e+01 1.000000000000000000e+01
1.010000000000000000e+02 6.672158154859967105e+00 3.611111111111110716e+01 1.388888888888888928e+01 1.300000000000000000e+01
1.020000000000000000e+02 7.084019769357495555e+00 2.777777777777777857e+01 1.388888888888888928e+01 1.000000000000000000e+01
1.030000000000000000e+02 7.454695222405272048e+00 3.333333333333332860e+01 1.388888888888888928e+01 1.200000000000000000e+01
1.040000000000000000e+02 7.537067545304777738e+00 2.777777777777777857e+01 1.388888888888888928e+01 1.000000000000000000e+01
1.050000000000000000e+02 7.042833607907743598e+00 3.611111111111110716e+01 1.388888888888888928e+01 1.300000000000000000e+01
1.060000000000000000e+02 7.331136738056012625e+00 1.111111111111111072e+01 1.388888888888888928e+01 4.000000000000000000e+00
1.070000000000000000e+02 7.001647446457989865e+00 0.000000000000000000e+00 1.388888888888888928e+01 -6.000000000000000000e+03
