# step, world, group,control
0.000000000000000000e+00 2.866556836902800498e+01 3.611111111111110716e+01 3.055555555555555358e+01 1.300000000000000000e+01
1.000000000000000000e+00 2.771828665568368777e+01 2.500000000000000000e+01 2.222222222222222143e+01 9.000000000000000000e+00
2.000000000000000000e+00 2.479406919275123755e+01 5.000000000000000000e+01 2.500000000000000000e+01 1.800000000000000000e+01
3.000000000000000000e+00 2.454695222405271693e+01 3.055555555555555358e+01 2.222222222222222143e+01 1.100000000000000000e+01
4.000000000000000000e+00 2.298187808896210882e+01 3.055555555555555358e+01 1.666666666666666430e+01 1.100000000000000000e+01
5.000000000000000000e+00 2.257001647446458037e+01 4.444444444444444287e+01 2.222222222222222143e+01 1.600000000000000000e+01
6.000000000000000000e+00 2.112850082372322902e+01 3.333333333333332860e+01 2.777777777777777857e+01 1.200000000000000000e+01
7.000000000000000000e+00 2.302306425041186344e+01 3.611111111111110716e+01 3.888888888888889284e+01 1.300000000000000000e+01
8.000000000000000000e+00 2.005766062602965505e+01 2.777777777777777857e+01 5.277777777777777857e+01 1.000000000000000000e+01
9.000000000000000000e+00 1.948105436573311522e+01 3.055555555555555358e+01 2.777777777777777857e+01 1.100000000000000000e+01
1.000000000000000000e+01 1.898682042833607753e+01 2.777777777777777857e+01 3.611111111111110716e+01 1.000000000000000000e+01
1.100000000000000000e+01 1.816309719934102063e+01 3.055555555555555358e+01 5.000000000000000000e+01 1.100000000000000000e+01
1.200000000000000000e+01 1.857495881383854908e+01 1.944444444444444642e+01 3.055555555555555358e+01 7.000000000000000000e+00
1.300000000000000000e+01 1.816309719934102063e+01 2.777777777777777857e+01 4.444444444444444287e+01 1.000000000000000000e+01
1.400000000000000000e+01 1.762767710049423542e+01 1.666666666666666430e+01 2.500000000000000000e+01 6.000000000000000000e+00
1.500000000000000000e+01 1.742174629324546942e+01 3.055555555555555358e+01 3.055555555555555358e+01 1.100000000000000000e+01
1.600000000000000000e+01 1.614497528830312945e+01 3.333333333333332860e+01 3.333333333333332860e+01 1.200000000000000000e+01
1.700000000000000000e+01 1.643327841845140114e+01 3.333333333333332860e+01 2.500000000000000000e+01 1.200000000000000000e+01
1.800000000000000000e+01 1.622734761120263514e+01 4.444444444444444287e+01 2.222222222222222143e+01 1.600000000000000000e+01
1.900000000000000000e+01 1.622734761120263514e+01 2.222222222222222143e+01 3.333333333333332860e+01 8.000000000000000000e+00
2.000000000000000000e+01 1.622734761120263514e+01 2.222222222222222143e+01 2.777777777777777857e+01 8.000000000000000000e+00
2.100000000000000000e+01 1.589785831960461238e+01 3.055555555555555358e+01 3.333333333333332860e+01 1.100000000000000000e+01
2.200000000000000000e+01 1.565074135090609531e+01 3.611111111111110716e+01 3.888888888888889284e+01 1.300000000000000000e+01
2.300000000000000000e+01 1.729818780889621266e+01 1.944444444444444642e+01 2.222222222222222143e+01 7.000000000000000000e+00
2.400000000000000000e+01 1.544481054365733108e+01 2.222222222222222143e+01 2.222222222222222143e+01 8.000000000000000000e+00
2.500000000000000000e+01 1.618616144975288407e+01 1.944444444444444642e+01 1.388888888888888928e+01 7.000000000000000000e+00
2.600000000000000000e+01 1.363261943986820413e+01 2.777777777777777857e+01 2.777777777777777857e+01 1.000000000000000000e+01
2.700000000000000000e+01 1.511532125205930832e+01 2.777777777777777857e+01 2.222222222222222143e+01 1.000000000000000000e+01
2.800000000000000000e+01 1.387973640856671942e+01 1.944444444444444642e+01 2.222222222222222143e+01 7.000000000000000000e+00
2.900000000000000000e+01 1.462108731466227241e+01 2.222222222222222143e+01 3.611111111111110716e+01 8.000000000000000000e+00
3.000000000000000000e+01 1.272652388797363976e+01 1.666666666666666430e+01 1.944444444444444642e+01 6.000000000000000000e+00
3.100000000000000000e+01 1.268533772652388691e+01 1.388888888888888928e+01 2.777777777777777857e+01 5.000000000000000000e+00
3.200000000000000000e+01 1.309719934102141714e+01 8.333333333333332149e+00 2.222222222222222143e+01 3.000000000000000000e+00
3.300000000000000000e+01 1.202635914332784139e+01 1.111111111111111072e+01 2.777777777777777857e+01 4.000000000000000000e+00
3.400000000000000000e+01 1.350906095551894559e+01 8.333333333333332149e+00 2.777777777777777857e+01 3.000000000000000000e+00
3.500000000000000000e+01 1.268533772652388691e+01 8.333333333333332149e+00 2.777777777777777857e+01 3.000000000000000000e+00
3.600000000000000000e+01 1.322075782537067390e+01 8.333333333333332149e+00 3.333333333333332860e+01 3.000000000000000000e+00
3.700000000000000000e+01 1.317957166392092283e+01 8.333333333333332149e+00 2.222222222222222143e+01 3.000000000000000000e+00
3.800000000000000000e+01 1.272652388797363976e+01 8.333333333333332149e+00 4.444444444444444287e+01 3.000000000000000000e+00
3.900000000000000000e+01 1.202635914332784139e+01 1.944444444444444642e+01 1.388888888888888928e+01 7.000000000000000000e+00
4.000000000000000000e+01 1.260296540362438300e+01 1.111111111111111072e+01 1.944444444444444642e+01 4.000000000000000000e+00
4.100000000000000000e+01 1.169686985172981863e+01 1.111111111111111072e+01 1.944444444444444642e+01 4.000000000000000000e+00
4.200000000000000000e+01 1.326194398682042852e+01 1.111111111111111072e+01 2.500000000000000000e+01 4.000000000000000000e+00
4.300000000000000000e+01 1.173805601317957148e+01 1.111111111111111072e+01 5.555555555555555358e+00 4.000000000000000000e+00
4.400000000000000000e+01 1.173805601317957148e+01 1.388888888888888928e+01 0.000000000000000000e+00 5.000000000000000000e+00
4.500000000000000000e+01 1.186161449752883001e+01 1.944444444444444642e+01 0.000000000000000000e+00 7.000000000000000000e+00
4.600000000000000000e+01 1.256177924217462838e+01 2.500000000000000000e+01 0.000000000000000000e+00 9.000000000000000000e+00
4.700000000000000000e+01 1.132619439868204303e+01 2.222222222222222143e+01 0.000000000000000000e+00 8.000000000000000000e+00
4.800000000000000000e+01 1.239703459637561878e+01 2.777777777777777857e+01 0.000000000000000000e+00 1.000000000000000000e+01
4.900000000000000000e+01 1.173805601317957148e+01 3.611111111111110716e+01 0.000000000000000000e+00 1.300000000000000000e+01
5.000000000000000000e+01 1.169686985172981863e+01 3.611111111111110716e+01 0.000000000000000000e+00 1.300000000000000000e+01
5.100000000000000000e+01 1.202635914332784139e+01 3.611111111111110716e+01 0.000000000000000000e+00 1.300000000000000000e+01
5.200000000000000000e+01 1.169686985172981863e+01 3.888888888888889284e+01 0.000000000000000000e+00 1.400000000000000000e+01
5.300000000000000000e+01 1.272652388797363976e+01 3.611111111111110716e+01 0.000000000000000000e+00 1.300000000000000000e+01
5.400000000000000000e+01 1.198517298187809033e+01 3.055555555555555358e+01 0.000000000000000000e+00 1.100000000000000000e+01
5.500000000000000000e+01 1.219110378912685277e+01 3.333333333333332860e+01 0.000000000000000000e+00 1.200000000000000000e+01
5.600000000000000000e+01 1.177924217462932432e+01 4.166666666666667140e+01 0.000000000000000000e+00 1.500000000000000000e+01
5.700000000000000000e+01 1.198517298187809033e+01 3.611111111111110716e+01 0.000000000000000000e+00 1.300000000000000000e+01
5.800000000000000000e+01 1.202635914332784139e+01 4.722222222222222854e+01 2.777777777777777679e+00 1.700000000000000000e+01
5.900000000000000000e+01 1.536243822075782717e+01 1.666666666666666430e+01 2.777777777777777679e+00 6.000000000000000000e+00
6.000000000000000000e+01 1.486820428336079125e+01 3.055555555555555358e+01 0.000000000000000000e+00 1.100000000000000000e+01
6.100000000000000000e+01 1.519769357495881579e+01 4.166666666666667140e+01 2.777777777777777679e+00 1.500000000000000000e+01
6.200000000000000000e+01 1.515650741350905939e+01 4.444444444444444287e+01 2.777777777777777679e+00 1.600000000000000000e+01
6.300000000000000000e+01 1.536243822075782717e+01 4.722222222222222854e+01 5.555555555555555358e+00 1.700000000000000000e+01
6.400000000000000000e+01 1.626853377265238976e+01 4.444444444444444287e+01 5.555555555555555358e+00 1.600000000000000000e+01
6.500000000000000000e+01 1.602141680395387269e+01 3.888888888888889284e+01 5.555555555555555358e+00 1.400000000000000000e+01
6.600000000000000000e+01 1.383855024711696835e+01 4.444444444444444287e+01 5.555555555555555358e+00 1.600000000000000000e+01
6.700000000000000000e+01 1.449752883031301387e+01 3.055555555555555358e+01 2.777777777777777679e+00 1.100000000000000000e+01
6.800000000000000000e+01 1.404448105436573435e+01 1.944444444444444642e+01 0.000000000000000000e+00 7.000000000000000000e+00
6.900000000000000000e+01 1.441515650741350996e+01 1.666666666666666430e+01 0.000000000000000000e+00 6.000000000000000000e+00
7.000000000000000000e+01 1.425041186161449858e+01 2.777777777777777857e+01 2.777777777777777679e+00 1.000000000000000000e+01
7.100000000000000000e+01 1.396210873146622689e+01 2.500000000000000000e+01 2.777777777777777679e+00 9.000000000000000000e+00
7.200000000000000000e+01 1.342668863261943990e+01 3.333333333333332860e+01 0.000000000000000000e+00 1.200000000000000000e+01
7.300000000000000000e+01 1.243822075782536984e+01 2.222222222222222143e+01 0.000000000000000000e+00 8.000000000000000000e+00
7.400000000000000000e+01 1.177924217462932432e+01 2.222222222222222143e+01 0.000000000000000000e+00 8.000000000000000000e+00
7.500000000000000000e+01 1.190280065897858286e+01 3.333333333333332860e+01 0.000000000000000000e+00 1.200000000000000000e+01
7.600000000000000000e+01 1.169686985172981863e+01 2.222222222222222143e+01 0.000000000000000000e+00 8.000000000000000000e+00
7.700000000000000000e+01 1.326194398682042852e+01 2.777777777777777857e+01 0.000000000000000000e+00 1.000000000000000000e+01
7.800000000000000000e+01 1.264415156507413585e+01 1.944444444444444642e+01 0.000000000000000000e+00 7.000000000000000000e+00
7.900000000000000000e+01 1.305601317957166252e+01 2.222222222222222143e+01 0.000000000000000000e+00 8.000000000000000000e+00
8.000000000000000000e+01 1.330313014827018137e+01 1.111111111111111072e+01 0.000000000000000000e+00 4.000000000000000000e+00
8.100000000000000000e+01 1.367380560131795697e+01 1.666666666666666430e+01 0.000000000000000000e+00 6.000000000000000000e+00
8.200000000000000000e+01 1.437397034596375711e+01 1.388888888888888928e+01 0.000000000000000000e+00 5.000000000000000000e+00
8.300000000000000000e+01 1.400329489291597973e+01 1.388888888888888928e+01 0.000000000000000000e+00 5.000000000000000000e+00
8.400000000000000000e+01 1.495057660626029694e+01 1.111111111111111072e+01 0.000000000000000000e+00 4.000000000000000000e+00
8.500000000000000000e+01 1.334431630971993421e+01 5.555555555555555358e+00 0.000000000000000000e+00 2.000000000000000000e+00
8.600000000000000000e+01 1.412685337726523827e+01 2.777777777777777679e+00 0.000000000000000000e+00 1.000000000000000000e+00
8.700000000000000000e+01 1.387973640856671942e+01 0.000000000000000000e+00 0.000000000000000000e+00 -6.000000000000000000e+03
