# step, world, group,control
0.000000000000000000e+00 2.804777594728171053e+01 3.611111111111110716e+01 3.055555555555555358e+01 1.300000000000000000e+01
1.000000000000000000e+00 2.388797364085667141e+01 5.833333333333333570e+01 4.722222222222222854e+01 2.100000000000000000e+01
2.000000000000000000e+00 2.495881383855024893e+01 2.222222222222222143e+01 3.888888888888889284e+01 8.000000000000000000e+00
3.000000000000000000e+00 2.236408566721581792e+01 3.055555555555555358e+01 2.500000000000000000e+01 1.100000000000000000e+01
4.000000000000000000e+00 2.269357495881384068e+01 2.222222222222222143e+01 3.055555555555555358e+01 8.000000000000000000e+00
5.000000000000000000e+00 2.248764415156507468e+01 2.222222222222222143e+01 5.000000000000000000e+01 8.000000000000000000e+00
6.000000000000000000e+00 2.112850082372322902e+01 1.666666666666666430e+01 3.055555555555555358e+01 6.000000000000000000e+00
7.000000000000000000e+00 2.104612850082372333e+01 1.944444444444444642e+01 2.222222222222222143e+01 7.000000000000000000e+00
8.000000000000000000e+00 1.836902800658978663e+01 2.222222222222222143e+01 2.777777777777777857e+01 8.000000000000000000e+00
9.000000000000000000e+00 1.742174629324546942e+01 2.500000000000000000e+01 2.222222222222222143e+01 9.000000000000000000e+00
1.000000000000000000e+01 1.630971993410214083e+01 2.222222222222222143e+01 1.944444444444444642e+01 8.000000000000000000e+00
1.100000000000000000e+01 1.507413509060955548e+01 3.055555555555555358e+01 2.777777777777777857e+01 1.100000000000000000e+01
1.200000000000000000e+01 1.363261943986820413e+01 3.611111111111110716e+01 2.777777777777777857e+01 1.300000000000000000e+01
1.300000000000000000e+01 1.462108731466227241e+01 1.944444444444444642e+01 3.611111111111110716e+01 7.000000000000000000e+00
1.400000000000000000e+01 1.400329489291597973e+01 3.055555555555555358e+01 2.777777777777777857e+01 1.100000000000000000e+01
1.500000000000000000e+01 1.383855024711696835e+01 1.666666666666666430e+01 4.444444444444444287e+01 6.000000000000000000e+00
1.600000000000000000e+01 1.495057660626029694e+01 1.944444444444444642e+01 3.055555555555555358e+01 7.000000000000000000e+00
1.700000000000000000e+01 1.326194398682042852e+01 1.666666666666666430e+01 1.666666666666666430e+01 6.000000000000000000e+00
1.800000000000000000e+01 1.190280065897858286e+01 2.500000000000000000e+01 2.222222222222222143e+01 9.000000000000000000e+00
1.900000000000000000e+01 1.239703459637561878e+01 2.777777777777777857e+01 2.777777777777777857e+01 1.000000000000000000e+01
2.000000000000000000e+01 1.322075782537067390e+01 2.222222222222222143e+01 3.611111111111110716e+01 8.000000000000000000e+00
2.100000000000000000e+01 1.165568369028006579e+01 2.500000000000000000e+01 3.611111111111110716e+01 9.000000000000000000e+00
2.200000000000000000e+01 1.186161449752883001e+01 2.777777777777777857e+01 3.888888888888889284e+01 1.000000000000000000e+01
2.300000000000000000e+01 1.210873146622734708e+01 2.777777777777777857e+01 2.777777777777777857e+01 1.000000000000000000e+01
2.400000000000000000e+01 1.136738056013179587e+01 2.222222222222222143e+01 3.333333333333332860e+01 8.000000000000000000e+00
2.500000000000000000e+01 1.247940691927512447e+01 2.222222222222222143e+01 1.944444444444444642e+01 8.000000000000000000e+00
2.600000000000000000e+01 1.128500823723229018e+01 3.055555555555555358e+01 1.111111111111111072e+01 1.100000000000000000e+01
2.700000000000000000e+01 1.194398682042833570e+01 4.722222222222222854e+01 1.666666666666666430e+01 1.700000000000000000e+01
2.800000000000000000e+01 1.198517298187809033e+01 3.333333333333332860e+01 1.666666666666666430e+01 1.200000000000000000e+01
2.900000000000000000e+01 1.161449752883031294e+01 5.277777777777777857e+01 1.111111111111111072e+01 1.900000000000000000e+01
3.000000000000000000e+01 1.326194398682042852e+01 3.611111111111110716e+01 1.111111111111111072e+01 1.300000000000000000e+01
3.100000000000000000e+01 1.128500823723229018e+01 4.444444444444444287e+01 8.333333333333332149e+00 1.600000000000000000e+01
3.200000000000000000e+01 1.079077429983525604e+01 2.500000000000000000e+01 1.944444444444444642e+01 9.000000000000000000e+00
3.300000000000000000e+01 9.802306425041185989e+00 3.333333333333332860e+01 1.111111111111111072e+01 1.200000000000000000e+01
3.400000000000000000e+01 9.761120263591433144e+00 3.333333333333332860e+01 1.111111111111111072e+01 1.200000000000000000e+01
3.500000000000000000e+01 9.266886326194399004e+00 4.166666666666667140e+01 1.111111111111111072e+01 1.500000000000000000e+01
3.600000000000000000e+01 9.596375617792421764e+00 1.666666666666666430e+01 1.944444444444444642e+01 6.000000000000000000e+00
3.700000000000000000e+01 9.967051070840197369e+00 1.944444444444444642e+01 8.333333333333332149e+00 7.000000000000000000e+00
3.800000000000000000e+01 1.029654036243822013e+01 1.666666666666666430e+01 8.333333333333332149e+00 6.000000000000000000e+00
3.900000000000000000e+01 1.009060955518945590e+01 2.777777777777777857e+01 8.333333333333332149e+00 1.000000000000000000e+01
4.000000000000000000e+01 1.025535420098846728e+01 1.388888888888888928e+01 8.333333333333332149e+00 5.000000000000000000e+00
4.100000000000000000e+01 9.802306425041185989e+00 1.944444444444444642e+01 8.333333333333332149e+00 7.000000000000000000e+00
4.200000000000000000e+01 1.013179571663920875e+01 2.500000000000000000e+01 8.333333333333332149e+00 9.000000000000000000e+00
4.300000000000000000e+01 1.013179571663920875e+01 1.666666666666666430e+01 8.333333333333332149e+00 6.000000000000000000e+00
4.400000000000000000e+01 1.025535420098846728e+01 1.944444444444444642e+01 8.333333333333332149e+00 7.000000000000000000e+00
4.500000000000000000e+01 9.637561779242174609e+00 2.222222222222222143e+01 8.333333333333332149e+00 8.000000000000000000e+00
4.600000000000000000e+01 1.009060955518945590e+01 2.222222222222222143e+01 8.333333333333332149e+00 8.000000000000000000e+00
4.700000000000000000e+01 1.029654036243822013e+01 2.777777777777777857e+01 8.333333333333332149e+00 1.000000000000000000e+01
4.800000000000000000e+01 1.054365733113673897e+01 2.777777777777777857e+01 8.333333333333332149e+00 1.000000000000000000e+01
4.900000000000000000e+01 9.884678747940691679e+00 1.944444444444444642e+01 8.333333333333332149e+00 7.000000000000000000e+00
5.000000000000000000e+01 9.678747940691927454e+00 2.222222222222222143e+01 8.333333333333332149e+00 8.000000000000000000e+00
5.100000000000000000e+01 9.349258649093904694e+00 2.777777777777777857e+01 8.333333333333332149e+00 1.000000000000000000e+01
5.200000000000000000e+01 9.555189456342668919e+00 2.500000000000000000e+01 8.333333333333332149e+00 9.000000000000000000e+00
5.300000000000000000e+01 9.431630971993410384e+00 3.611111111111110716e+01 8.333333333333332149e+00 1.300000000000000000e+01
5.400000000000000000e+01 8.978583196046129089e+00 4.166666666666667140e+01 8.333333333333332149e+00 1.500000000000000000e+01
5.500000000000000000e+01 8.772652388797364864e+00 3.611111111111110716e+01 8.333333333333332149e+00 1.300000000000000000e+01
5.600000000000000000e+01 8.813838550247117709e+00 3.611111111111110716e+01 8.333333333333332149e+00 1.300000000000000000e+01
5.700000000000000000e+01 8.813838550247117709e+00 3.888888888888889284e+01 8.333333333333332149e+00 1.400000000000000000e+01
5.800000000000000000e+01 8.855024711696870554e+00 3.888888888888889284e+01 8.333333333333332149e+00 1.400000000000000000e+01
5.900000000000000000e+01 9.637561779242174609e+00 3.611111111111110716e+01 8.333333333333332149e+00 1.300000000000000000e+01
6.000000000000000000e+01 9.060955518945634779e+00 2.777777777777777857e+01 8.333333333333332149e+00 1.000000000000000000e+01
6.100000000000000000e+01 9.349258649093904694e+00 3.888888888888889284e+01 8.333333333333332149e+00 1.400000000000000000e+01
6.200000000000000000e+01 8.525535420098846018e+00 2.777777777777777857e+01 8.333333333333332149e+00 1.000000000000000000e+01
6.300000000000000000e+01 9.555189456342668919e+00 2.222222222222222143e+01 8.333333333333332149e+00 8.000000000000000000e+00
6.400000000000000000e+01 8.443163097199340328e+00 3.611111111111110716e+01 8.333333333333332149e+00 1.300000000000000000e+01
6.500000000000000000e+01 9.019769357495881934e+00 3.611111111111110716e+01 8.333333333333332149e+00 1.300000000000000000e+01
6.600000000000000000e+01 8.978583196046129089e+00 4.444444444444444287e+01 8.333333333333332149e+00 1.600000000000000000e+01
6.700000000000000000e+01 9.102141680395387624e+00 3.055555555555555358e+01 8.333333333333332149e+00 1.100000000000000000e+01
6.800000000000000000e+01 7.866556836902800498e+00 3.055555555555555358e+01 8.333333333333332149e+00 1.100000000000000000e+01
6.900000000000000000e+01 8.360790774299834638e+00 3.333333333333332860e+01 8.333333333333332149e+00 1.200000000000000000e+01
7.000000000000000000e+01 7.742998352553541075e+00 3.333333333333332860e+01 8.333333333333332149e+00 1.200000000000000000e+01
7.100000000000000000e+01 7.289950576606260668e+00 4.166666666666667140e+01 8.333333333333332149e+00 1.500000000000000000e+01
7.200000000000000000e+01 7.742998352553541075e+00 2.777777777777777857e+01 8.333333333333332149e+00 1.000000000000000000e+01
7.300000000000000000e+01 7.619439868204283428e+00 4.166666666666667140e+01 8.333333333333332149e+00 1.500000000000000000e+01
7.400000000000000000e+01 7.042833607907743598e+00 3.611111111111110716e+01 8.333333333333332149e+00 1.300000000000000000e+01
7.500000000000000000e+01 6.754530477759472795e+00 4.166666666666667140e+01 8.333333333333332149e+00 1.500000000000000000e+01
7.600000000000000000e+01 6.260296540362437767e+00 3.055555555555555358e+01 8.333333333333332149e+00 1.100000000000000000e+01
7.700000000000000000e+01 6.095551894563426387e+00 5.000000000000000000e+01 8.333333333333332149e+00 1.800000000000000000e+01
7.800000000000000000e+01 6.466227347611202880e+00 2.777777777777777857e+01 8.333333333333332149e+00 1.000000000000000000e+01
7.900000000000000000e+01 6.425041186161449147e+00 2.500000000000000000e+01 8.333333333333332149e+00 9.000000000000000000e+00
8.000000000000000000e+01 7.084019769357495555e+00 3.333333333333332860e+01 8.333333333333332149e+00 1.200000000000000000e+01
8.100000000000000000e+01 6.301482701812191500e+00 3.055555555555555358e+01 8.333333333333332149e+00 1.100000000000000000e+01
8.200000000000000000e+01 6.630971993410214260e+00 2.222222222222222143e+01 8.333333333333332149e+00 8.000000000000000000e+00
8.300000000000000000e+01 7.042833607907743598e+00 2.500000000000000000e+01 8.333333333333332149e+00 9.000000000000000000e+00
8.400000000000000000e+01 6.878088962108732218e+00 2.500000000000000000e+01 8.333333333333332149e+00 9.000000000000000000e+00
8.500000000000000000e+01 6.589785831960461415e+00 3.333333333333332860e+01 8.333333333333332149e+00 1.200000000000000000e+01
8.600000000000000000e+01 7.042833607907743598e+00 3.055555555555555358e+01 8.333333333333332149e+00 1.100000000000000000e+01
8.700000000000000000e+01 6.919275123558484175e+00 3.055555555555555358e+01 8.333333333333332149e+00 1.100000000000000000e+01
8.800000000000000000e+01 7.990115321252059033e+00 4.166666666666667140e+01 8.333333333333332149e+00 1.500000000000000000e+01
8.900000000000000000e+01 7.207578253706754978e+00 2.777777777777777857e+01 8.333333333333332149e+00 1.000000000000000000e+01
9.000000000000000000e+01 7.372322899505766358e+00 2.500000000000000000e+01 8.333333333333332149e+00 9.000000000000000000e+00
9.100000000000000000e+01 6.507413509060954837e+00 3.333333333333332860e+01 8.333333333333332149e+00 1.200000000000000000e+01
9.200000000000000000e+01 7.001647446457989865e+00 3.055555555555555358e+01 8.333333333333332149e+00 1.100000000000000000e+01
9.300000000000000000e+01 6.136738056013179232e+00 4.166666666666667140e+01 8.333333333333332149e+00 1.500000000000000000e+01
9.400000000000000000e+01 6.960461285008237908e+00 3.055555555555555358e+01 8.333333333333332149e+00 1.100000000000000000e+01
9.500000000000000000e+01 6.054365733113673542e+00 3.888888888888889284e+01 8.333333333333332149e+00 1.400000000000000000e+01
9.600000000000000000e+01 7.001647446457989865e+00 3.611111111111110716e+01 8.333333333333332149e+00 1.300000000000000000e+01
9.700000000000000000e+01 6.795716639209226528e+00 3.333333333333332860e+01 8.333333333333332149e+00 1.200000000000000000e+01
9.800000000000000000e+01 6.219110378912684922e+00 3.611111111111110716e+01 8.333333333333332149e+00 1.300000000000000000e+01
9.900000000000000000e+01 6.425041186161449147e+00 4.166666666666667140e+01 8.333333333333332149e+00 1.500000000000000000e+01
1.000000000000000000e+02 6.878088962108732218e+00 2.500000000000000000e+01 8.333333333333332149e+00 9.000000000000000000e+00
1.010000000000000000e+02 6.878088962108732218e+00 2.777777777777777857e+01 8.333333333333332149e+00 1.000000000000000000e+01
1.020000000000000000e+02 6.507413509060954837e+00 3.611111111111110716e+01 8.333333333333332149e+00 1.300000000000000000e+01
1.030000000000000000e+02 6.960461285008237908e+00 3.611111111111110716e+01 8.333333333333332149e+00 1.300000000000000000e+01
1.040000000000000000e+02 6.754530477759472795e+00 5.277777777777777857e+01 8.333333333333332149e+00 1.900000000000000000e+01
1.050000000000000000e+02 7.495881383855024005e+00 2.777777777777777857e+01 8.333333333333332149e+00 1.000000000000000000e+01
1.060000000000000000e+02 7.413509060955518315e+00 3.611111111111110716e+01 8.333333333333332149e+00 1.300000000000000000e+01
1.070000000000000000e+02 8.196046128500823258e+00 2.777777777777777857e+01 8.333333333333332149e+00 1.000000000000000000e+01
1.080000000000000000e+02 7.578253706754529695e+00 4.166666666666667140e+01 8.333333333333332149e+00 1.500000000000000000e+01
1.090000000000000000e+02 8.525535420098846018e+00 1.666666666666666430e+01 8.333333333333332149e+00 6.000000000000000000e+00
1.100000000000000000e+02 8.113673805601317568e+00 1.666666666666666430e+01 8.333333333333332149e+00 6.000000000000000000e+00
1.110000000000000000e+02 8.813838550247117709e+00 3.055555555555555358e+01 8.333333333333332149e+00 1.100000000000000000e+01
1.120000000000000000e+02 8.113673805601317568e+00 3.055555555555555358e+01 8.333333333333332149e+00 1.100000000000000000e+01
1.130000000000000000e+02 9.596375617792421764e+00 3.611111111111110716e+01 8.333333333333332149e+00 1.300000000000000000e+01
1.140000000000000000e+02 9.060955518945634779e+00 3.055555555555555358e+01 8.333333333333332149e+00 1.100000000000000000e+01
1.150000000000000000e+02 9.719934102141680299e+00 4.166666666666667140e+01 8.333333333333332149e+00 1.500000000000000000e+01
1.160000000000000000e+02 9.308072487644151849e+00 3.333333333333332860e+01 8.333333333333332149e+00 1.200000000000000000e+01
1.170000000000000000e+02 9.266886326194399004e+00 4.166666666666667140e+01 8.333333333333332149e+00 1.500000000000000000e+01
1.180000000000000000e+02 1.013179571663920875e+01 3.333333333333332860e+01 8.333333333333332149e+00 1.200000000000000000e+01
1.190000000000000000e+02 9.802306425041185989e+00 2.500000000000000000e+01 8.333333333333332149e+00 9.000000000000000000e+00
1.200000000000000000e+02 9.555189456342668919e+00 3.611111111111110716e+01 8.333333333333332149e+00 1.300000000000000000e+01
1.210000000000000000e+02 9.349258649093904694e+00 3.333333333333332860e+01 8.333333333333332149e+00 1.200000000000000000e+01
1.220000000000000000e+02 9.390444810543657539e+00 4.166666666666667140e+01 8.333333333333332149e+00 1.500000000000000000e+01
1.230000000000000000e+02 1.029654036243822013e+01 2.500000000000000000e+01 8.333333333333332149e+00 9.000000000000000000e+00
1.240000000000000000e+02 9.431630971993410384e+00 4.166666666666667140e+01 8.333333333333332149e+00 1.500000000000000000e+01
1.250000000000000000e+02 9.843492586490938834e+00 2.222222222222222143e+01 8.333333333333332149e+00 8.000000000000000000e+00
1.260000000000000000e+02 1.099670510708401849e+01 2.222222222222222143e+01 8.333333333333332149e+00 8.000000000000000000e+00
1.270000000000000000e+02 1.046128500823723328e+01 2.222222222222222143e+01 8.333333333333332149e+00 8.000000000000000000e+00
1.280000000000000000e+02 1.128500823723229018e+01 2.777777777777777857e+01 8.333333333333332149e+00 1.000000000000000000e+01
1.290000000000000000e+02 1.239703459637561878e+01 2.222222222222222143e+01 8.333333333333332149e+00 8.000000000000000000e+00
1.300000000000000000e+02 1.177924217462932432e+01 2.777777777777777857e+01 8.333333333333332149e+00 1.000000000000000000e+01
1.310000000000000000e+02 1.144975288303130156e+01 2.500000000000000000e+01 8.333333333333332149e+00 9.000000000000000000e+00
1.320000000000000000e+02 1.136738056013179587e+01 3.055555555555555358e+01 8.333333333333332149e+00 1.100000000000000000e+01
1.330000000000000000e+02 1.161449752883031294e+01 1.944444444444444642e+01 8.333333333333332149e+00 7.000000000000000000e+00
1.340000000000000000e+02 1.074958813838550142e+01 1.388888888888888928e+01 8.333333333333332149e+00 5.000000000000000000e+00
1.350000000000000000e+02 9.637561779242174609e+00 1.111111111111111072e+01 8.333333333333332149e+00 4.000000000000000000e+00
1.360000000000000000e+02 9.390444810543657539e+00 1.666666666666666430e+01 8.333333333333332149e+00 6.000000000000000000e+00
1.370000000000000000e+02 1.000823723228995021e+01 1.388888888888888928e+01 8.333333333333332149e+00 5.000000000000000000e+00
1.380000000000000000e+02 9.884678747940691679e+00 1.111111111111111072e+01 8.333333333333332149e+00 4.000000000000000000e+00
1.390000000000000000e+02 1.000823723228995021e+01 8.333333333333332149e+00 8.333333333333332149e+00 3.000000000000000000e+00
1.400000000000000000e+02 9.514003294892916074e+00 8.333333333333332149e+00 8.333333333333332149e+00 3.000000000000000000e+00
1.410000000000000000e+02 1.021416803953871444e+01 1.111111111111111072e+01 8.333333333333332149e+00 4.000000000000000000e+00
1.420000000000000000e+02 1.013179571663920875e+01 1.388888888888888928e+01 8.333333333333332149e+00 5.000000000000000000e+00
1.430000000000000000e+02 9.390444810543657539e+00 1.944444444444444642e+01 8.333333333333332149e+00 7.000000000000000000e+00
1.440000000000000000e+02 8.772652388797364864e+00 2.222222222222222143e+01 8.333333333333332149e+00 8.000000000000000000e+00
1.450000000000000000e+02 8.566721581548600639e+00 3.333333333333332860e+01 8.333333333333332149e+00 1.200000000000000000e+01
1.460000000000000000e+02 7.990115321252059033e+00 3.611111111111110716e+01 8.333333333333332149e+00 1.300000000000000000e+01
1.470000000000000000e+02 8.072487644151564723e+00 1.944444444444444642e+01 8.333333333333332149e+00 7.000000000000000000e+00
1.480000000000000000e+02 7.907742998352553343e+00 1.388888888888888928e+01 8.333333333333332149e+00 5.000000000000000000e+00
1.490000000000000000e+02 7.537067545304777738e+00 1.944444444444444642e+01 8.333333333333332149e+00 7.000000000000000000e+00
1.500000000000000000e+02 7.990115321252059033e+00 1.388888888888888928e+01 8.333333333333332149e+00 5.000000000000000000e+00
1.510000000000000000e+02 7.784184514003294808e+00 1.111111111111111072e+01 8.333333333333332149e+00 4.000000000000000000e+00
1.520000000000000000e+02 8.113673805601317568e+00 1.944444444444444642e+01 8.333333333333332149e+00 7.000000000000000000e+00
1.530000000000000000e+02 7.825370675453047653e+00 1.388888888888888928e+01 8.333333333333332149e+00 5.000000000000000000e+00
1.540000000000000000e+02 8.401976935749589259e+00 3.055555555555555358e+01 8.333333333333332149e+00 1.100000000000000000e+01
1.550000000000000000e+02 8.237232289950576103e+00 1.944444444444444642e+01 8.333333333333332149e+00 7.000000000000000000e+00
1.560000000000000000e+02 8.772652388797364864e+00 2.222222222222222143e+01 8.333333333333332149e+00 8.000000000000000000e+00
1.570000000000000000e+02 8.237232289950576103e+00 2.777777777777777857e+01 8.333333333333332149e+00 1.000000000000000000e+01
1.580000000000000000e+02 8.484349258649094949e+00 1.944444444444444642e+01 8.333333333333332149e+00 7.000000000000000000e+00
1.590000000000000000e+02 8.649093904448106329e+00 3.888888888888889284e+01 8.333333333333332149e+00 1.400000000000000000e+01
1.600000000000000000e+02 8.154859967051070413e+00 3.333333333333332860e+01 8.333333333333332149e+00 1.200000000000000000e+01
1.610000000000000000e+02 7.495881383855024005e+00 2.777777777777777857e+01 8.333333333333332149e+00 1.000000000000000000e+01
1.620000000000000000e+02 7.289950576606260668e+00 2.500000000000000000e+01 8.333333333333332149e+00 9.000000000000000000e+00
1.630000000000000000e+02 6.795716639209226528e+00 2.777777777777777857e+01 8.333333333333332149e+00 1.000000000000000000e+01
1.640000000000000000e+02 5.807248764415156472e+00 3.611111111111110716e+01 8.333333333333332149e+00 1.300000000000000000e+01
1.650000000000000000e+02 5.766062602965403627e+00 4.444444444444444287e+01 8.333333333333332149e+00 1.600000000000000000e+01
1.660000000000000000e+02 6.013179571663920697e+00 5.000000000000000000e+01 8.333333333333332149e+00 1.800000000000000000e+01
1.670000000000000000e+02 5.766062602965403627e+00 2.777777777777777857e+01 8.333333333333332149e+00 1.000000000000000000e+01
1.680000000000000000e+02 5.683690280065897937e+00 3.888888888888889284e+01 8.333333333333332149e+00 1.400000000000000000e+01
1.690000000000000000e+02 5.930807248764415007e+00 2.500000000000000000e+01 8.333333333333332149e+00 9.000000000000000000e+00
1.700000000000000000e+02 6.425041186161449147e+00 2.222222222222222143e+01 8.333333333333332149e+00 8.000000000000000000e+00
1.710000000000000000e+02 5.971993410214167852e+00 3.888888888888889284e+01 8.333333333333332149e+00 1.400000000000000000e+01
1.720000000000000000e+02 5.930807248764415007e+00 1.944444444444444642e+01 8.333333333333332149e+00 7.000000000000000000e+00
1.730000000000000000e+02 5.642504118616145092e+00 3.333333333333332860e+01 8.333333333333332149e+00 1.200000000000000000e+01
1.740000000000000000e+02 5.642504118616145092e+00 2.500000000000000000e+01 8.333333333333332149e+00 9.000000000000000000e+00
1.750000000000000000e+02 5.271828665568369487e+00 2.777777777777777857e+01 8.333333333333332149e+00 1.000000000000000000e+01
1.760000000000000000e+02 5.683690280065897937e+00 2.777777777777777857e+01 8.333333333333332149e+00 1.000000000000000000e+01
1.770000000000000000e+02 5.930807248764415007e+00 1.666666666666666430e+01 8.333333333333332149e+00 6.000000000000000000e+00
1.780000000000000000e+02 6.754530477759472795e+00 1.388888888888888928e+01 8.333333333333332149e+00 5.000000000000000000e+00
1.790000000000000000e+02 5.930807248764415007e+00 8.333333333333332149e+00 8.333333333333332149e+00 3.000000000000000000e+00
1.800000000000000000e+02 6.589785831960461415e+00 1.111111111111111072e+01 8.333333333333332149e+00 4.000000000000000000e+00
1.810000000000000000e+02 6.219110378912684922e+00 1.111111111111111072e+01 8.333333333333332149e+00 4.000000000000000000e+00
1.820000000000000000e+02 5.930807248764415007e+00 1.944444444444444642e+01 8.333333333333332149e+00 7.000000000000000000e+00
1.830000000000000000e+02 5.601317957166392247e+00 1.944444444444444642e+01 8.333333333333332149e+00 7.000000000000000000e+00
1.840000000000000000e+02 5.848434925864909317e+00 1.666666666666666430e+01 8.333333333333332149e+00 6.000000000000000000e+00
1.850000000000000000e+02 5.601317957166392247e+00 1.666666666666666430e+01 8.333333333333332149e+00 6.000000000000000000e+00
1.860000000000000000e+02 5.889621087314662162e+00 1.944444444444444642e+01 8.333333333333332149e+00 7.000000000000000000e+00
1.870000000000000000e+02 5.313014827018122332e+00 2.500000000000000000e+01 8.333333333333332149e+00 9.000000000000000000e+00
1.880000000000000000e+02 4.983525535420098684e+00 3.333333333333332860e+01 8.333333333333332149e+00 1.200000000000000000e+01
1.890000000000000000e+02 5.189456342668863797e+00 3.055555555555555358e+01 8.333333333333332149e+00 1.100000000000000000e+01
1.900000000000000000e+02 5.065897858319604374e+00 3.888888888888889284e+01 8.333333333333332149e+00 1.400000000000000000e+01
1.910000000000000000e+02 5.807248764415156472e+00 3.055555555555555358e+01 8.333333333333332149e+00 1.100000000000000000e+01
1.920000000000000000e+02 5.189456342668863797e+00 4.444444444444444287e+01 8.333333333333332149e+00 1.600000000000000000e+01
1.930000000000000000e+02 5.807248764415156472e+00 2.777777777777777857e+01 8.333333333333332149e+00 1.000000000000000000e+01
1.940000000000000000e+02 5.848434925864909317e+00 4.166666666666667140e+01 8.333333333333332149e+00 1.500000000000000000e+01
1.950000000000000000e+02 5.518945634266886557e+00 3.611111111111110716e+01 8.333333333333332149e+00 1.300000000000000000e+01
1.960000000000000000e+02 5.560131795716639402e+00 4.166666666666667140e+01 8.333333333333332149e+00 1.500000000000000000e+01
1.970000000000000000e+02 5.477759472817133712e+00 2.777777777777777857e+01 8.333333333333332149e+00 1.000000000000000000e+01
1.980000000000000000e+02 5.642504118616145092e+00 2.777777777777777857e+01 8.333333333333332149e+00 1.000000000000000000e+01
1.990000000000000000e+02 5.477759472817133712e+00 2.500000000000000000e+01 8.333333333333332149e+00 9.000000000000000000e+00
2.000000000000000000e+02 4.818780889621087304e+00 3.055555555555555358e+01 8.333333333333332149e+00 1.100000000000000000e+01
2.010000000000000000e+02 4.942339373970345839e+00 3.333333333333332860e+01 8.333333333333332149e+00 1.200000000000000000e+01
2.020000000000000000e+02 5.230642504118616642e+00 2.222222222222222143e+01 8.333333333333332149e+00 8.000000000000000000e+00
2.030000000000000000e+02 5.024711696869851529e+00 3.333333333333332860e+01 8.333333333333332149e+00 1.200000000000000000e+01
2.040000000000000000e+02 5.230642504118616642e+00 1.944444444444444642e+01 8.333333333333332149e+00 7.000000000000000000e+00
2.050000000000000000e+02 5.313014827018122332e+00 2.777777777777777857e+01 8.333333333333332149e+00 1.000000000000000000e+01
2.060000000000000000e+02 5.313014827018122332e+00 3.611111111111110716e+01 8.333333333333332149e+00 1.300000000000000000e+01
2.070000000000000000e+02 5.683690280065897937e+00 3.888888888888889284e+01 8.333333333333332149e+00 1.400000000000000000e+01
2.080000000000000000e+02 6.177924217462932077e+00 4.444444444444444287e+01 8.333333333333332149e+00 1.600000000000000000e+01
2.090000000000000000e+02 5.601317957166392247e+00 3.055555555555555358e+01 8.333333333333332149e+00 1.100000000000000000e+01
2.100000000000000000e+02 6.136738056013179232e+00 3.611111111111110716e+01 8.333333333333332149e+00 1.300000000000000000e+01
2.110000000000000000e+02 5.724876441515650782e+00 5.000000000000000000e+01 8.333333333333332149e+00 1.800000000000000000e+01
2.120000000000000000e+02 6.795716639209226528e+00 4.444444444444444287e+01 8.333333333333332149e+00 1.600000000000000000e+01
2.130000000000000000e+02 7.248764415156506935e+00 2.777777777777777857e+01 8.333333333333332149e+00 1.000000000000000000e+01
2.140000000000000000e+02 7.207578253706754978e+00 2.222222222222222143e+01 8.333333333333332149e+00 8.000000000000000000e+00
2.150000000000000000e+02 6.919275123558484175e+00 3.611111111111110716e+01 8.333333333333332149e+00 1.300000000000000000e+01
2.160000000000000000e+02 6.754530477759472795e+00 4.444444444444444287e+01 8.333333333333332149e+00 1.600000000000000000e+01
2.170000000000000000e+02 7.166392092257001245e+00 2.500000000000000000e+01 8.333333333333332149e+00 9.000000000000000000e+00
2.180000000000000000e+02 7.084019769357495555e+00 3.611111111111110716e+01 8.333333333333332149e+00 1.300000000000000000e+01
2.190000000000000000e+02 6.136738056013179232e+00 3.333333333333332860e+01 8.333333333333332149e+00 1.200000000000000000e+01
2.200000000000000000e+02 6.177924217462932077e+00 2.777777777777777857e+01 8.333333333333332149e+00 1.000000000000000000e+01
2.210000000000000000e+02 6.507413509060954837e+00 3.611111111111110716e+01 8.333333333333332149e+00 1.300000000000000000e+01
2.220000000000000000e+02 5.395387149917628022e+00 4.166666666666667140e+01 8.333333333333332149e+00 1.500000000000000000e+01
2.230000000000000000e+02 5.724876441515650782e+00 3.333333333333332860e+01 8.333333333333332149e+00 1.200000000000000000e+01
2.240000000000000000e+02 5.395387149917628022e+00 3.888888888888889284e+01 8.333333333333332149e+00 1.400000000000000000e+01
2.250000000000000000e+02 5.601317957166392247e+00 3.333333333333332860e+01 8.333333333333332149e+00 1.200000000000000000e+01
2.260000000000000000e+02 5.766062602965403627e+00 3.611111111111110716e+01 8.333333333333332149e+00 1.300000000000000000e+01
2.270000000000000000e+02 5.889621087314662162e+00 2.222222222222222143e+01 8.333333333333332149e+00 8.000000000000000000e+00
2.280000000000000000e+02 5.889621087314662162e+00 2.222222222222222143e+01 8.333333333333332149e+00 8.000000000000000000e+00
2.290000000000000000e+02 5.271828665568369487e+00 3.055555555555555358e+01 8.333333333333332149e+00 1.100000000000000000e+01
2.300000000000000000e+02 5.971993410214167852e+00 1.944444444444444642e+01 8.333333333333332149e+00 7.000000000000000000e+00
2.310000000000000000e+02 5.518945634266886557e+00 1.111111111111111072e+01 8.333333333333332149e+00 4.000000000000000000e+00
2.320000000000000000e+02 5.436573311367380867e+00 1.388888888888888928e+01 8.333333333333332149e+00 5.000000000000000000e+00
2.330000000000000000e+02 6.219110378912684922e+00 1.388888888888888928e+01 8.333333333333332149e+00 5.000000000000000000e+00
2.340000000000000000e+02 6.054365733113673542e+00 1.111111111111111072e+01 8.333333333333332149e+00 4.000000000000000000e+00
2.350000000000000000e+02 6.177924217462932077e+00 1.388888888888888928e+01 8.333333333333332149e+00 5.000000000000000000e+00
2.360000000000000000e+02 6.301482701812191500e+00 8.333333333333332149e+00 8.333333333333332149e+00 3.000000000000000000e+00
2.370000000000000000e+02 6.425041186161449147e+00 1.111111111111111072e+01 8.333333333333332149e+00 4.000000000000000000e+00
2.380000000000000000e+02 6.383855024711697190e+00 1.388888888888888928e+01 8.333333333333332149e+00 5.000000000000000000e+00
2.390000000000000000e+02 6.095551894563426387e+00 1.944444444444444642e+01 8.333333333333332149e+00 7.000000000000000000e+00
2.400000000000000000e+02 6.054365733113673542e+00 1.666666666666666430e+01 8.333333333333332149e+00 6.000000000000000000e+00
2.410000000000000000e+02 6.383855024711697190e+00 1.388888888888888928e+01 8.333333333333332149e+00 5.000000000000000000e+00
2.420000000000000000e+02 6.054365733113673542e+00 1.388888888888888928e+01 8.333333333333332149e+00 5.000000000000000000e+00
2.430000000000000000e+02 6.466227347611202880e+00 1.111111111111111072e+01 8.333333333333332149e+00 4.000000000000000000e+00
2.440000000000000000e+02 6.095551894563426387e+00 2.777777777777777679e+00 8.333333333333332149e+00 1.000000000000000000e+00
2.450000000000000000e+02 6.013179571663920697e+00 1.111111111111111072e+01 8.333333333333332149e+00 4.000000000000000000e+00
2.460000000000000000e+02 6.836902800658978485e+00 5.555555555555555358e+00 8.333333333333332149e+00 2.000000000000000000e+00
2.470000000000000000e+02 6.630971993410214260e+00 8.333333333333332149e+00 8.333333333333332149e+00 3.000000000000000000e+00
2.480000000000000000e+02 6.672158154859967105e+00 0.000000000000000000e+00 8.333333333333332149e+00 -6.000000000000000000e+03
