# step, world, group,control
0.000000000000000000e+00 2.553542009884678876e+01 5.000000000000000000e+01 2.500000000000000000e+01 1.800000000000000000e+01
1.000000000000000000e+00 2.467051070840197724e+01 3.055555555555555358e+01 3.611111111111110716e+01 1.100000000000000000e+01
2.000000000000000000e+00 2.327018121911037696e+01 5.000000000000000000e+01 2.500000000000000000e+01 1.800000000000000000e+01
3.000000000000000000e+00 2.265238879736408606e+01 2.500000000000000000e+01 3.333333333333332860e+01 9.000000000000000000e+00
4.000000000000000000e+00 2.112850082372322902e+01 4.166666666666667140e+01 4.166666666666667140e+01 1.500000000000000000e+01
5.000000000000000000e+00 2.232289950576606330e+01 5.555555555555555713e+01 3.888888888888889284e+01 2.000000000000000000e+01
6.000000000000000000e+00 2.116968698517298009e+01 1.666666666666666430e+01 3.611111111111110716e+01 6.000000000000000000e+00
7.000000000000000000e+00 2.154036243822075747e+01 1.944444444444444642e+01 3.888888888888889284e+01 7.000000000000000000e+00
8.000000000000000000e+00 1.993410214168039474e+01 2.500000000000000000e+01 3.055555555555555358e+01 9.000000000000000000e+00
9.000000000000000000e+00 2.084019769357495733e+01 4.166666666666667140e+01 3.611111111111110716e+01 1.500000000000000000e+01
1.000000000000000000e+01 1.976935749588138336e+01 2.500000000000000000e+01 4.444444444444444287e+01 9.000000000000000000e+00
1.100000000000000000e+01 2.022240527182866643e+01 2.222222222222222143e+01 3.888888888888889284e+01 8.000000000000000000e+00
1.200000000000000000e+01 1.869851729818780939e+01 3.055555555555555358e+01 5.277777777777777857e+01 1.100000000000000000e+01
1.300000000000000000e+01 1.993410214168039474e+01 3.888888888888889284e+01 2.500000000000000000e+01 1.400000000000000000e+01
1.400000000000000000e+01 1.721581548599670342e+01 3.888888888888889284e+01 2.500000000000000000e+01 1.400000000000000000e+01
1.500000000000000000e+01 1.832784184514003201e+01 3.888888888888889284e+01 2.222222222222222143e+01 1.400000000000000000e+01
1.600000000000000000e+01 1.700988467874794097e+01 2.500000000000000000e+01 3.055555555555555358e+01 9.000000000000000000e+00
1.700000000000000000e+01 1.750411861614497511e+01 1.944444444444444642e+01 2.500000000000000000e+01 7.000000000000000000e+00
1.800000000000000000e+01 1.729818780889621266e+01 1.944444444444444642e+01 2.777777777777777857e+01 7.000000000000000000e+00
1.900000000000000000e+01 1.672158154859966928e+01 2.500000000000000000e+01 3.888888888888889284e+01 9.000000000000000000e+00
2.000000000000000000e+01 1.606260296540362376e+01 3.888888888888889284e+01 1.666666666666666430e+01 1.400000000000000000e+01
2.100000000000000000e+01 1.462108731466227241e+01 3.888888888888889284e+01 1.111111111111111072e+01 1.400000000000000000e+01
2.200000000000000000e+01 1.404448105436573435e+01 4.166666666666667140e+01 5.555555555555555358e+00 1.500000000000000000e+01
2.300000000000000000e+01 1.247940691927512447e+01 2.500000000000000000e+01 0.000000000000000000e+00 9.000000000000000000e+00
2.400000000000000000e+01 1.293245469522240576e+01 2.777777777777777857e+01 2.777777777777777679e+00 1.000000000000000000e+01
2.500000000000000000e+01 1.276771004942339438e+01 4.166666666666667140e+01 2.777777777777777679e+00 1.500000000000000000e+01
2.600000000000000000e+01 1.359143327841845306e+01 3.611111111111110716e+01 0.000000000000000000e+00 1.300000000000000000e+01
2.700000000000000000e+01 1.322075782537067390e+01 3.333333333333332860e+01 0.000000000000000000e+00 1.200000000000000000e+01
2.800000000000000000e+01 1.363261943986820413e+01 2.777777777777777857e+01 0.000000000000000000e+00 1.000000000000000000e+01
2.900000000000000000e+01 1.338550247116968528e+01 4.444444444444444287e+01 2.777777777777777679e+00 1.600000000000000000e+01
3.000000000000000000e+01 1.396210873146622689e+01 3.055555555555555358e+01 0.000000000000000000e+00 1.100000000000000000e+01
3.100000000000000000e+01 1.441515650741350996e+01 2.500000000000000000e+01 0.000000000000000000e+00 9.000000000000000000e+00
3.200000000000000000e+01 1.470345963756177987e+01 1.666666666666666430e+01 0.000000000000000000e+00 6.000000000000000000e+00
3.300000000000000000e+01 1.350906095551894559e+01 3.055555555555555358e+01 0.000000000000000000e+00 1.100000000000000000e+01
3.400000000000000000e+01 1.317957166392092283e+01 2.500000000000000000e+01 0.000000000000000000e+00 9.000000000000000000e+00
3.500000000000000000e+01 1.359143327841845306e+01 2.500000000000000000e+01 0.000000000000000000e+00 9.000000000000000000e+00
3.600000000000000000e+01 1.227347611202635846e+01 3.611111111111110716e+01 0.000000000000000000e+00 1.300000000000000000e+01
3.700000000000000000e+01 1.198517298187809033e+01 2.777777777777777857e+01 0.000000000000000000e+00 1.000000000000000000e+01
3.800000000000000000e+01 1.214991762767710171e+01 2.500000000000000000e+01 0.000000000000000000e+00 9.000000000000000000e+00
3.900000000000000000e+01 1.305601317957166252e+01 2.500000000000000000e+01 0.000000000000000000e+00 9.000000000000000000e+00
4.000000000000000000e+01 1.256177924217462838e+01 3.611111111111110716e+01 0.000000000000000000e+00 1.300000000000000000e+01
4.100000000000000000e+01 1.264415156507413585e+01 3.888888888888889284e+01 0.000000000000000000e+00 1.400000000000000000e+01
4.200000000000000000e+01 1.252059308072487553e+01 3.611111111111110716e+01 0.000000000000000000e+00 1.300000000000000000e+01
4.300000000000000000e+01 1.416803953871499111e+01 3.333333333333332860e+01 0.000000000000000000e+00 1.200000000000000000e+01
4.400000000000000000e+01 1.346787479406919275e+01 4.166666666666667140e+01 0.000000000000000000e+00 1.500000000000000000e+01
4.500000000000000000e+01 1.593904448105436522e+01 3.888888888888889284e+01 0.000000000000000000e+00 1.400000000000000000e+01
4.600000000000000000e+01 1.408566721581548720e+01 3.333333333333332860e+01 0.000000000000000000e+00 1.200000000000000000e+01
4.700000000000000000e+01 1.371499176276770804e+01 2.777777777777777857e+01 0.000000000000000000e+00 1.000000000000000000e+01
4.800000000000000000e+01 1.322075782537067390e+01 2.222222222222222143e+01 0.000000000000000000e+00 8.000000000000000000e+00
4.900000000000000000e+01 1.350906095551894559e+01 1.944444444444444642e+01 0.000000000000000000e+00 7.000000000000000000e+00
5.000000000000000000e+01 1.313838550247116999e+01 2.222222222222222143e+01 0.000000000000000000e+00 8.000000000000000000e+00
5.100000000000000000e+01 1.338550247116968528e+01 3.333333333333332860e+01 0.000000000000000000e+00 1.200000000000000000e+01
5.200000000000000000e+01 1.276771004942339438e+01 3.055555555555555358e+01 0.000000000000000000e+00 1.100000000000000000e+01
5.300000000000000000e+01 1.301482701812190967e+01 3.888888888888889284e+01 0.000000000000000000e+00 1.400000000000000000e+01
5.400000000000000000e+01 1.326194398682042852e+01 1.666666666666666430e+01 0.000000000000000000e+00 6.000000000000000000e+00
5.500000000000000000e+01 1.219110378912685277e+01 3.055555555555555358e+01 0.000000000000000000e+00 1.100000000000000000e+01
5.600000000000000000e+01 1.293245469522240576e+01 3.333333333333332860e+01 0.000000000000000000e+00 1.200000000000000000e+01
5.700000000000000000e+01 1.260296540362438300e+01 1.666666666666666430e+01 0.000000000000000000e+00 6.000000000000000000e+00
5.800000000000000000e+01 1.289126853377265114e+01 1.666666666666666430e+01 0.000000000000000000e+00 6.000000000000000000e+00
5.900000000000000000e+01 1.219110378912685277e+01 8.333333333333332149e+00 0.000000000000000000e+00 3.000000000000000000e+00
6.000000000000000000e+01 1.103789126853377311e+01 8.333333333333332149e+00 0.000000000000000000e+00 3.000000000000000000e+00
6.100000000000000000e+01 1.182042833607907717e+01 1.111111111111111072e+01 0.000000000000000000e+00 4.000000000000000000e+00
6.200000000000000000e+01 1.095551894563426742e+01 1.111111111111111072e+01 0.000000000000000000e+00 4.000000000000000000e+00
6.300000000000000000e+01 1.165568369028006579e+01 1.666666666666666430e+01 0.000000000000000000e+00 6.000000000000000000e+00
6.400000000000000000e+01 1.214991762767710171e+01 1.388888888888888928e+01 0.000000000000000000e+00 5.000000000000000000e+00
6.500000000000000000e+01 1.074958813838550142e+01 1.666666666666666430e+01 0.000000000000000000e+00 6.000000000000000000e+00
6.600000000000000000e+01 1.136738056013179587e+01 1.944444444444444642e+01 0.000000000000000000e+00 7.000000000000000000e+00
6.700000000000000000e+01 1.050247116968698435e+01 1.944444444444444642e+01 0.000000000000000000e+00 7.000000000000000000e+00
6.800000000000000000e+01 1.058484349258649004e+01 2.222222222222222143e+01 2.777777777777777679e+00 8.000000000000000000e+00
6.900000000000000000e+01 9.308072487644151849e+00 2.500000000000000000e+01 2.777777777777777679e+00 9.000000000000000000e+00
7.000000000000000000e+01 1.017298187808896159e+01 1.666666666666666430e+01 5.555555555555555358e+00 6.000000000000000000e+00
7.100000000000000000e+01 9.967051070840197369e+00 1.111111111111111072e+01 5.555555555555555358e+00 4.000000000000000000e+00
7.200000000000000000e+01 1.000823723228995021e+01 1.388888888888888928e+01 8.333333333333332149e+00 5.000000000000000000e+00
7.300000000000000000e+01 1.074958813838550142e+01 8.333333333333332149e+00 5.555555555555555358e+00 3.000000000000000000e+00
7.400000000000000000e+01 1.219110378912685277e+01 8.333333333333332149e+00 5.555555555555555358e+00 3.000000000000000000e+00
7.500000000000000000e+01 1.153212520593080725e+01 2.222222222222222143e+01 5.555555555555555358e+00 8.000000000000000000e+00
7.600000000000000000e+01 1.169686985172981863e+01 1.944444444444444642e+01 0.000000000000000000e+00 7.000000000000000000e+00
7.700000000000000000e+01 1.087314662273476173e+01 2.222222222222222143e+01 0.000000000000000000e+00 8.000000000000000000e+00
7.800000000000000000e+01 1.066721581548599573e+01 3.055555555555555358e+01 0.000000000000000000e+00 1.100000000000000000e+01
7.900000000000000000e+01 1.025535420098846728e+01 3.055555555555555358e+01 0.000000000000000000e+00 1.100000000000000000e+01
8.000000000000000000e+01 1.004942339373970306e+01 4.444444444444444287e+01 0.000000000000000000e+00 1.600000000000000000e+01
8.100000000000000000e+01 9.967051070840197369e+00 3.611111111111110716e+01 0.000000000000000000e+00 1.300000000000000000e+01
8.200000000000000000e+01 9.225700164744646159e+00 5.833333333333333570e+01 0.000000000000000000e+00 2.100000000000000000e+01
8.300000000000000000e+01 1.058484349258649004e+01 3.888888888888889284e+01 0.000000000000000000e+00 1.400000000000000000e+01
8.400000000000000000e+01 1.029654036243822013e+01 4.722222222222222854e+01 0.000000000000000000e+00 1.700000000000000000e+01
8.500000000000000000e+01 9.843492586490938834e+00 2.500000000000000000e+01 0.000000000000000000e+00 9.000000000000000000e+00
8.600000000000000000e+01 1.046128500823723328e+01 2.500000000000000000e+01 0.000000000000000000e+00 9.000000000000000000e+00
8.700000000000000000e+01 1.107907742998352418e+01 2.500000000000000000e+01 0.000000000000000000e+00 9.000000000000000000e+00
8.800000000000000000e+01 1.177924217462932432e+01 2.222222222222222143e+01 0.000000000000000000e+00 8.000000000000000000e+00
8.900000000000000000e+01 1.083196046128500711e+01 3.611111111111110716e+01 0.000000000000000000e+00 1.300000000000000000e+01
9.000000000000000000e+01 1.165568369028006579e+01 1.388888888888888928e+01 2.777777777777777679e+00 5.000000000000000000e+00
9.100000000000000000e+01 1.037891268533772759e+01 1.388888888888888928e+01 8.333333333333332149e+00 5.000000000000000000e+00
9.200000000000000000e+01 1.029654036243822013e+01 8.333333333333332149e+00 1.111111111111111072e+01 3.000000000000000000e+00
9.300000000000000000e+01 1.062602965403624466e+01 5.555555555555555358e+00 8.333333333333332149e+00 2.000000000000000000e+00
9.400000000000000000e+01 9.843492586490938834e+00 1.388888888888888928e+01 1.388888888888888928e+01 5.000000000000000000e+00
9.500000000000000000e+01 9.308072487644151849e+00 1.944444444444444642e+01 8.333333333333332149e+00 7.000000000000000000e+00
9.600000000000000000e+01 8.690280065897857398e+00 2.500000000000000000e+01 1.111111111111111072e+01 9.000000000000000000e+00
9.700000000000000000e+01 9.678747940691927454e+00 3.888888888888889284e+01 8.333333333333332149e+00 1.400000000000000000e+01
9.800000000000000000e+01 9.678747940691927454e+00 2.777777777777777857e+01 1.111111111111111072e+01 1.000000000000000000e+01
9.900000000000000000e+01 1.021416803953871444e+01 5.000000000000000000e+01 1.111111111111111072e+01 1.800000000000000000e+01
1.000000000000000000e+02 1.000823723228995021e+01 1.666666666666666430e+01 1.944444444444444642e+01 6.000000000000000000e+00
1.010000000000000000e+02 1.087314662273476173e+01 1.388888888888888928e+01 1.388888888888888928e+01 5.000000000000000000e+00
1.020000000000000000e+02 1.165568369028006579e+01 1.666666666666666430e+01 1.111111111111111072e+01 6.000000000000000000e+00
1.030000000000000000e+02 1.083196046128500711e+01 2.500000000000000000e+01 2.222222222222222143e+01 9.000000000000000000e+00
1.040000000000000000e+02 1.132619439868204303e+01 1.666666666666666430e+01 1.666666666666666430e+01 6.000000000000000000e+00
1.050000000000000000e+02 1.050247116968698435e+01 2.222222222222222143e+01 2.777777777777777857e+01 8.000000000000000000e+00
1.060000000000000000e+02 1.046128500823723328e+01 1.111111111111111072e+01 3.611111111111110716e+01 4.000000000000000000e+00
1.070000000000000000e+02 1.120263591433278449e+01 1.388888888888888928e+01 2.222222222222222143e+01 5.000000000000000000e+00
1.080000000000000000e+02 1.079077429983525604e+01 2.222222222222222143e+01 2.777777777777777857e+01 8.000000000000000000e+00
1.090000000000000000e+02 1.025535420098846728e+01 2.500000000000000000e+01 2.777777777777777857e+01 9.000000000000000000e+00
1.100000000000000000e+02 1.013179571663920875e+01 2.777777777777777857e+01 3.611111111111110716e+01 1.000000000000000000e+01
1.110000000000000000e+02 1.004942339373970306e+01 2.777777777777777857e+01 3.333333333333332860e+01 1.000000000000000000e+01
1.120000000000000000e+02 1.132619439868204303e+01 1.944444444444444642e+01 4.722222222222222854e+01 7.000000000000000000e+00
1.130000000000000000e+02 1.095551894563426742e+01 2.500000000000000000e+01 4.444444444444444287e+01 9.000000000000000000e+00
1.140000000000000000e+02 1.173805601317957148e+01 2.222222222222222143e+01 3.055555555555555358e+01 8.000000000000000000e+00
1.150000000000000000e+02 1.140856672158154872e+01 3.055555555555555358e+01 4.444444444444444287e+01 1.100000000000000000e+01
1.160000000000000000e+02 1.112026359143327880e+01 3.611111111111110716e+01 3.888888888888889284e+01 1.300000000000000000e+01
1.170000000000000000e+02 1.144975288303130156e+01 3.611111111111110716e+01 4.444444444444444287e+01 1.300000000000000000e+01
1.180000000000000000e+02 1.083196046128500711e+01 5.000000000000000000e+01 3.611111111111110716e+01 1.800000000000000000e+01
1.190000000000000000e+02 1.033772652388797297e+01 3.888888888888889284e+01 4.166666666666667140e+01 1.400000000000000000e+01
1.200000000000000000e+02 1.033772652388797297e+01 3.611111111111110716e+01 2.222222222222222143e+01 1.300000000000000000e+01
1.210000000000000000e+02 1.013179571663920875e+01 3.333333333333332860e+01 2.777777777777777857e+01 1.200000000000000000e+01
1.220000000000000000e+02 1.066721581548599573e+01 3.611111111111110716e+01 2.500000000000000000e+01 1.300000000000000000e+01
1.230000000000000000e+02 1.042009884678747866e+01 3.888888888888889284e+01 1.666666666666666430e+01 1.400000000000000000e+01
1.240000000000000000e+02 1.037891268533772759e+01 3.611111111111110716e+01 1.666666666666666430e+01 1.300000000000000000e+01
1.250000000000000000e+02 1.070840197693575035e+01 3.055555555555555358e+01 2.777777777777777857e+01 1.100000000000000000e+01
1.260000000000000000e+02 1.046128500823723328e+01 2.500000000000000000e+01 1.388888888888888928e+01 9.000000000000000000e+00
1.270000000000000000e+02 9.555189456342668919e+00 1.388888888888888928e+01 1.944444444444444642e+01 5.000000000000000000e+00
1.280000000000000000e+02 9.143327841845140469e+00 8.333333333333332149e+00 1.388888888888888928e+01 3.000000000000000000e+00
1.290000000000000000e+02 8.937397034596376244e+00 1.388888888888888928e+01 1.944444444444444642e+01 5.000000000000000000e+00
1.300000000000000000e+02 8.649093904448106329e+00 1.388888888888888928e+01 2.222222222222222143e+01 5.000000000000000000e+00
1.310000000000000000e+02 9.925864909390444524e+00 1.666666666666666430e+01 3.055555555555555358e+01 6.000000000000000000e+00
1.320000000000000000e+02 9.308072487644151849e+00 1.944444444444444642e+01 1.388888888888888928e+01 7.000000000000000000e+00
1.330000000000000000e+02 9.802306425041185989e+00 2.222222222222222143e+01 1.388888888888888928e+01 8.000000000000000000e+00
1.340000000000000000e+02 9.143327841845140469e+00 3.055555555555555358e+01 1.666666666666666430e+01 1.100000000000000000e+01
1.350000000000000000e+02 9.884678747940691679e+00 2.500000000000000000e+01 2.500000000000000000e+01 9.000000000000000000e+00
1.360000000000000000e+02 9.514003294892916074e+00 3.888888888888889284e+01 1.944444444444444642e+01 1.400000000000000000e+01
1.370000000000000000e+02 9.596375617792421764e+00 2.500000000000000000e+01 2.222222222222222143e+01 9.000000000000000000e+00
1.380000000000000000e+02 8.566721581548600639e+00 3.333333333333332860e+01 2.777777777777777857e+01 1.200000000000000000e+01
1.390000000000000000e+02 9.514003294892916074e+00 2.222222222222222143e+01 1.944444444444444642e+01 8.000000000000000000e+00
1.400000000000000000e+02 9.472817133443163229e+00 2.777777777777777857e+01 1.666666666666666430e+01 1.000000000000000000e+01
1.410000000000000000e+02 9.637561779242174609e+00 2.222222222222222143e+01 2.222222222222222143e+01 8.000000000000000000e+00
1.420000000000000000e+02 1.004942339373970306e+01 2.222222222222222143e+01 1.944444444444444642e+01 8.000000000000000000e+00
1.430000000000000000e+02 9.060955518945634779e+00 2.777777777777777857e+01 3.055555555555555358e+01 1.000000000000000000e+01
1.440000000000000000e+02 9.102141680395387624e+00 2.777777777777777857e+01 8.333333333333332149e+00 1.000000000000000000e+01
1.450000000000000000e+02 9.884678747940691679e+00 4.166666666666667140e+01 5.555555555555555358e+00 1.500000000000000000e+01
1.460000000000000000e+02 9.143327841845140469e+00 3.055555555555555358e+01 1.111111111111111072e+01 1.100000000000000000e+01
1.470000000000000000e+02 9.019769357495881934e+00 3.333333333333332860e+01 1.666666666666666430e+01 1.200000000000000000e+01
1.480000000000000000e+02 8.649093904448106329e+00 3.611111111111110716e+01 2.500000000000000000e+01 1.300000000000000000e+01
1.490000000000000000e+02 8.690280065897857398e+00 3.888888888888889284e+01 2.500000000000000000e+01 1.400000000000000000e+01
1.500000000000000000e+02 9.308072487644151849e+00 4.166666666666667140e+01 2.500000000000000000e+01 1.500000000000000000e+01
1.510000000000000000e+02 8.154859967051070413e+00 5.277777777777777857e+01 3.055555555555555358e+01 1.900000000000000000e+01
1.520000000000000000e+02 8.978583196046129089e+00 2.222222222222222143e+01 1.944444444444444642e+01 8.000000000000000000e+00
1.530000000000000000e+02 8.649093904448106329e+00 3.055555555555555358e+01 2.222222222222222143e+01 1.100000000000000000e+01
1.540000000000000000e+02 9.967051070840197369e+00 1.944444444444444642e+01 5.555555555555555358e+00 7.000000000000000000e+00
1.550000000000000000e+02 9.266886326194399004e+00 1.388888888888888928e+01 5.555555555555555358e+00 5.000000000000000000e+00
1.560000000000000000e+02 9.925864909390444524e+00 1.388888888888888928e+01 5.555555555555555358e+00 5.000000000000000000e+00
1.570000000000000000e+02 9.514003294892916074e+00 2.222222222222222143e+01 8.333333333333332149e+00 8.000000000000000000e+00
1.580000000000000000e+02 9.308072487644151849e+00 1.666666666666666430e+01 8.333333333333332149e+00 6.000000000000000000e+00
1.590000000000000000e+02 1.021416803953871444e+01 1.944444444444444642e+01 1.111111111111111072e+01 7.000000000000000000e+00
1.600000000000000000e+02 1.037891268533772759e+01 1.944444444444444642e+01 1.111111111111111072e+01 7.000000000000000000e+00
1.610000000000000000e+02 9.637561779242174609e+00 1.111111111111111072e+01 1.111111111111111072e+01 4.000000000000000000e+00
1.620000000000000000e+02 9.431630971993410384e+00 8.333333333333332149e+00 1.388888888888888928e+01 3.000000000000000000e+00
1.630000000000000000e+02 1.025535420098846728e+01 8.333333333333332149e+00 1.388888888888888928e+01 3.000000000000000000e+00
1.640000000000000000e+02 1.103789126853377311e+01 8.333333333333332149e+00 1.944444444444444642e+01 3.000000000000000000e+00
1.650000000000000000e+02 1.095551894563426742e+01 1.111111111111111072e+01 1.666666666666666430e+01 4.000000000000000000e+00
1.660000000000000000e+02 1.054365733113673897e+01 1.666666666666666430e+01 2.500000000000000000e+01 6.000000000000000000e+00
1.670000000000000000e+02 1.029654036243822013e+01 1.666666666666666430e+01 1.944444444444444642e+01 6.000000000000000000e+00
1.680000000000000000e+02 1.112026359143327880e+01 1.666666666666666430e+01 3.333333333333332860e+01 6.000000000000000000e+00
1.690000000000000000e+02 9.843492586490938834e+00 1.944444444444444642e+01 3.055555555555555358e+01 7.000000000000000000e+00
1.700000000000000000e+02 1.066721581548599573e+01 1.944444444444444642e+01 4.444444444444444287e+01 7.000000000000000000e+00
1.710000000000000000e+02 9.802306425041185989e+00 1.666666666666666430e+01 1.666666666666666430e+01 6.000000000000000000e+00
1.720000000000000000e+02 1.054365733113673897e+01 1.666666666666666430e+01 1.388888888888888928e+01 6.000000000000000000e+00
1.730000000000000000e+02 9.555189456342668919e+00 8.333333333333332149e+00 2.500000000000000000e+01 3.000000000000000000e+00
1.740000000000000000e+02 9.184514003294893314e+00 8.333333333333332149e+00 3.055555555555555358e+01 3.000000000000000000e+00
1.750000000000000000e+02 9.637561779242174609e+00 8.333333333333332149e+00 1.944444444444444642e+01 3.000000000000000000e+00
1.760000000000000000e+02 8.443163097199340328e+00 1.111111111111111072e+01 1.111111111111111072e+01 4.000000000000000000e+00
1.770000000000000000e+02 8.237232289950576103e+00 1.944444444444444642e+01 8.333333333333332149e+00 7.000000000000000000e+00
1.780000000000000000e+02 6.630971993410214260e+00 1.944444444444444642e+01 1.388888888888888928e+01 7.000000000000000000e+00
1.790000000000000000e+02 6.795716639209226528e+00 3.055555555555555358e+01 1.111111111111111072e+01 1.100000000000000000e+01
1.800000000000000000e+02 5.889621087314662162e+00 3.055555555555555358e+01 1.388888888888888928e+01 1.100000000000000000e+01
1.810000000000000000e+02 6.219110378912684922e+00 1.666666666666666430e+01 1.944444444444444642e+01 6.000000000000000000e+00
1.820000000000000000e+02 6.836902800658978485e+00 1.111111111111111072e+01 1.944444444444444642e+01 4.000000000000000000e+00
1.830000000000000000e+02 6.795716639209226528e+00 2.500000000000000000e+01 1.944444444444444642e+01 9.000000000000000000e+00
1.840000000000000000e+02 5.766062602965403627e+00 2.777777777777777857e+01 2.222222222222222143e+01 1.000000000000000000e+01
1.850000000000000000e+02 5.848434925864909317e+00 2.777777777777777857e+01 1.666666666666666430e+01 1.000000000000000000e+01
1.860000000000000000e+02 5.354200988467875177e+00 2.777777777777777857e+01 2.222222222222222143e+01 1.000000000000000000e+01
1.870000000000000000e+02 5.766062602965403627e+00 3.888888888888889284e+01 1.666666666666666430e+01 1.400000000000000000e+01
1.880000000000000000e+02 5.601317957166392247e+00 2.777777777777777857e+01 2.222222222222222143e+01 1.000000000000000000e+01
1.890000000000000000e+02 5.848434925864909317e+00 4.444444444444444287e+01 2.500000000000000000e+01 1.600000000000000000e+01
1.900000000000000000e+02 5.560131795716639402e+00 2.222222222222222143e+01 3.333333333333332860e+01 8.000000000000000000e+00
1.910000000000000000e+02 5.766062602965403627e+00 2.222222222222222143e+01 3.611111111111110716e+01 8.000000000000000000e+00
1.920000000000000000e+02 5.395387149917628022e+00 3.055555555555555358e+01 4.166666666666667140e+01 1.100000000000000000e+01
1.930000000000000000e+02 5.724876441515650782e+00 1.944444444444444642e+01 3.888888888888889284e+01 7.000000000000000000e+00
1.940000000000000000e+02 5.560131795716639402e+00 2.222222222222222143e+01 3.888888888888889284e+01 8.000000000000000000e+00
1.950000000000000000e+02 6.136738056013179232e+00 1.666666666666666430e+01 2.500000000000000000e+01 6.000000000000000000e+00
1.960000000000000000e+02 5.189456342668863797e+00 2.777777777777777857e+01 1.944444444444444642e+01 1.000000000000000000e+01
1.970000000000000000e+02 4.859967051070840149e+00 2.500000000000000000e+01 1.944444444444444642e+01 9.000000000000000000e+00
1.980000000000000000e+02 5.230642504118616642e+00 1.944444444444444642e+01 1.111111111111111072e+01 7.000000000000000000e+00
1.990000000000000000e+02 4.859967051070840149e+00 3.055555555555555358e+01 1.388888888888888928e+01 1.100000000000000000e+01
2.000000000000000000e+02 5.477759472817133712e+00 3.333333333333332860e+01 1.388888888888888928e+01 1.200000000000000000e+01
2.010000000000000000e+02 5.560131795716639402e+00 2.777777777777777857e+01 8.333333333333332149e+00 1.000000000000000000e+01
2.020000000000000000e+02 5.848434925864909317e+00 2.500000000000000000e+01 5.555555555555555358e+00 9.000000000000000000e+00
2.030000000000000000e+02 5.889621087314662162e+00 2.222222222222222143e+01 2.777777777777777679e+00 8.000000000000000000e+00
2.040000000000000000e+02 5.807248764415156472e+00 2.777777777777777857e+01 5.555555555555555358e+00 1.000000000000000000e+01
2.050000000000000000e+02 5.889621087314662162e+00 1.666666666666666430e+01 8.333333333333332149e+00 6.000000000000000000e+00
2.060000000000000000e+02 6.260296540362437767e+00 1.111111111111111072e+01 8.333333333333332149e+00 4.000000000000000000e+00
2.070000000000000000e+02 6.301482701812191500e+00 1.666666666666666430e+01 1.111111111111111072e+01 6.000000000000000000e+00
2.080000000000000000e+02 6.054365733113673542e+00 2.777777777777777857e+01 1.388888888888888928e+01 1.000000000000000000e+01
2.090000000000000000e+02 6.301482701812191500e+00 1.944444444444444642e+01 1.666666666666666430e+01 7.000000000000000000e+00
2.100000000000000000e+02 5.395387149917628022e+00 2.777777777777777857e+01 1.944444444444444642e+01 1.000000000000000000e+01
2.110000000000000000e+02 5.189456342668863797e+00 2.500000000000000000e+01 1.944444444444444642e+01 9.000000000000000000e+00
2.120000000000000000e+02 4.859967051070840149e+00 3.611111111111110716e+01 3.055555555555555358e+01 1.300000000000000000e+01
2.130000000000000000e+02 5.395387149917628022e+00 2.500000000000000000e+01 1.666666666666666430e+01 9.000000000000000000e+00
2.140000000000000000e+02 5.354200988467875177e+00 3.055555555555555358e+01 1.388888888888888928e+01 1.100000000000000000e+01
2.150000000000000000e+02 5.766062602965403627e+00 1.666666666666666430e+01 5.555555555555555358e+00 6.000000000000000000e+00
2.160000000000000000e+02 5.024711696869851529e+00 2.777777777777777857e+01 8.333333333333332149e+00 1.000000000000000000e+01
2.170000000000000000e+02 5.271828665568369487e+00 1.388888888888888928e+01 5.555555555555555358e+00 5.000000000000000000e+00
2.180000000000000000e+02 5.436573311367380867e+00 3.333333333333332860e+01 2.777777777777777679e+00 1.200000000000000000e+01
2.190000000000000000e+02 6.054365733113673542e+00 1.111111111111111072e+01 5.555555555555555358e+00 4.000000000000000000e+00
2.200000000000000000e+02 6.219110378912684922e+00 1.666666666666666430e+01 5.555555555555555358e+00 6.000000000000000000e+00
2.210000000000000000e+02 5.518945634266886557e+00 1.388888888888888928e+01 5.555555555555555358e+00 5.000000000000000000e+00
2.220000000000000000e+02 6.013179571663920697e+00 1.944444444444444642e+01 8.333333333333332149e+00 7.000000000000000000e+00
2.230000000000000000e+02 5.807248764415156472e+00 1.944444444444444642e+01 8.333333333333332149e+00 7.000000000000000000e+00
2.240000000000000000e+02 6.713344316309719950e+00 1.388888888888888928e+01 5.555555555555555358e+00 5.000000000000000000e+00
2.250000000000000000e+02 5.477759472817133712e+00 1.944444444444444642e+01 5.555555555555555358e+00 7.000000000000000000e+00
2.260000000000000000e+02 6.466227347611202880e+00 1.666666666666666430e+01 1.111111111111111072e+01 6.000000000000000000e+00
2.270000000000000000e+02 5.766062602965403627e+00 1.944444444444444642e+01 1.944444444444444642e+01 7.000000000000000000e+00
2.280000000000000000e+02 6.836902800658978485e+00 1.666666666666666430e+01 8.333333333333332149e+00 6.000000000000000000e+00
2.290000000000000000e+02 6.466227347611202880e+00 1.666666666666666430e+01 5.555555555555555358e+00 6.000000000000000000e+00
2.300000000000000000e+02 6.672158154859967105e+00 1.388888888888888928e+01 5.555555555555555358e+00 5.000000000000000000e+00
2.310000000000000000e+02 6.630971993410214260e+00 2.222222222222222143e+01 8.333333333333332149e+00 8.000000000000000000e+00
2.320000000000000000e+02 6.260296540362437767e+00 3.611111111111110716e+01 1.388888888888888928e+01 1.300000000000000000e+01
2.330000000000000000e+02 6.919275123558484175e+00 1.111111111111111072e+01 1.388888888888888928e+01 4.000000000000000000e+00
2.340000000000000000e+02 6.260296540362437767e+00 0.000000000000000000e+00 1.944444444444444642e+01 -6.000000000000000000e+03
