# step, world, group,control
0.000000000000000000e+00 2.512355848434925676e+01 1.944444444444444642e+01 2.222222222222222143e+01 7.000000000000000000e+00
1.000000000000000000e+00 2.331136738056013158e+01 2.777777777777777857e+01 2.500000000000000000e+01 1.000000000000000000e+01
2.000000000000000000e+00 2.261120263591433144e+01 1.388888888888888928e+01 2.777777777777777857e+01 5.000000000000000000e+00
3.000000000000000000e+00 2.285831960461285206e+01 2.222222222222222143e+01 2.777777777777777857e+01 8.000000000000000000e+00
4.000000000000000000e+00 2.228171334431630868e+01 1.944444444444444642e+01 1.944444444444444642e+01 7.000000000000000000e+00
5.000000000000000000e+00 2.092257001647446657e+01 1.388888888888888928e+01 2.222222222222222143e+01 5.000000000000000000e+00
6.000000000000000000e+00 2.075782537067545519e+01 1.944444444444444642e+01 2.222222222222222143e+01 7.000000000000000000e+00
7.000000000000000000e+00 2.046952224052718350e+01 3.055555555555555358e+01 3.333333333333332860e+01 1.100000000000000000e+01
8.000000000000000000e+00 2.133443163097199147e+01 1.666666666666666430e+01 1.388888888888888928e+01 6.000000000000000000e+00
9.000000000000000000e+00 2.096375617792421764e+01 2.777777777777777857e+01 1.666666666666666430e+01 1.000000000000000000e+01
1.000000000000000000e+01 2.096375617792421764e+01 2.222222222222222143e+01 1.388888888888888928e+01 8.000000000000000000e+00
1.100000000000000000e+01 2.063426688632619488e+01 1.111111111111111072e+01 1.944444444444444642e+01 4.000000000000000000e+00
1.200000000000000000e+01 2.096375617792421764e+01 2.777777777777777679e+00 1.666666666666666430e+01 1.000000000000000000e+00
1.300000000000000000e+01 1.993410214168039474e+01 2.777777777777777679e+00 1.111111111111111072e+01 1.000000000000000000e+00
1.400000000000000000e+01 2.079901153212520626e+01 2.777777777777777679e+00 1.388888888888888928e+01 1.000000000000000000e+00
1.500000000000000000e+01 1.886326194398682077e+01 2.777777777777777679e+00 1.944444444444444642e+01 1.000000000000000000e+00
1.600000000000000000e+01 1.968698517298187767e+01 2.777777777777777679e+00 1.666666666666666430e+01 1.000000000000000000e+00
1.700000000000000000e+01 2.084019769357495733e+01 2.777777777777777679e+00 2.777777777777777857e+01 1.000000000000000000e+00
1.800000000000000000e+01 1.948105436573311522e+01 8.333333333333332149e+00 1.388888888888888928e+01 3.000000000000000000e+00
1.900000000000000000e+01 2.182866556836902561e+01 5.555555555555555358e+00 8.333333333333332149e+00 2.000000000000000000e+00
2.000000000000000000e+01 2.104612850082372333e+01 8.333333333333332149e+00 8.333333333333332149e+00 3.000000000000000000e+00
2.100000000000000000e+01 1.960461285008237198e+01 1.388888888888888928e+01 1.111111111111111072e+01 5.000000000000000000e+00
2.200000000000000000e+01 1.964579901153212660e+01 1.388888888888888928e+01 1.388888888888888928e+01 5.000000000000000000e+00
2.300000000000000000e+01 1.857495881383854908e+01 2.500000000000000000e+01 1.388888888888888928e+01 9.000000000000000000e+00
2.400000000000000000e+01 1.878088962108731508e+01 1.111111111111111072e+01 1.944444444444444642e+01 4.000000000000000000e+00
2.500000000000000000e+01 1.680395387149917852e+01 1.666666666666666430e+01 1.666666666666666430e+01 6.000000000000000000e+00
2.600000000000000000e+01 1.795716639209225818e+01 1.666666666666666430e+01 1.388888888888888928e+01 6.000000000000000000e+00
2.700000000000000000e+01 1.626853377265238976e+01 2.777777777777777857e+01 1.944444444444444642e+01 1.000000000000000000e+01
2.800000000000000000e+01 1.659802306425041252e+01 1.944444444444444642e+01 1.388888888888888928e+01 7.000000000000000000e+00
2.900000000000000000e+01 1.717462932454695235e+01 3.611111111111110716e+01 1.944444444444444642e+01 1.300000000000000000e+01
3.000000000000000000e+01 1.519769357495881579e+01 2.222222222222222143e+01 1.666666666666666430e+01 8.000000000000000000e+00
3.100000000000000000e+01 1.429159802306424965e+01 1.666666666666666430e+01 2.500000000000000000e+01 6.000000000000000000e+00
3.200000000000000000e+01 1.499176276771004801e+01 2.777777777777777857e+01 1.944444444444444642e+01 1.000000000000000000e+01
3.300000000000000000e+01 1.614497528830312945e+01 3.055555555555555358e+01 1.666666666666666430e+01 1.100000000000000000e+01
3.400000000000000000e+01 1.466227347611202525e+01 3.055555555555555358e+01 1.944444444444444642e+01 1.100000000000000000e+01
3.500000000000000000e+01 1.474464579901153272e+01 3.333333333333332860e+01 1.666666666666666430e+01 1.200000000000000000e+01
3.600000000000000000e+01 1.379736408566721551e+01 4.444444444444444287e+01 2.777777777777777857e+01 1.600000000000000000e+01
3.700000000000000000e+01 1.346787479406919275e+01 3.333333333333332860e+01 2.500000000000000000e+01 1.200000000000000000e+01
3.800000000000000000e+01 1.416803953871499111e+01 2.777777777777777857e+01 3.055555555555555358e+01 1.000000000000000000e+01
3.900000000000000000e+01 1.313838550247116999e+01 3.611111111111110716e+01 3.055555555555555358e+01 1.300000000000000000e+01
4.000000000000000000e+01 1.309719934102141714e+01 4.722222222222222854e+01 3.333333333333332860e+01 1.700000000000000000e+01
4.100000000000000000e+01 1.289126853377265114e+01 3.333333333333332860e+01 3.055555555555555358e+01 1.200000000000000000e+01
4.200000000000000000e+01 1.285008237232289829e+01 3.055555555555555358e+01 3.333333333333332860e+01 1.100000000000000000e+01
4.300000000000000000e+01 1.231466227347611309e+01 3.611111111111110716e+01 1.666666666666666430e+01 1.300000000000000000e+01
4.400000000000000000e+01 1.297364085667215861e+01 3.333333333333332860e+01 1.944444444444444642e+01 1.200000000000000000e+01
4.500000000000000000e+01 1.247940691927512447e+01 3.055555555555555358e+01 1.944444444444444642e+01 1.100000000000000000e+01
4.600000000000000000e+01 1.280889621087314723e+01 3.055555555555555358e+01 1.944444444444444642e+01 1.100000000000000000e+01
4.700000000000000000e+01 1.276771004942339438e+01 5.277777777777777857e+01 1.111111111111111072e+01 1.900000000000000000e+01
4.800000000000000000e+01 1.396210873146622689e+01 2.500000000000000000e+01 1.388888888888888928e+01 9.000000000000000000e+00
4.900000000000000000e+01 1.280889621087314723e+01 1.944444444444444642e+01 8.333333333333332149e+00 7.000000000000000000e+00
5.000000000000000000e+01 1.416803953871499111e+01 1.388888888888888928e+01 8.333333333333332149e+00 5.000000000000000000e+00
5.100000000000000000e+01 1.346787479406919275e+01 1.388888888888888928e+01 8.333333333333332149e+00 5.000000000000000000e+00
5.200000000000000000e+01 1.404448105436573435e+01 2.500000000000000000e+01 1.388888888888888928e+01 9.000000000000000000e+00
5.300000000000000000e+01 1.425041186161449858e+01 2.500000000000000000e+01 1.388888888888888928e+01 9.000000000000000000e+00
5.400000000000000000e+01 1.326194398682042852e+01 3.333333333333332860e+01 1.111111111111111072e+01 1.200000000000000000e+01
5.500000000000000000e+01 1.371499176276770804e+01 1.111111111111111072e+01 1.944444444444444642e+01 4.000000000000000000e+00
5.600000000000000000e+01 1.280889621087314723e+01 2.500000000000000000e+01 1.111111111111111072e+01 9.000000000000000000e+00
5.700000000000000000e+01 1.219110378912685277e+01 2.500000000000000000e+01 5.555555555555555358e+00 9.000000000000000000e+00
5.800000000000000000e+01 1.252059308072487553e+01 2.777777777777777857e+01 8.333333333333332149e+00 1.000000000000000000e+01
5.900000000000000000e+01 1.243822075782536984e+01 3.055555555555555358e+01 8.333333333333332149e+00 1.100000000000000000e+01
6.000000000000000000e+01 1.169686985172981863e+01 3.333333333333332860e+01 1.111111111111111072e+01 1.200000000000000000e+01
6.100000000000000000e+01 1.206754530477759602e+01 3.333333333333332860e+01 5.555555555555555358e+00 1.200000000000000000e+01
6.200000000000000000e+01 1.140856672158154872e+01 2.500000000000000000e+01 2.777777777777777679e+00 9.000000000000000000e+00
6.300000000000000000e+01 1.190280065897858286e+01 2.222222222222222143e+01 0.000000000000000000e+00 8.000000000000000000e+00
6.400000000000000000e+01 1.214991762767710171e+01 2.500000000000000000e+01 0.000000000000000000e+00 9.000000000000000000e+00
6.500000000000000000e+01 1.190280065897858286e+01 2.222222222222222143e+01 0.000000000000000000e+00 8.000000000000000000e+00
6.600000000000000000e+01 1.103789126853377311e+01 1.111111111111111072e+01 2.777777777777777679e+00 4.000000000000000000e+00
6.700000000000000000e+01 1.070840197693575035e+01 1.111111111111111072e+01 5.555555555555555358e+00 4.000000000000000000e+00
6.800000000000000000e+01 1.066721581548599573e+01 8.333333333333332149e+00 2.777777777777777679e+00 3.000000000000000000e+00
6.900000000000000000e+01 1.149093904448105441e+01 5.555555555555555358e+00 2.777777777777777679e+00 2.000000000000000000e+00
7.000000000000000000e+01 1.099670510708401849e+01 2.777777777777777679e+00 5.555555555555555358e+00 1.000000000000000000e+00
7.100000000000000000e+01 1.083196046128500711e+01 5.555555555555555358e+00 1.111111111111111072e+01 2.000000000000000000e+00
7.200000000000000000e+01 1.132619439868204303e+01 5.555555555555555358e+00 8.333333333333332149e+00 2.000000000000000000e+00
7.300000000000000000e+01 1.182042833607907717e+01 8.333333333333332149e+00 5.555555555555555358e+00 3.000000000000000000e+00
7.400000000000000000e+01 1.161449752883031294e+01 8.333333333333332149e+00 5.555555555555555358e+00 3.000000000000000000e+00
7.500000000000000000e+01 1.173805601317957148e+01 1.388888888888888928e+01 5.555555555555555358e+00 5.000000000000000000e+00
7.600000000000000000e+01 1.239703459637561878e+01 8.333333333333332149e+00 5.555555555555555358e+00 3.000000000000000000e+00
7.700000000000000000e+01 1.322075782537067390e+01 0.000000000000000000e+00 5.555555555555555358e+00 -6.000000000000000000e+03
