# step, world, group,control
0.000000000000000000e+00 2.500000000000000000e+01 2.777777777777777857e+01 2.777777777777777857e+01 1.000000000000000000e+01
1.000000000000000000e+00 2.335255354200988620e+01 2.500000000000000000e+01 2.777777777777777857e+01 9.000000000000000000e+00
2.000000000000000000e+00 2.145799011532125178e+01 2.777777777777777857e+01 2.222222222222222143e+01 1.000000000000000000e+01
3.000000000000000000e+00 2.145799011532125178e+01 3.333333333333332860e+01 1.944444444444444642e+01 1.200000000000000000e+01
4.000000000000000000e+00 2.162273476112026316e+01 4.166666666666667140e+01 2.777777777777777857e+01 1.500000000000000000e+01
5.000000000000000000e+00 2.055189456342668919e+01 5.277777777777777857e+01 2.500000000000000000e+01 1.900000000000000000e+01
6.000000000000000000e+00 1.923393739703459460e+01 2.777777777777777857e+01 4.166666666666667140e+01 1.000000000000000000e+01
7.000000000000000000e+00 1.808072487644151494e+01 3.333333333333332860e+01 2.500000000000000000e+01 1.200000000000000000e+01
8.000000000000000000e+00 1.750411861614497511e+01 3.333333333333332860e+01 2.500000000000000000e+01 1.200000000000000000e+01
9.000000000000000000e+00 1.692751235584843528e+01 3.888888888888889284e+01 1.666666666666666430e+01 1.400000000000000000e+01
1.000000000000000000e+01 1.820428336079077525e+01 3.888888888888889284e+01 5.555555555555555358e+00 1.400000000000000000e+01
1.100000000000000000e+01 1.676276771004942390e+01 3.611111111111110716e+01 2.777777777777777679e+00 1.300000000000000000e+01
1.200000000000000000e+01 1.614497528830312945e+01 4.444444444444444287e+01 0.000000000000000000e+00 1.600000000000000000e+01
1.300000000000000000e+01 1.495057660626029694e+01 3.333333333333332860e+01 2.777777777777777679e+00 1.200000000000000000e+01
1.400000000000000000e+01 1.705107084019769204e+01 2.500000000000000000e+01 2.777777777777777679e+00 9.000000000000000000e+00
1.500000000000000000e+01 1.573311367380560100e+01 2.777777777777777857e+01 2.777777777777777679e+00 1.000000000000000000e+01
1.600000000000000000e+01 1.598023064250411807e+01 3.611111111111110716e+01 8.333333333333332149e+00 1.300000000000000000e+01
1.700000000000000000e+01 1.766886326194398649e+01 4.166666666666667140e+01 1.111111111111111072e+01 1.500000000000000000e+01
1.800000000000000000e+01 1.585667215815486131e+01 5.555555555555555713e+01 1.111111111111111072e+01 2.000000000000000000e+01
1.900000000000000000e+01 1.803953871499176387e+01 3.888888888888889284e+01 1.666666666666666430e+01 1.400000000000000000e+01
2.000000000000000000e+01 1.655683690280065790e+01 3.611111111111110716e+01 1.666666666666666430e+01 1.300000000000000000e+01
2.100000000000000000e+01 1.733937397034596373e+01 5.277777777777777857e+01 2.222222222222222143e+01 1.900000000000000000e+01
2.200000000000000000e+01 1.733937397034596373e+01 3.055555555555555358e+01 1.666666666666666430e+01 1.100000000000000000e+01
2.300000000000000000e+01 1.927512355848434922e+01 4.166666666666667140e+01 2.500000000000000000e+01 1.500000000000000000e+01
2.400000000000000000e+01 1.746293245469522404e+01 1.111111111111111072e+01 2.222222222222222143e+01 4.000000000000000000e+00
2.500000000000000000e+01 1.799835255354200925e+01 1.111111111111111072e+01 2.500000000000000000e+01 4.000000000000000000e+00
2.600000000000000000e+01 1.824546952224052632e+01 8.333333333333332149e+00 4.166666666666667140e+01 3.000000000000000000e+00
2.700000000000000000e+01 1.771004942339374111e+01 5.555555555555555358e+00 1.111111111111111072e+01 2.000000000000000000e+00
2.800000000000000000e+01 1.816309719934102063e+01 8.333333333333332149e+00 2.777777777777777679e+00 3.000000000000000000e+00
2.900000000000000000e+01 1.709225700164744666e+01 8.333333333333332149e+00 2.777777777777777679e+00 3.000000000000000000e+00
3.000000000000000000e+01 1.598023064250411807e+01 5.555555555555555358e+00 0.000000000000000000e+00 2.000000000000000000e+00
3.100000000000000000e+01 1.713344316309720128e+01 2.777777777777777679e+00 2.777777777777777679e+00 1.000000000000000000e+00
3.200000000000000000e+01 1.618616144975288407e+01 5.555555555555555358e+00 2.777777777777777679e+00 2.000000000000000000e+00
3.300000000000000000e+01 1.503294892915980263e+01 1.666666666666666430e+01 8.333333333333332149e+00 6.000000000000000000e+00
3.400000000000000000e+01 1.375617792421746444e+01 2.500000000000000000e+01 2.777777777777777679e+00 9.000000000000000000e+00
3.500000000000000000e+01 1.482701812191103663e+01 1.944444444444444642e+01 2.777777777777777679e+00 7.000000000000000000e+00
3.600000000000000000e+01 1.420922570016474573e+01 2.500000000000000000e+01 0.000000000000000000e+00 9.000000000000000000e+00
3.700000000000000000e+01 1.441515650741350996e+01 2.222222222222222143e+01 2.777777777777777679e+00 8.000000000000000000e+00
3.800000000000000000e+01 1.350906095551894559e+01 3.611111111111110716e+01 2.777777777777777679e+00 1.300000000000000000e+01
3.900000000000000000e+01 1.264415156507413585e+01 3.611111111111110716e+01 0.000000000000000000e+00 1.300000000000000000e+01
4.000000000000000000e+01 1.297364085667215861e+01 3.611111111111110716e+01 0.000000000000000000e+00 1.300000000000000000e+01
4.100000000000000000e+01 1.219110378912685277e+01 1.666666666666666430e+01 8.333333333333332149e+00 6.000000000000000000e+00
4.200000000000000000e+01 1.289126853377265114e+01 5.555555555555555358e+00 8.333333333333332149e+00 2.000000000000000000e+00
4.300000000000000000e+01 1.268533772652388691e+01 5.555555555555555358e+00 5.555555555555555358e+00 2.000000000000000000e+00
4.400000000000000000e+01 1.219110378912685277e+01 8.333333333333332149e+00 5.555555555555555358e+00 3.000000000000000000e+00
4.500000000000000000e+01 1.231466227347611309e+01 5.555555555555555358e+00 2.777777777777777679e+00 2.000000000000000000e+00
4.600000000000000000e+01 1.194398682042833570e+01 0.000000000000000000e+00 2.777777777777777679e+00 -6.000000000000000000e+03
