# step, world, group,control
0.000000000000000000e+00 2.619439868204283428e+01 2.222222222222222143e+01 2.777777777777777857e+01 8.000000000000000000e+00
1.000000000000000000e+00 2.434102141680395448e+01 4.166666666666667140e+01 4.166666666666667140e+01 1.500000000000000000e+01
2.000000000000000000e+00 2.545304777594727952e+01 2.500000000000000000e+01 3.333333333333332860e+01 9.000000000000000000e+00
3.000000000000000000e+00 2.438220757825370555e+01 2.777777777777777857e+01 3.888888888888889284e+01 1.000000000000000000e+01
4.000000000000000000e+00 2.475288303130148293e+01 1.388888888888888928e+01 3.611111111111110716e+01 5.000000000000000000e+00
5.000000000000000000e+00 2.380560131795716572e+01 1.388888888888888928e+01 4.166666666666667140e+01 5.000000000000000000e+00
6.000000000000000000e+00 2.471169686985172831e+01 1.944444444444444642e+01 2.222222222222222143e+01 7.000000000000000000e+00
7.000000000000000000e+00 2.421746293245469417e+01 1.111111111111111072e+01 2.777777777777777857e+01 4.000000000000000000e+00
8.000000000000000000e+00 2.294069192751235420e+01 8.333333333333332149e+00 3.055555555555555358e+01 3.000000000000000000e+00
9.000000000000000000e+00 2.030477759472817212e+01 1.388888888888888928e+01 4.444444444444444287e+01 5.000000000000000000e+00
1.000000000000000000e+01 1.948105436573311522e+01 1.111111111111111072e+01 3.611111111111110716e+01 4.000000000000000000e+00
1.100000000000000000e+01 1.873970345963756046e+01 1.944444444444444642e+01 4.166666666666667140e+01 7.000000000000000000e+00
1.200000000000000000e+01 1.725700164744645804e+01 1.388888888888888928e+01 3.888888888888889284e+01 5.000000000000000000e+00
1.300000000000000000e+01 1.771004942339374111e+01 1.944444444444444642e+01 4.166666666666667140e+01 7.000000000000000000e+00
1.400000000000000000e+01 1.581548599670510669e+01 1.666666666666666430e+01 3.888888888888889284e+01 6.000000000000000000e+00
1.500000000000000000e+01 1.552718286655683855e+01 3.055555555555555358e+01 2.777777777777777857e+01 1.100000000000000000e+01
1.600000000000000000e+01 1.408566721581548720e+01 3.055555555555555358e+01 3.888888888888889284e+01 1.100000000000000000e+01
1.700000000000000000e+01 1.416803953871499111e+01 3.055555555555555358e+01 5.555555555555555713e+01 1.100000000000000000e+01
1.800000000000000000e+01 1.433278418451400249e+01 2.500000000000000000e+01 2.777777777777777857e+01 9.000000000000000000e+00
1.900000000000000000e+01 1.387973640856671942e+01 3.888888888888889284e+01 3.333333333333332860e+01 1.400000000000000000e+01
2.000000000000000000e+01 1.330313014827018137e+01 2.777777777777777857e+01 2.777777777777777857e+01 1.000000000000000000e+01
2.100000000000000000e+01 1.198517298187809033e+01 1.944444444444444642e+01 3.055555555555555358e+01 7.000000000000000000e+00
2.200000000000000000e+01 1.177924217462932432e+01 1.666666666666666430e+01 2.222222222222222143e+01 6.000000000000000000e+00
2.300000000000000000e+01 1.144975288303130156e+01 2.222222222222222143e+01 2.777777777777777857e+01 8.000000000000000000e+00
2.400000000000000000e+01 1.186161449752883001e+01 1.944444444444444642e+01 1.666666666666666430e+01 7.000000000000000000e+00
2.500000000000000000e+01 1.161449752883031294e+01 1.388888888888888928e+01 2.222222222222222143e+01 5.000000000000000000e+00
2.600000000000000000e+01 1.219110378912685277e+01 1.666666666666666430e+01 2.500000000000000000e+01 6.000000000000000000e+00
2.700000000000000000e+01 1.235584843492586415e+01 1.666666666666666430e+01 5.000000000000000000e+01 6.000000000000000000e+00
2.800000000000000000e+01 1.260296540362438300e+01 1.388888888888888928e+01 1.666666666666666430e+01 5.000000000000000000e+00
2.900000000000000000e+01 1.285008237232289829e+01 1.111111111111111072e+01 2.777777777777777857e+01 4.000000000000000000e+00
3.000000000000000000e+01 1.379736408566721551e+01 1.111111111111111072e+01 2.500000000000000000e+01 4.000000000000000000e+00
3.100000000000000000e+01 1.322075782537067390e+01 8.333333333333332149e+00 3.611111111111110716e+01 3.000000000000000000e+00
3.200000000000000000e+01 1.457990115321252134e+01 1.388888888888888928e+01 3.055555555555555358e+01 5.000000000000000000e+00
3.300000000000000000e+01 1.408566721581548720e+01 8.333333333333332149e+00 4.166666666666667140e+01 3.000000000000000000e+00
3.400000000000000000e+01 1.486820428336079125e+01 1.388888888888888928e+01 3.333333333333332860e+01 5.000000000000000000e+00
3.500000000000000000e+01 1.375617792421746444e+01 1.666666666666666430e+01 5.277777777777777857e+01 6.000000000000000000e+00
3.600000000000000000e+01 1.453871499176276849e+01 2.777777777777777857e+01 1.666666666666666430e+01 1.000000000000000000e+01
3.700000000000000000e+01 1.457990115321252134e+01 1.944444444444444642e+01 1.666666666666666430e+01 7.000000000000000000e+00
3.800000000000000000e+01 1.474464579901153272e+01 3.055555555555555358e+01 2.777777777777777857e+01 1.100000000000000000e+01
3.900000000000000000e+01 1.326194398682042852e+01 1.388888888888888928e+01 3.333333333333332860e+01 5.000000000000000000e+00
4.000000000000000000e+01 1.449752883031301387e+01 5.555555555555555358e+00 2.500000000000000000e+01 2.000000000000000000e+00
4.100000000000000000e+01 1.445634266886326103e+01 8.333333333333332149e+00 2.500000000000000000e+01 3.000000000000000000e+00
4.200000000000000000e+01 1.528006589785831970e+01 8.333333333333332149e+00 2.500000000000000000e+01 3.000000000000000000e+00
4.300000000000000000e+01 1.544481054365733108e+01 1.111111111111111072e+01 2.777777777777777857e+01 4.000000000000000000e+00
4.400000000000000000e+01 1.569192751235584993e+01 2.500000000000000000e+01 2.500000000000000000e+01 9.000000000000000000e+00
4.500000000000000000e+01 1.585667215815486131e+01 2.500000000000000000e+01 3.611111111111110716e+01 9.000000000000000000e+00
4.600000000000000000e+01 1.466227347611202525e+01 3.333333333333332860e+01 2.500000000000000000e+01 1.200000000000000000e+01
4.700000000000000000e+01 1.635090609555189545e+01 3.055555555555555358e+01 2.222222222222222143e+01 1.100000000000000000e+01
4.800000000000000000e+01 1.532125205930807077e+01 4.722222222222222854e+01 1.388888888888888928e+01 1.700000000000000000e+01
4.900000000000000000e+01 1.486820428336079125e+01 1.666666666666666430e+01 1.388888888888888928e+01 6.000000000000000000e+00
5.000000000000000000e+01 1.589785831960461238e+01 2.500000000000000000e+01 1.388888888888888928e+01 9.000000000000000000e+00
5.100000000000000000e+01 1.499176276771004801e+01 3.888888888888889284e+01 1.666666666666666430e+01 1.400000000000000000e+01
5.200000000000000000e+01 1.482701812191103663e+01 4.444444444444444287e+01 2.777777777777777857e+01 1.600000000000000000e+01
5.300000000000000000e+01 1.453871499176276849e+01 3.055555555555555358e+01 1.666666666666666430e+01 1.100000000000000000e+01
5.400000000000000000e+01 1.511532125205930832e+01 5.833333333333333570e+01 1.666666666666666430e+01 2.100000000000000000e+01
5.500000000000000000e+01 1.433278418451400249e+01 2.500000000000000000e+01 1.666666666666666430e+01 9.000000000000000000e+00
5.600000000000000000e+01 1.499176276771004801e+01 1.666666666666666430e+01 1.666666666666666430e+01 6.000000000000000000e+00
5.700000000000000000e+01 1.404448105436573435e+01 4.444444444444444287e+01 2.222222222222222143e+01 1.600000000000000000e+01
5.800000000000000000e+01 1.420922570016474573e+01 1.944444444444444642e+01 1.944444444444444642e+01 7.000000000000000000e+00
5.900000000000000000e+01 1.330313014827018137e+01 2.777777777777777857e+01 3.055555555555555358e+01 1.000000000000000000e+01
6.000000000000000000e+01 1.363261943986820413e+01 2.222222222222222143e+01 1.944444444444444642e+01 8.000000000000000000e+00
6.100000000000000000e+01 1.379736408566721551e+01 3.888888888888889284e+01 1.111111111111111072e+01 1.400000000000000000e+01
6.200000000000000000e+01 1.256177924217462838e+01 3.055555555555555358e+01 5.555555555555555358e+00 1.100000000000000000e+01
6.300000000000000000e+01 1.334431630971993421e+01 3.055555555555555358e+01 2.777777777777777679e+00 1.100000000000000000e+01
6.400000000000000000e+01 1.280889621087314723e+01 3.888888888888889284e+01 5.555555555555555358e+00 1.400000000000000000e+01
6.500000000000000000e+01 1.309719934102141714e+01 3.055555555555555358e+01 5.555555555555555358e+00 1.100000000000000000e+01
6.600000000000000000e+01 1.342668863261943990e+01 3.333333333333332860e+01 8.333333333333332149e+00 1.200000000000000000e+01
6.700000000000000000e+01 1.420922570016474573e+01 3.055555555555555358e+01 1.111111111111111072e+01 1.100000000000000000e+01
6.800000000000000000e+01 1.404448105436573435e+01 1.666666666666666430e+01 5.555555555555555358e+00 6.000000000000000000e+00
6.900000000000000000e+01 1.404448105436573435e+01 2.500000000000000000e+01 5.555555555555555358e+00 9.000000000000000000e+00
7.000000000000000000e+01 1.429159802306424965e+01 2.222222222222222143e+01 5.555555555555555358e+00 8.000000000000000000e+00
7.100000000000000000e+01 1.375617792421746444e+01 3.055555555555555358e+01 0.000000000000000000e+00 1.100000000000000000e+01
7.200000000000000000e+01 1.457990115321252134e+01 3.055555555555555358e+01 0.000000000000000000e+00 1.100000000000000000e+01
7.300000000000000000e+01 1.350906095551894559e+01 3.888888888888889284e+01 0.000000000000000000e+00 1.400000000000000000e+01
7.400000000000000000e+01 1.523887973640856686e+01 3.055555555555555358e+01 0.000000000000000000e+00 1.100000000000000000e+01
7.500000000000000000e+01 1.478583196046128556e+01 4.166666666666667140e+01 0.000000000000000000e+00 1.500000000000000000e+01
7.600000000000000000e+01 1.420922570016474573e+01 3.055555555555555358e+01 2.777777777777777679e+00 1.100000000000000000e+01
7.700000000000000000e+01 1.437397034596375711e+01 3.333333333333332860e+01 2.777777777777777679e+00 1.200000000000000000e+01
7.800000000000000000e+01 1.466227347611202525e+01 1.944444444444444642e+01 0.000000000000000000e+00 7.000000000000000000e+00
7.900000000000000000e+01 1.499176276771004801e+01 3.611111111111110716e+01 2.777777777777777679e+00 1.300000000000000000e+01
8.000000000000000000e+01 1.429159802306424965e+01 1.944444444444444642e+01 0.000000000000000000e+00 7.000000000000000000e+00
8.100000000000000000e+01 1.404448105436573435e+01 3.611111111111110716e+01 2.777777777777777679e+00 1.300000000000000000e+01
8.200000000000000000e+01 1.387973640856671942e+01 3.333333333333332860e+01 2.777777777777777679e+00 1.200000000000000000e+01
8.300000000000000000e+01 1.305601317957166252e+01 2.222222222222222143e+01 0.000000000000000000e+00 8.000000000000000000e+00
8.400000000000000000e+01 1.363261943986820413e+01 2.777777777777777857e+01 0.000000000000000000e+00 1.000000000000000000e+01
8.500000000000000000e+01 1.334431630971993421e+01 2.500000000000000000e+01 0.000000000000000000e+00 9.000000000000000000e+00
8.600000000000000000e+01 1.289126853377265114e+01 3.888888888888889284e+01 0.000000000000000000e+00 1.400000000000000000e+01
8.700000000000000000e+01 1.379736408566721551e+01 1.944444444444444642e+01 1.111111111111111072e+01 7.000000000000000000e+00
8.800000000000000000e+01 1.334431630971993421e+01 2.222222222222222143e+01 1.111111111111111072e+01 8.000000000000000000e+00
8.900000000000000000e+01 1.330313014827018137e+01 2.222222222222222143e+01 2.777777777777777679e+00 8.000000000000000000e+00
9.000000000000000000e+01 1.231466227347611309e+01 2.222222222222222143e+01 2.777777777777777679e+00 8.000000000000000000e+00
9.100000000000000000e+01 1.173805601317957148e+01 1.944444444444444642e+01 0.000000000000000000e+00 7.000000000000000000e+00
9.200000000000000000e+01 1.132619439868204303e+01 2.500000000000000000e+01 0.000000000000000000e+00 9.000000000000000000e+00
9.300000000000000000e+01 1.103789126853377311e+01 2.500000000000000000e+01 0.000000000000000000e+00 9.000000000000000000e+00
9.400000000000000000e+01 1.202635914332784139e+01 1.944444444444444642e+01 0.000000000000000000e+00 7.000000000000000000e+00
9.500000000000000000e+01 1.210873146622734708e+01 2.222222222222222143e+01 0.000000000000000000e+00 8.000000000000000000e+00
9.600000000000000000e+01 1.276771004942339438e+01 2.222222222222222143e+01 0.000000000000000000e+00 8.000000000000000000e+00
9.700000000000000000e+01 1.206754530477759602e+01 3.611111111111110716e+01 0.000000000000000000e+00 1.300000000000000000e+01
9.800000000000000000e+01 1.198517298187809033e+01 4.166666666666667140e+01 0.000000000000000000e+00 1.500000000000000000e+01
9.900000000000000000e+01 1.355024711696869666e+01 2.500000000000000000e+01 0.000000000000000000e+00 9.000000000000000000e+00
1.000000000000000000e+02 1.355024711696869666e+01 1.388888888888888928e+01 0.000000000000000000e+00 5.000000000000000000e+00
1.010000000000000000e+02 1.206754530477759602e+01 2.500000000000000000e+01 0.000000000000000000e+00 9.000000000000000000e+00
1.020000000000000000e+02 1.153212520593080725e+01 1.666666666666666430e+01 0.000000000000000000e+00 6.000000000000000000e+00
1.030000000000000000e+02 1.206754530477759602e+01 1.944444444444444642e+01 0.000000000000000000e+00 7.000000000000000000e+00
1.040000000000000000e+02 1.330313014827018137e+01 2.222222222222222143e+01 0.000000000000000000e+00 8.000000000000000000e+00
1.050000000000000000e+02 1.157331136738056010e+01 3.611111111111110716e+01 0.000000000000000000e+00 1.300000000000000000e+01
1.060000000000000000e+02 1.210873146622734708e+01 2.500000000000000000e+01 0.000000000000000000e+00 9.000000000000000000e+00
1.070000000000000000e+02 1.182042833607907717e+01 3.055555555555555358e+01 2.777777777777777679e+00 1.100000000000000000e+01
1.080000000000000000e+02 1.013179571663920875e+01 4.166666666666667140e+01 8.333333333333332149e+00 1.500000000000000000e+01
1.090000000000000000e+02 9.555189456342668919e+00 3.333333333333332860e+01 8.333333333333332149e+00 1.200000000000000000e+01
1.100000000000000000e+02 9.390444810543657539e+00 2.500000000000000000e+01 1.111111111111111072e+01 9.000000000000000000e+00
1.110000000000000000e+02 9.678747940691927454e+00 2.222222222222222143e+01 1.666666666666666430e+01 8.000000000000000000e+00
1.120000000000000000e+02 9.102141680395387624e+00 1.666666666666666430e+01 1.388888888888888928e+01 6.000000000000000000e+00
1.130000000000000000e+02 8.360790774299834638e+00 1.111111111111111072e+01 2.222222222222222143e+01 4.000000000000000000e+00
1.140000000000000000e+02 7.537067545304777738e+00 1.666666666666666430e+01 2.222222222222222143e+01 6.000000000000000000e+00
1.150000000000000000e+02 7.289950576606260668e+00 1.388888888888888928e+01 2.777777777777777857e+01 5.000000000000000000e+00
1.160000000000000000e+02 7.866556836902800498e+00 1.944444444444444642e+01 1.944444444444444642e+01 7.000000000000000000e+00
1.170000000000000000e+02 6.630971993410214260e+00 2.222222222222222143e+01 3.888888888888889284e+01 8.000000000000000000e+00
1.180000000000000000e+02 7.084019769357495555e+00 2.500000000000000000e+01 3.333333333333332860e+01 9.000000000000000000e+00
1.190000000000000000e+02 6.425041186161449147e+00 2.777777777777777857e+01 4.166666666666667140e+01 1.000000000000000000e+01
1.200000000000000000e+02 7.825370675453047653e+00 2.500000000000000000e+01 3.055555555555555358e+01 9.000000000000000000e+00
1.210000000000000000e+02 6.548599670510708570e+00 3.888888888888889284e+01 3.055555555555555358e+01 1.400000000000000000e+01
1.220000000000000000e+02 7.660626029654035385e+00 3.055555555555555358e+01 1.666666666666666430e+01 1.100000000000000000e+01
1.230000000000000000e+02 7.248764415156506935e+00 2.777777777777777857e+01 2.777777777777777857e+01 1.000000000000000000e+01
1.240000000000000000e+02 7.907742998352553343e+00 3.055555555555555358e+01 1.388888888888888928e+01 1.100000000000000000e+01
1.250000000000000000e+02 7.495881383855024005e+00 1.666666666666666430e+01 1.666666666666666430e+01 6.000000000000000000e+00
1.260000000000000000e+02 7.537067545304777738e+00 1.666666666666666430e+01 1.388888888888888928e+01 6.000000000000000000e+00
1.270000000000000000e+02 7.660626029654035385e+00 1.666666666666666430e+01 1.111111111111111072e+01 6.000000000000000000e+00
1.280000000000000000e+02 6.836902800658978485e+00 1.944444444444444642e+01 1.666666666666666430e+01 7.000000000000000000e+00
1.290000000000000000e+02 6.219110378912684922e+00 2.500000000000000000e+01 1.944444444444444642e+01 9.000000000000000000e+00
1.300000000000000000e+02 6.878088962108732218e+00 2.222222222222222143e+01 2.222222222222222143e+01 8.000000000000000000e+00
1.310000000000000000e+02 6.754530477759472795e+00 2.500000000000000000e+01 1.944444444444444642e+01 9.000000000000000000e+00
1.320000000000000000e+02 8.278418451400328948e+00 1.944444444444444642e+01 1.944444444444444642e+01 7.000000000000000000e+00
1.330000000000000000e+02 6.630971993410214260e+00 3.333333333333332860e+01 1.388888888888888928e+01 1.200000000000000000e+01
1.340000000000000000e+02 7.166392092257001245e+00 1.666666666666666430e+01 1.944444444444444642e+01 6.000000000000000000e+00
1.350000000000000000e+02 6.672158154859967105e+00 3.611111111111110716e+01 1.666666666666666430e+01 1.300000000000000000e+01
1.360000000000000000e+02 6.425041186161449147e+00 1.944444444444444642e+01 1.666666666666666430e+01 7.000000000000000000e+00
1.370000000000000000e+02 6.754530477759472795e+00 3.055555555555555358e+01 1.666666666666666430e+01 1.100000000000000000e+01
1.380000000000000000e+02 6.795716639209226528e+00 1.666666666666666430e+01 1.666666666666666430e+01 6.000000000000000000e+00
1.390000000000000000e+02 7.166392092257001245e+00 1.666666666666666430e+01 1.666666666666666430e+01 6.000000000000000000e+00
1.400000000000000000e+02 6.630971993410214260e+00 2.222222222222222143e+01 1.666666666666666430e+01 8.000000000000000000e+00
1.410000000000000000e+02 6.095551894563426387e+00 2.500000000000000000e+01 1.666666666666666430e+01 9.000000000000000000e+00
1.420000000000000000e+02 6.425041186161449147e+00 2.777777777777777857e+01 1.666666666666666430e+01 1.000000000000000000e+01
1.430000000000000000e+02 6.342668863261943457e+00 3.055555555555555358e+01 1.666666666666666430e+01 1.100000000000000000e+01
1.440000000000000000e+02 6.301482701812191500e+00 4.166666666666667140e+01 1.666666666666666430e+01 1.500000000000000000e+01
1.450000000000000000e+02 6.548599670510708570e+00 1.666666666666666430e+01 1.666666666666666430e+01 6.000000000000000000e+00
1.460000000000000000e+02 7.166392092257001245e+00 2.777777777777777857e+01 1.666666666666666430e+01 1.000000000000000000e+01
1.470000000000000000e+02 6.589785831960461415e+00 3.055555555555555358e+01 1.666666666666666430e+01 1.100000000000000000e+01
1.480000000000000000e+02 7.125205930807249288e+00 3.055555555555555358e+01 1.666666666666666430e+01 1.100000000000000000e+01
1.490000000000000000e+02 6.878088962108732218e+00 2.222222222222222143e+01 1.666666666666666430e+01 8.000000000000000000e+00
1.500000000000000000e+02 7.166392092257001245e+00 3.888888888888889284e+01 1.666666666666666430e+01 1.400000000000000000e+01
1.510000000000000000e+02 7.619439868204283428e+00 1.666666666666666430e+01 1.666666666666666430e+01 6.000000000000000000e+00
1.520000000000000000e+02 6.672158154859967105e+00 2.500000000000000000e+01 1.666666666666666430e+01 9.000000000000000000e+00
1.530000000000000000e+02 7.125205930807249288e+00 2.222222222222222143e+01 1.666666666666666430e+01 8.000000000000000000e+00
1.540000000000000000e+02 7.001647446457989865e+00 3.333333333333332860e+01 1.666666666666666430e+01 1.200000000000000000e+01
1.550000000000000000e+02 7.454695222405272048e+00 2.500000000000000000e+01 1.666666666666666430e+01 9.000000000000000000e+00
1.560000000000000000e+02 5.354200988467875177e+00 3.888888888888889284e+01 1.666666666666666430e+01 1.400000000000000000e+01
1.570000000000000000e+02 5.354200988467875177e+00 3.611111111111110716e+01 1.666666666666666430e+01 1.300000000000000000e+01
1.580000000000000000e+02 5.313014827018122332e+00 2.777777777777777857e+01 1.666666666666666430e+01 1.000000000000000000e+01
1.590000000000000000e+02 5.107084019769357219e+00 3.611111111111110716e+01 1.666666666666666430e+01 1.300000000000000000e+01
1.600000000000000000e+02 4.942339373970345839e+00 4.444444444444444287e+01 1.666666666666666430e+01 1.600000000000000000e+01
1.610000000000000000e+02 5.436573311367380867e+00 3.333333333333332860e+01 1.666666666666666430e+01 1.200000000000000000e+01
1.620000000000000000e+02 5.230642504118616642e+00 3.333333333333332860e+01 1.666666666666666430e+01 1.200000000000000000e+01
1.630000000000000000e+02 4.077429983525535206e+00 4.166666666666667140e+01 1.666666666666666430e+01 1.500000000000000000e+01
1.640000000000000000e+02 4.118616144975288051e+00 2.777777777777777857e+01 1.666666666666666430e+01 1.000000000000000000e+01
1.650000000000000000e+02 4.077429983525535206e+00 4.166666666666667140e+01 1.666666666666666430e+01 1.500000000000000000e+01
1.660000000000000000e+02 3.912685337726523827e+00 4.166666666666667140e+01 1.666666666666666430e+01 1.500000000000000000e+01
1.670000000000000000e+02 3.953871499176276672e+00 3.333333333333332860e+01 1.666666666666666430e+01 1.200000000000000000e+01
1.680000000000000000e+02 4.077429983525535206e+00 4.722222222222222854e+01 1.666666666666666430e+01 1.700000000000000000e+01
1.690000000000000000e+02 4.612850082372323079e+00 2.777777777777777857e+01 1.666666666666666430e+01 1.000000000000000000e+01
1.700000000000000000e+02 4.901153212520592994e+00 3.888888888888889284e+01 1.666666666666666430e+01 1.400000000000000000e+01
1.710000000000000000e+02 4.777594728171334459e+00 3.888888888888889284e+01 1.666666666666666430e+01 1.400000000000000000e+01
1.720000000000000000e+02 5.189456342668863797e+00 3.888888888888889284e+01 1.666666666666666430e+01 1.400000000000000000e+01
1.730000000000000000e+02 5.724876441515650782e+00 3.888888888888889284e+01 1.666666666666666430e+01 1.400000000000000000e+01
1.740000000000000000e+02 5.313014827018122332e+00 3.333333333333332860e+01 1.666666666666666430e+01 1.200000000000000000e+01
1.750000000000000000e+02 6.095551894563426387e+00 2.777777777777777857e+01 1.666666666666666430e+01 1.000000000000000000e+01
1.760000000000000000e+02 5.354200988467875177e+00 3.611111111111110716e+01 1.666666666666666430e+01 1.300000000000000000e+01
1.770000000000000000e+02 5.683690280065897937e+00 4.722222222222222854e+01 1.666666666666666430e+01 1.700000000000000000e+01
1.780000000000000000e+02 5.848434925864909317e+00 2.222222222222222143e+01 1.666666666666666430e+01 8.000000000000000000e+00
1.790000000000000000e+02 6.219110378912684922e+00 2.500000000000000000e+01 1.666666666666666430e+01 9.000000000000000000e+00
1.800000000000000000e+02 6.219110378912684922e+00 2.222222222222222143e+01 1.666666666666666430e+01 8.000000000000000000e+00
1.810000000000000000e+02 5.560131795716639402e+00 4.444444444444444287e+01 1.666666666666666430e+01 1.600000000000000000e+01
1.820000000000000000e+02 6.095551894563426387e+00 2.222222222222222143e+01 1.666666666666666430e+01 8.000000000000000000e+00
1.830000000000000000e+02 5.889621087314662162e+00 1.666666666666666430e+01 1.666666666666666430e+01 6.000000000000000000e+00
1.840000000000000000e+02 6.136738056013179232e+00 1.944444444444444642e+01 1.666666666666666430e+01 7.000000000000000000e+00
1.850000000000000000e+02 6.177924217462932077e+00 1.944444444444444642e+01 1.666666666666666430e+01 7.000000000000000000e+00
1.860000000000000000e+02 6.219110378912684922e+00 2.222222222222222143e+01 1.666666666666666430e+01 8.000000000000000000e+00
1.870000000000000000e+02 5.766062602965403627e+00 4.166666666666667140e+01 1.666666666666666430e+01 1.500000000000000000e+01
1.880000000000000000e+02 5.724876441515650782e+00 2.500000000000000000e+01 1.666666666666666430e+01 9.000000000000000000e+00
1.890000000000000000e+02 6.013179571663920697e+00 3.333333333333332860e+01 1.666666666666666430e+01 1.200000000000000000e+01
1.900000000000000000e+02 5.271828665568369487e+00 3.333333333333332860e+01 1.666666666666666430e+01 1.200000000000000000e+01
1.910000000000000000e+02 5.601317957166392247e+00 3.055555555555555358e+01 1.666666666666666430e+01 1.100000000000000000e+01
1.920000000000000000e+02 5.354200988467875177e+00 3.055555555555555358e+01 1.666666666666666430e+01 1.100000000000000000e+01
1.930000000000000000e+02 5.724876441515650782e+00 2.777777777777777857e+01 1.666666666666666430e+01 1.000000000000000000e+01
1.940000000000000000e+02 5.436573311367380867e+00 1.666666666666666430e+01 1.666666666666666430e+01 6.000000000000000000e+00
1.950000000000000000e+02 5.313014827018122332e+00 3.055555555555555358e+01 1.666666666666666430e+01 1.100000000000000000e+01
1.960000000000000000e+02 5.642504118616145092e+00 2.222222222222222143e+01 1.666666666666666430e+01 8.000000000000000000e+00
1.970000000000000000e+02 5.436573311367380867e+00 2.500000000000000000e+01 1.666666666666666430e+01 9.000000000000000000e+00
1.980000000000000000e+02 5.807248764415156472e+00 3.611111111111110716e+01 1.666666666666666430e+01 1.300000000000000000e+01
1.990000000000000000e+02 5.477759472817133712e+00 2.777777777777777857e+01 1.666666666666666430e+01 1.000000000000000000e+01
2.000000000000000000e+02 6.013179571663920697e+00 3.055555555555555358e+01 1.666666666666666430e+01 1.100000000000000000e+01
2.010000000000000000e+02 5.683690280065897937e+00 3.055555555555555358e+01 1.666666666666666430e+01 1.100000000000000000e+01
2.020000000000000000e+02 6.136738056013179232e+00 2.777777777777777857e+01 1.666666666666666430e+01 1.000000000000000000e+01
2.030000000000000000e+02 6.301482701812191500e+00 2.777777777777777857e+01 1.666666666666666430e+01 1.000000000000000000e+01
2.040000000000000000e+02 6.219110378912684922e+00 3.055555555555555358e+01 1.666666666666666430e+01 1.100000000000000000e+01
2.050000000000000000e+02 6.960461285008237908e+00 2.500000000000000000e+01 1.666666666666666430e+01 9.000000000000000000e+00
2.060000000000000000e+02 7.001647446457989865e+00 1.944444444444444642e+01 1.666666666666666430e+01 7.000000000000000000e+00
2.070000000000000000e+02 7.619439868204283428e+00 1.666666666666666430e+01 1.666666666666666430e+01 6.000000000000000000e+00
2.080000000000000000e+02 7.784184514003294808e+00 3.333333333333332860e+01 1.666666666666666430e+01 1.200000000000000000e+01
2.090000000000000000e+02 8.978583196046129089e+00 2.222222222222222143e+01 1.666666666666666430e+01 8.000000000000000000e+00
2.100000000000000000e+02 8.484349258649094949e+00 3.333333333333332860e+01 1.666666666666666430e+01 1.200000000000000000e+01
2.110000000000000000e+02 7.866556836902800498e+00 1.666666666666666430e+01 1.666666666666666430e+01 6.000000000000000000e+00
2.120000000000000000e+02 7.948929159802306188e+00 1.944444444444444642e+01 1.666666666666666430e+01 7.000000000000000000e+00
2.130000000000000000e+02 8.731466227347612019e+00 1.666666666666666430e+01 1.666666666666666430e+01 6.000000000000000000e+00
2.140000000000000000e+02 9.060955518945634779e+00 1.666666666666666430e+01 1.666666666666666430e+01 6.000000000000000000e+00
2.150000000000000000e+02 8.607907742998351708e+00 1.944444444444444642e+01 1.666666666666666430e+01 7.000000000000000000e+00
2.160000000000000000e+02 8.196046128500823258e+00 2.777777777777777857e+01 1.666666666666666430e+01 1.000000000000000000e+01
2.170000000000000000e+02 8.731466227347612019e+00 3.055555555555555358e+01 1.666666666666666430e+01 1.100000000000000000e+01
2.180000000000000000e+02 7.948929159802306188e+00 2.222222222222222143e+01 1.666666666666666430e+01 8.000000000000000000e+00
2.190000000000000000e+02 8.072487644151564723e+00 3.055555555555555358e+01 1.666666666666666430e+01 1.100000000000000000e+01
2.200000000000000000e+02 7.990115321252059033e+00 1.944444444444444642e+01 1.666666666666666430e+01 7.000000000000000000e+00
2.210000000000000000e+02 7.578253706754529695e+00 2.500000000000000000e+01 1.666666666666666430e+01 9.000000000000000000e+00
2.220000000000000000e+02 8.525535420098846018e+00 2.500000000000000000e+01 1.666666666666666430e+01 9.000000000000000000e+00
2.230000000000000000e+02 7.866556836902800498e+00 1.944444444444444642e+01 1.666666666666666430e+01 7.000000000000000000e+00
2.240000000000000000e+02 7.825370675453047653e+00 2.500000000000000000e+01 1.666666666666666430e+01 9.000000000000000000e+00
2.250000000000000000e+02 7.619439868204283428e+00 2.222222222222222143e+01 1.666666666666666430e+01 8.000000000000000000e+00
2.260000000000000000e+02 8.401976935749589259e+00 2.500000000000000000e+01 1.666666666666666430e+01 9.000000000000000000e+00
2.270000000000000000e+02 8.113673805601317568e+00 3.333333333333332860e+01 1.666666666666666430e+01 1.200000000000000000e+01
2.280000000000000000e+02 8.772652388797364864e+00 3.611111111111110716e+01 1.666666666666666430e+01 1.300000000000000000e+01
2.290000000000000000e+02 7.784184514003294808e+00 3.888888888888889284e+01 1.666666666666666430e+01 1.400000000000000000e+01
2.300000000000000000e+02 8.896210873146623399e+00 2.222222222222222143e+01 1.666666666666666430e+01 8.000000000000000000e+00
2.310000000000000000e+02 8.072487644151564723e+00 2.222222222222222143e+01 1.666666666666666430e+01 8.000000000000000000e+00
2.320000000000000000e+02 9.225700164744646159e+00 2.222222222222222143e+01 1.666666666666666430e+01 8.000000000000000000e+00
2.330000000000000000e+02 8.360790774299834638e+00 2.777777777777777857e+01 1.666666666666666430e+01 1.000000000000000000e+01
2.340000000000000000e+02 7.825370675453047653e+00 1.388888888888888928e+01 1.666666666666666430e+01 5.000000000000000000e+00
2.350000000000000000e+02 8.978583196046129089e+00 3.333333333333332860e+01 1.666666666666666430e+01 1.200000000000000000e+01
2.360000000000000000e+02 8.113673805601317568e+00 1.388888888888888928e+01 1.666666666666666430e+01 5.000000000000000000e+00
2.370000000000000000e+02 9.719934102141680299e+00 0.000000000000000000e+00 1.666666666666666430e+01 -6.000000000000000000e+03
