# step, world, group,control
0.000000000000000000e+00 2.475288303130148293e+01 2.777777777777777857e+01 2.500000000000000000e+01 1.000000000000000000e+01
1.000000000000000000e+00 2.125205930807248933e+01 1.111111111111111072e+01 1.944444444444444642e+01 4.000000000000000000e+00
2.000000000000000000e+00 2.104612850082372333e+01 8.333333333333332149e+00 3.333333333333332860e+01 3.000000000000000000e+00
3.000000000000000000e+00 1.952224052718286629e+01 1.111111111111111072e+01 3.055555555555555358e+01 4.000000000000000000e+00
4.000000000000000000e+00 1.762767710049423542e+01 1.666666666666666430e+01 4.444444444444444287e+01 6.000000000000000000e+00
5.000000000000000000e+00 1.692751235584843528e+01 2.500000000000000000e+01 2.777777777777777857e+01 9.000000000000000000e+00
6.000000000000000000e+00 1.808072487644151494e+01 2.222222222222222143e+01 3.055555555555555358e+01 8.000000000000000000e+00
7.000000000000000000e+00 1.610378912685337838e+01 2.500000000000000000e+01 4.444444444444444287e+01 9.000000000000000000e+00
8.000000000000000000e+00 1.700988467874794097e+01 2.777777777777777857e+01 4.444444444444444287e+01 1.000000000000000000e+01
9.000000000000000000e+00 1.651565074135090683e+01 1.388888888888888928e+01 4.166666666666667140e+01 5.000000000000000000e+00
1.000000000000000000e+01 1.577429983525535384e+01 1.666666666666666430e+01 3.611111111111110716e+01 6.000000000000000000e+00
1.100000000000000000e+01 1.540362438220757824e+01 5.555555555555555358e+00 3.888888888888889284e+01 2.000000000000000000e+00
1.200000000000000000e+01 1.495057660626029694e+01 5.555555555555555358e+00 5.000000000000000000e+01 2.000000000000000000e+00
1.300000000000000000e+01 1.478583196046128556e+01 2.777777777777777679e+00 2.500000000000000000e+01 1.000000000000000000e+00
1.400000000000000000e+01 1.560955518945634246e+01 0.000000000000000000e+00 2.500000000000000000e+01 -6.000000000000000000e+03
