# step, world, group,control
0.000000000000000000e+00 2.520593080724876600e+01 1.388888888888888928e+01 4.722222222222222854e+01 5.000000000000000000e+00
1.000000000000000000e+00 2.405271828665568279e+01 2.500000000000000000e+01 3.055555555555555358e+01 9.000000000000000000e+00
2.000000000000000000e+00 2.318780889621087482e+01 1.388888888888888928e+01 3.333333333333332860e+01 5.000000000000000000e+00
3.000000000000000000e+00 2.273476112026359175e+01 8.333333333333332149e+00 4.166666666666667140e+01 3.000000000000000000e+00
4.000000000000000000e+00 2.030477759472817212e+01 8.333333333333332149e+00 5.000000000000000000e+01 3.000000000000000000e+00
5.000000000000000000e+00 1.993410214168039474e+01 5.555555555555555358e+00 1.944444444444444642e+01 2.000000000000000000e+00
6.000000000000000000e+00 1.803953871499176387e+01 5.555555555555555358e+00 2.500000000000000000e+01 2.000000000000000000e+00
7.000000000000000000e+00 1.762767710049423542e+01 8.333333333333332149e+00 2.222222222222222143e+01 3.000000000000000000e+00
8.000000000000000000e+00 1.787479406919275249e+01 5.555555555555555358e+00 3.055555555555555358e+01 2.000000000000000000e+00
9.000000000000000000e+00 1.898682042833607753e+01 5.555555555555555358e+00 3.611111111111110716e+01 2.000000000000000000e+00
1.000000000000000000e+01 1.812191103789126956e+01 5.555555555555555358e+00 3.333333333333332860e+01 2.000000000000000000e+00
1.100000000000000000e+01 1.828665568369028094e+01 8.333333333333332149e+00 3.888888888888889284e+01 3.000000000000000000e+00
1.200000000000000000e+01 1.841021416803953770e+01 1.111111111111111072e+01 2.777777777777777857e+01 4.000000000000000000e+00
1.300000000000000000e+01 1.824546952224052632e+01 1.666666666666666430e+01 3.888888888888889284e+01 6.000000000000000000e+00
1.400000000000000000e+01 1.676276771004942390e+01 1.666666666666666430e+01 1.944444444444444642e+01 6.000000000000000000e+00
1.500000000000000000e+01 1.647446457990115221e+01 1.666666666666666430e+01 1.944444444444444642e+01 6.000000000000000000e+00
1.600000000000000000e+01 1.639209225700164652e+01 2.500000000000000000e+01 1.944444444444444642e+01 9.000000000000000000e+00
1.700000000000000000e+01 1.478583196046128556e+01 1.944444444444444642e+01 2.222222222222222143e+01 7.000000000000000000e+00
1.800000000000000000e+01 1.453871499176276849e+01 2.222222222222222143e+01 2.222222222222222143e+01 8.000000000000000000e+00
1.900000000000000000e+01 1.445634266886326103e+01 3.055555555555555358e+01 2.777777777777777857e+01 1.100000000000000000e+01
2.000000000000000000e+01 1.408566721581548720e+01 3.333333333333332860e+01 3.055555555555555358e+01 1.200000000000000000e+01
2.100000000000000000e+01 1.305601317957166252e+01 3.888888888888889284e+01 2.222222222222222143e+01 1.400000000000000000e+01
2.200000000000000000e+01 1.322075782537067390e+01 3.888888888888889284e+01 2.777777777777777857e+01 1.400000000000000000e+01
2.300000000000000000e+01 1.293245469522240576e+01 5.000000000000000000e+01 2.222222222222222143e+01 1.800000000000000000e+01
2.400000000000000000e+01 1.309719934102141714e+01 1.944444444444444642e+01 2.777777777777777857e+01 7.000000000000000000e+00
2.500000000000000000e+01 1.239703459637561878e+01 3.055555555555555358e+01 2.500000000000000000e+01 1.100000000000000000e+01
2.600000000000000000e+01 1.190280065897858286e+01 2.777777777777777857e+01 2.500000000000000000e+01 1.000000000000000000e+01
2.700000000000000000e+01 1.099670510708401849e+01 2.222222222222222143e+01 3.611111111111110716e+01 8.000000000000000000e+00
2.800000000000000000e+01 1.009060955518945590e+01 2.500000000000000000e+01 2.222222222222222143e+01 9.000000000000000000e+00
2.900000000000000000e+01 1.037891268533772759e+01 3.055555555555555358e+01 3.055555555555555358e+01 1.100000000000000000e+01
3.000000000000000000e+01 1.046128500823723328e+01 1.944444444444444642e+01 2.777777777777777857e+01 7.000000000000000000e+00
3.100000000000000000e+01 9.884678747940691679e+00 2.222222222222222143e+01 3.888888888888889284e+01 8.000000000000000000e+00
3.200000000000000000e+01 1.000823723228995021e+01 1.944444444444444642e+01 3.611111111111110716e+01 7.000000000000000000e+00
3.300000000000000000e+01 9.884678747940691679e+00 1.944444444444444642e+01 2.500000000000000000e+01 7.000000000000000000e+00
3.400000000000000000e+01 9.761120263591433144e+00 1.388888888888888928e+01 4.166666666666667140e+01 5.000000000000000000e+00
3.500000000000000000e+01 1.025535420098846728e+01 1.388888888888888928e+01 3.611111111111110716e+01 5.000000000000000000e+00
3.600000000000000000e+01 1.037891268533772759e+01 1.111111111111111072e+01 3.055555555555555358e+01 4.000000000000000000e+00
3.700000000000000000e+01 9.514003294892916074e+00 1.388888888888888928e+01 4.444444444444444287e+01 5.000000000000000000e+00
3.800000000000000000e+01 9.637561779242174609e+00 1.666666666666666430e+01 3.055555555555555358e+01 6.000000000000000000e+00
3.900000000000000000e+01 9.472817133443163229e+00 2.500000000000000000e+01 3.611111111111110716e+01 9.000000000000000000e+00
4.000000000000000000e+01 9.060955518945634779e+00 2.500000000000000000e+01 3.055555555555555358e+01 9.000000000000000000e+00
4.100000000000000000e+01 1.070840197693575035e+01 2.777777777777777857e+01 2.222222222222222143e+01 1.000000000000000000e+01
4.200000000000000000e+01 9.349258649093904694e+00 4.722222222222222854e+01 2.777777777777777857e+01 1.700000000000000000e+01
4.300000000000000000e+01 9.967051070840197369e+00 3.611111111111110716e+01 3.888888888888889284e+01 1.300000000000000000e+01
4.400000000000000000e+01 9.390444810543657539e+00 1.944444444444444642e+01 3.055555555555555358e+01 7.000000000000000000e+00
4.500000000000000000e+01 1.000823723228995021e+01 1.666666666666666430e+01 4.166666666666667140e+01 6.000000000000000000e+00
4.600000000000000000e+01 1.021416803953871444e+01 3.611111111111110716e+01 3.888888888888889284e+01 1.300000000000000000e+01
4.700000000000000000e+01 8.484349258649094949e+00 3.055555555555555358e+01 4.166666666666667140e+01 1.100000000000000000e+01
4.800000000000000000e+01 9.390444810543657539e+00 3.333333333333332860e+01 2.500000000000000000e+01 1.200000000000000000e+01
4.900000000000000000e+01 9.102141680395387624e+00 3.333333333333332860e+01 3.611111111111110716e+01 1.200000000000000000e+01
5.000000000000000000e+01 9.184514003294893314e+00 3.611111111111110716e+01 1.944444444444444642e+01 1.300000000000000000e+01
5.100000000000000000e+01 9.308072487644151849e+00 2.500000000000000000e+01 2.222222222222222143e+01 9.000000000000000000e+00
5.200000000000000000e+01 1.033772652388797297e+01 3.333333333333332860e+01 3.055555555555555358e+01 1.200000000000000000e+01
5.300000000000000000e+01 8.525535420098846018e+00 3.611111111111110716e+01 2.500000000000000000e+01 1.300000000000000000e+01
5.400000000000000000e+01 8.154859967051070413e+00 4.722222222222222854e+01 2.500000000000000000e+01 1.700000000000000000e+01
5.500000000000000000e+01 8.937397034596376244e+00 3.611111111111110716e+01 1.666666666666666430e+01 1.300000000000000000e+01
5.600000000000000000e+01 9.184514003294893314e+00 2.777777777777777857e+01 2.222222222222222143e+01 1.000000000000000000e+01
5.700000000000000000e+01 8.649093904448106329e+00 4.722222222222222854e+01 2.777777777777777857e+01 1.700000000000000000e+01
5.800000000000000000e+01 8.855024711696870554e+00 2.500000000000000000e+01 1.666666666666666430e+01 9.000000000000000000e+00
5.900000000000000000e+01 7.742998352553541075e+00 4.444444444444444287e+01 3.888888888888889284e+01 1.600000000000000000e+01
6.000000000000000000e+01 8.031301482701811878e+00 1.944444444444444642e+01 1.944444444444444642e+01 7.000000000000000000e+00
6.100000000000000000e+01 8.401976935749589259e+00 2.777777777777777857e+01 4.166666666666667140e+01 1.000000000000000000e+01
6.200000000000000000e+01 8.401976935749589259e+00 2.500000000000000000e+01 3.333333333333332860e+01 9.000000000000000000e+00
6.300000000000000000e+01 8.649093904448106329e+00 1.388888888888888928e+01 5.000000000000000000e+01 5.000000000000000000e+00
6.400000000000000000e+01 8.278418451400328948e+00 2.222222222222222143e+01 2.222222222222222143e+01 8.000000000000000000e+00
6.500000000000000000e+01 8.690280065897857398e+00 3.055555555555555358e+01 2.777777777777777857e+01 1.100000000000000000e+01
6.600000000000000000e+01 7.660626029654035385e+00 2.777777777777777857e+01 3.888888888888889284e+01 1.000000000000000000e+01
6.700000000000000000e+01 7.372322899505766358e+00 3.888888888888889284e+01 6.666666666666665719e+01 1.400000000000000000e+01
6.800000000000000000e+01 8.113673805601317568e+00 2.222222222222222143e+01 8.333333333333332149e+00 8.000000000000000000e+00
6.900000000000000000e+01 8.031301482701811878e+00 3.333333333333332860e+01 8.333333333333332149e+00 1.200000000000000000e+01
7.000000000000000000e+01 8.360790774299834638e+00 1.944444444444444642e+01 8.333333333333332149e+00 7.000000000000000000e+00
7.100000000000000000e+01 7.907742998352553343e+00 3.888888888888889284e+01 1.111111111111111072e+01 1.400000000000000000e+01
7.200000000000000000e+01 8.896210873146623399e+00 1.666666666666666430e+01 1.388888888888888928e+01 6.000000000000000000e+00
7.300000000000000000e+01 8.443163097199340328e+00 2.777777777777777857e+01 1.111111111111111072e+01 1.000000000000000000e+01
7.400000000000000000e+01 9.019769357495881934e+00 1.944444444444444642e+01 1.944444444444444642e+01 7.000000000000000000e+00
7.500000000000000000e+01 8.401976935749589259e+00 2.222222222222222143e+01 2.500000000000000000e+01 8.000000000000000000e+00
7.600000000000000000e+01 9.472817133443163229e+00 2.222222222222222143e+01 1.666666666666666430e+01 8.000000000000000000e+00
7.700000000000000000e+01 8.443163097199340328e+00 3.055555555555555358e+01 1.111111111111111072e+01 1.100000000000000000e+01
7.800000000000000000e+01 8.772652388797364864e+00 1.944444444444444642e+01 1.388888888888888928e+01 7.000000000000000000e+00
7.900000000000000000e+01 8.978583196046129089e+00 2.222222222222222143e+01 1.388888888888888928e+01 8.000000000000000000e+00
8.000000000000000000e+01 9.761120263591433144e+00 2.777777777777777857e+01 1.388888888888888928e+01 1.000000000000000000e+01
8.100000000000000000e+01 9.184514003294893314e+00 2.500000000000000000e+01 1.111111111111111072e+01 9.000000000000000000e+00
8.200000000000000000e+01 9.349258649093904694e+00 2.222222222222222143e+01 1.111111111111111072e+01 8.000000000000000000e+00
8.300000000000000000e+01 9.761120263591433144e+00 2.222222222222222143e+01 1.111111111111111072e+01 8.000000000000000000e+00
8.400000000000000000e+01 8.731466227347612019e+00 2.777777777777777857e+01 1.388888888888888928e+01 1.000000000000000000e+01
8.500000000000000000e+01 9.102141680395387624e+00 8.333333333333332149e+00 1.388888888888888928e+01 3.000000000000000000e+00
8.600000000000000000e+01 9.514003294892916074e+00 2.777777777777777679e+00 1.111111111111111072e+01 1.000000000000000000e+00
8.700000000000000000e+01 9.514003294892916074e+00 0.000000000000000000e+00 1.111111111111111072e+01 -6.000000000000000000e+03
