# step, world, group,control
0.000000000000000000e+00 2.920098846787479374e+01 1.944444444444444642e+01 1.388888888888888928e+01 7.000000000000000000e+00
1.000000000000000000e+00 2.734761120263591394e+01 2.222222222222222143e+01 1.944444444444444642e+01 8.000000000000000000e+00
2.000000000000000000e+00 2.635914332784184566e+01 2.222222222222222143e+01 2.777777777777777857e+01 8.000000000000000000e+00
3.000000000000000000e+00 2.495881383855024893e+01 2.777777777777777857e+01 1.111111111111111072e+01 1.000000000000000000e+01
4.000000000000000000e+00 2.417627677100494310e+01 2.777777777777777857e+01 2.777777777777777679e+00 1.000000000000000000e+01
5.000000000000000000e+00 2.355848434925864865e+01 3.333333333333332860e+01 2.777777777777777679e+00 1.200000000000000000e+01
6.000000000000000000e+00 2.215815485996704837e+01 2.222222222222222143e+01 5.555555555555555358e+00 8.000000000000000000e+00
7.000000000000000000e+00 2.191103789126853485e+01 3.888888888888889284e+01 5.555555555555555358e+00 1.400000000000000000e+01
8.000000000000000000e+00 1.956342668863262091e+01 2.777777777777777857e+01 2.777777777777777679e+00 1.000000000000000000e+01
9.000000000000000000e+00 2.042833607907742888e+01 3.055555555555555358e+01 2.777777777777777679e+00 1.100000000000000000e+01
1.000000000000000000e+01 1.964579901153212660e+01 3.333333333333332860e+01 0.000000000000000000e+00 1.200000000000000000e+01
1.100000000000000000e+01 1.886326194398682077e+01 4.444444444444444287e+01 0.000000000000000000e+00 1.600000000000000000e+01
1.200000000000000000e+01 1.927512355848434922e+01 2.777777777777777857e+01 2.777777777777777679e+00 1.000000000000000000e+01
1.300000000000000000e+01 1.828665568369028094e+01 3.333333333333332860e+01 1.388888888888888928e+01 1.200000000000000000e+01
1.400000000000000000e+01 1.758649093904448080e+01 3.611111111111110716e+01 1.111111111111111072e+01 1.300000000000000000e+01
1.500000000000000000e+01 1.795716639209225818e+01 4.166666666666667140e+01 1.111111111111111072e+01 1.500000000000000000e+01
1.600000000000000000e+01 1.651565074135090683e+01 4.166666666666667140e+01 1.944444444444444642e+01 1.500000000000000000e+01
1.700000000000000000e+01 1.766886326194398649e+01 5.000000000000000000e+01 2.222222222222222143e+01 1.800000000000000000e+01
1.800000000000000000e+01 1.552718286655683855e+01 3.055555555555555358e+01 2.500000000000000000e+01 1.100000000000000000e+01
1.900000000000000000e+01 1.622734761120263514e+01 3.888888888888889284e+01 2.500000000000000000e+01 1.400000000000000000e+01
2.000000000000000000e+01 1.474464579901153272e+01 2.222222222222222143e+01 3.888888888888889284e+01 8.000000000000000000e+00
2.100000000000000000e+01 1.346787479406919275e+01 4.444444444444444287e+01 2.222222222222222143e+01 1.600000000000000000e+01
2.200000000000000000e+01 1.367380560131795697e+01 2.222222222222222143e+01 1.388888888888888928e+01 8.000000000000000000e+00
2.300000000000000000e+01 1.326194398682042852e+01 2.500000000000000000e+01 1.388888888888888928e+01 9.000000000000000000e+00
2.400000000000000000e+01 1.280889621087314723e+01 2.500000000000000000e+01 1.111111111111111072e+01 9.000000000000000000e+00
2.500000000000000000e+01 1.161449752883031294e+01 2.500000000000000000e+01 1.111111111111111072e+01 9.000000000000000000e+00
2.600000000000000000e+01 1.214991762767710171e+01 2.777777777777777857e+01 1.388888888888888928e+01 1.000000000000000000e+01
2.700000000000000000e+01 1.165568369028006579e+01 2.777777777777777857e+01 1.388888888888888928e+01 1.000000000000000000e+01
2.800000000000000000e+01 1.186161449752883001e+01 3.055555555555555358e+01 8.333333333333332149e+00 1.100000000000000000e+01
2.900000000000000000e+01 1.157331136738056010e+01 3.888888888888889284e+01 1.388888888888888928e+01 1.400000000000000000e+01
3.000000000000000000e+01 1.128500823723229018e+01 1.944444444444444642e+01 1.666666666666666430e+01 7.000000000000000000e+00
3.100000000000000000e+01 1.124382207578253734e+01 2.222222222222222143e+01 1.388888888888888928e+01 8.000000000000000000e+00
3.200000000000000000e+01 1.206754530477759602e+01 1.944444444444444642e+01 2.500000000000000000e+01 7.000000000000000000e+00
3.300000000000000000e+01 1.186161449752883001e+01 2.222222222222222143e+01 1.111111111111111072e+01 8.000000000000000000e+00
3.400000000000000000e+01 1.317957166392092283e+01 1.944444444444444642e+01 1.388888888888888928e+01 7.000000000000000000e+00
3.500000000000000000e+01 1.169686985172981863e+01 1.666666666666666430e+01 1.111111111111111072e+01 6.000000000000000000e+00
3.600000000000000000e+01 1.280889621087314723e+01 2.222222222222222143e+01 5.555555555555555358e+00 8.000000000000000000e+00
3.700000000000000000e+01 1.276771004942339438e+01 1.388888888888888928e+01 0.000000000000000000e+00 5.000000000000000000e+00
3.800000000000000000e+01 1.243822075782536984e+01 2.222222222222222143e+01 0.000000000000000000e+00 8.000000000000000000e+00
3.900000000000000000e+01 1.128500823723229018e+01 1.944444444444444642e+01 0.000000000000000000e+00 7.000000000000000000e+00
4.000000000000000000e+01 1.252059308072487553e+01 1.666666666666666430e+01 0.000000000000000000e+00 6.000000000000000000e+00
4.100000000000000000e+01 1.214991762767710171e+01 1.944444444444444642e+01 0.000000000000000000e+00 7.000000000000000000e+00
4.200000000000000000e+01 1.297364085667215861e+01 2.222222222222222143e+01 0.000000000000000000e+00 8.000000000000000000e+00
4.300000000000000000e+01 1.194398682042833570e+01 2.222222222222222143e+01 0.000000000000000000e+00 8.000000000000000000e+00
4.400000000000000000e+01 1.227347611202635846e+01 2.500000000000000000e+01 0.000000000000000000e+00 9.000000000000000000e+00
4.500000000000000000e+01 1.276771004942339438e+01 2.777777777777777857e+01 0.000000000000000000e+00 1.000000000000000000e+01
4.600000000000000000e+01 1.243822075782536984e+01 1.666666666666666430e+01 0.000000000000000000e+00 6.000000000000000000e+00
4.700000000000000000e+01 1.305601317957166252e+01 1.111111111111111072e+01 0.000000000000000000e+00 4.000000000000000000e+00
4.800000000000000000e+01 1.313838550247116999e+01 2.500000000000000000e+01 0.000000000000000000e+00 9.000000000000000000e+00
4.900000000000000000e+01 1.276771004942339438e+01 1.111111111111111072e+01 0.000000000000000000e+00 4.000000000000000000e+00
5.000000000000000000e+01 1.268533772652388691e+01 8.333333333333332149e+00 0.000000000000000000e+00 3.000000000000000000e+00
5.100000000000000000e+01 1.379736408566721551e+01 1.388888888888888928e+01 0.000000000000000000e+00 5.000000000000000000e+00
5.200000000000000000e+01 1.305601317957166252e+01 1.111111111111111072e+01 0.000000000000000000e+00 4.000000000000000000e+00
5.300000000000000000e+01 1.363261943986820413e+01 1.388888888888888928e+01 2.777777777777777679e+00 5.000000000000000000e+00
5.400000000000000000e+01 1.457990115321252134e+01 2.222222222222222143e+01 8.333333333333332149e+00 8.000000000000000000e+00
5.500000000000000000e+01 1.322075782537067390e+01 2.222222222222222143e+01 1.111111111111111072e+01 8.000000000000000000e+00
5.600000000000000000e+01 1.445634266886326103e+01 2.222222222222222143e+01 1.111111111111111072e+01 8.000000000000000000e+00
5.700000000000000000e+01 1.350906095551894559e+01 2.500000000000000000e+01 1.666666666666666430e+01 9.000000000000000000e+00
5.800000000000000000e+01 1.326194398682042852e+01 2.777777777777777857e+01 1.666666666666666430e+01 1.000000000000000000e+01
5.900000000000000000e+01 1.243822075782536984e+01 3.333333333333332860e+01 1.944444444444444642e+01 1.200000000000000000e+01
6.000000000000000000e+01 1.276771004942339438e+01 2.777777777777777857e+01 1.666666666666666430e+01 1.000000000000000000e+01
6.100000000000000000e+01 1.219110378912685277e+01 3.888888888888889284e+01 2.777777777777777857e+01 1.400000000000000000e+01
6.200000000000000000e+01 1.363261943986820413e+01 1.666666666666666430e+01 2.222222222222222143e+01 6.000000000000000000e+00
6.300000000000000000e+01 1.202635914332784139e+01 2.222222222222222143e+01 3.611111111111110716e+01 8.000000000000000000e+00
6.400000000000000000e+01 1.157331136738056010e+01 2.500000000000000000e+01 2.500000000000000000e+01 9.000000000000000000e+00
6.500000000000000000e+01 1.124382207578253734e+01 2.777777777777777857e+01 1.944444444444444642e+01 1.000000000000000000e+01
6.600000000000000000e+01 1.153212520593080725e+01 1.944444444444444642e+01 1.944444444444444642e+01 7.000000000000000000e+00
6.700000000000000000e+01 1.206754530477759602e+01 1.388888888888888928e+01 2.222222222222222143e+01 5.000000000000000000e+00
6.800000000000000000e+01 1.124382207578253734e+01 1.388888888888888928e+01 2.222222222222222143e+01 5.000000000000000000e+00
6.900000000000000000e+01 1.112026359143327880e+01 2.500000000000000000e+01 2.777777777777777857e+01 9.000000000000000000e+00
7.000000000000000000e+01 1.013179571663920875e+01 2.222222222222222143e+01 1.388888888888888928e+01 8.000000000000000000e+00
7.100000000000000000e+01 1.103789126853377311e+01 2.500000000000000000e+01 1.388888888888888928e+01 9.000000000000000000e+00
7.200000000000000000e+01 1.079077429983525604e+01 2.222222222222222143e+01 1.388888888888888928e+01 8.000000000000000000e+00
7.300000000000000000e+01 9.925864909390444524e+00 2.500000000000000000e+01 5.555555555555555358e+00 9.000000000000000000e+00
7.400000000000000000e+01 1.050247116968698435e+01 3.055555555555555358e+01 2.777777777777777679e+00 1.100000000000000000e+01
7.500000000000000000e+01 1.033772652388797297e+01 2.500000000000000000e+01 2.777777777777777679e+00 9.000000000000000000e+00
7.600000000000000000e+01 1.029654036243822013e+01 2.500000000000000000e+01 2.777777777777777679e+00 9.000000000000000000e+00
7.700000000000000000e+01 1.046128500823723328e+01 2.222222222222222143e+01 2.777777777777777679e+00 8.000000000000000000e+00
7.800000000000000000e+01 9.843492586490938834e+00 1.944444444444444642e+01 2.777777777777777679e+00 7.000000000000000000e+00
7.900000000000000000e+01 9.761120263591433144e+00 1.944444444444444642e+01 5.555555555555555358e+00 7.000000000000000000e+00
8.000000000000000000e+01 9.266886326194399004e+00 3.055555555555555358e+01 8.333333333333332149e+00 1.100000000000000000e+01
8.100000000000000000e+01 9.349258649093904694e+00 2.777777777777777857e+01 5.555555555555555358e+00 1.000000000000000000e+01
8.200000000000000000e+01 8.896210873146623399e+00 2.222222222222222143e+01 2.777777777777777679e+00 8.000000000000000000e+00
8.300000000000000000e+01 9.102141680395387624e+00 1.944444444444444642e+01 2.777777777777777679e+00 7.000000000000000000e+00
8.400000000000000000e+01 9.266886326194399004e+00 1.666666666666666430e+01 2.777777777777777679e+00 6.000000000000000000e+00
8.500000000000000000e+01 9.637561779242174609e+00 1.944444444444444642e+01 2.777777777777777679e+00 7.000000000000000000e+00
8.600000000000000000e+01 1.000823723228995021e+01 2.500000000000000000e+01 2.777777777777777679e+00 9.000000000000000000e+00
8.700000000000000000e+01 9.637561779242174609e+00 3.055555555555555358e+01 2.777777777777777679e+00 1.100000000000000000e+01
8.800000000000000000e+01 1.066721581548599573e+01 2.777777777777777857e+01 2.777777777777777679e+00 1.000000000000000000e+01
8.900000000000000000e+01 9.761120263591433144e+00 4.166666666666667140e+01 2.777777777777777679e+00 1.500000000000000000e+01
9.000000000000000000e+01 1.054365733113673897e+01 3.333333333333332860e+01 2.777777777777777679e+00 1.200000000000000000e+01
9.100000000000000000e+01 1.046128500823723328e+01 2.777777777777777857e+01 2.777777777777777679e+00 1.000000000000000000e+01
9.200000000000000000e+01 1.013179571663920875e+01 3.888888888888889284e+01 2.777777777777777679e+00 1.400000000000000000e+01
9.300000000000000000e+01 9.802306425041185989e+00 3.888888888888889284e+01 2.777777777777777679e+00 1.400000000000000000e+01
9.400000000000000000e+01 9.678747940691927454e+00 4.444444444444444287e+01 2.777777777777777679e+00 1.600000000000000000e+01
9.500000000000000000e+01 9.802306425041185989e+00 4.444444444444444287e+01 2.777777777777777679e+00 1.600000000000000000e+01
9.600000000000000000e+01 1.037891268533772759e+01 3.333333333333332860e+01 2.777777777777777679e+00 1.200000000000000000e+01
9.700000000000000000e+01 1.025535420098846728e+01 3.888888888888889284e+01 2.777777777777777679e+00 1.400000000000000000e+01
9.800000000000000000e+01 1.017298187808896159e+01 3.611111111111110716e+01 2.777777777777777679e+00 1.300000000000000000e+01
9.900000000000000000e+01 1.087314662273476173e+01 2.777777777777777857e+01 2.777777777777777679e+00 1.000000000000000000e+01
1.000000000000000000e+02 1.009060955518945590e+01 3.611111111111110716e+01 2.777777777777777679e+00 1.300000000000000000e+01
1.010000000000000000e+02 1.103789126853377311e+01 3.055555555555555358e+01 2.777777777777777679e+00 1.100000000000000000e+01
1.020000000000000000e+02 1.070840197693575035e+01 3.055555555555555358e+01 2.777777777777777679e+00 1.100000000000000000e+01
1.030000000000000000e+02 1.091433278418451280e+01 3.611111111111110716e+01 2.777777777777777679e+00 1.300000000000000000e+01
1.040000000000000000e+02 1.029654036243822013e+01 3.055555555555555358e+01 2.777777777777777679e+00 1.100000000000000000e+01
1.050000000000000000e+02 1.070840197693575035e+01 5.000000000000000000e+01 2.777777777777777679e+00 1.800000000000000000e+01
1.060000000000000000e+02 1.058484349258649004e+01 2.222222222222222143e+01 2.777777777777777679e+00 8.000000000000000000e+00
1.070000000000000000e+02 1.029654036243822013e+01 2.777777777777777857e+01 2.777777777777777679e+00 1.000000000000000000e+01
1.080000000000000000e+02 1.025535420098846728e+01 1.666666666666666430e+01 2.777777777777777679e+00 6.000000000000000000e+00
1.090000000000000000e+02 1.046128500823723328e+01 3.333333333333332860e+01 2.777777777777777679e+00 1.200000000000000000e+01
1.100000000000000000e+02 1.037891268533772759e+01 3.611111111111110716e+01 2.777777777777777679e+00 1.300000000000000000e+01
1.110000000000000000e+02 1.083196046128500711e+01 5.000000000000000000e+01 2.777777777777777679e+00 1.800000000000000000e+01
1.120000000000000000e+02 1.079077429983525604e+01 3.888888888888889284e+01 2.777777777777777679e+00 1.400000000000000000e+01
1.130000000000000000e+02 1.079077429983525604e+01 3.888888888888889284e+01 2.777777777777777679e+00 1.400000000000000000e+01
1.140000000000000000e+02 1.042009884678747866e+01 3.888888888888889284e+01 2.777777777777777679e+00 1.400000000000000000e+01
1.150000000000000000e+02 9.514003294892916074e+00 4.166666666666667140e+01 2.777777777777777679e+00 1.500000000000000000e+01
1.160000000000000000e+02 9.637561779242174609e+00 3.611111111111110716e+01 2.777777777777777679e+00 1.300000000000000000e+01
1.170000000000000000e+02 9.884678747940691679e+00 4.444444444444444287e+01 2.777777777777777679e+00 1.600000000000000000e+01
1.180000000000000000e+02 1.054365733113673897e+01 2.500000000000000000e+01 2.777777777777777679e+00 9.000000000000000000e+00
1.190000000000000000e+02 1.004942339373970306e+01 3.611111111111110716e+01 2.777777777777777679e+00 1.300000000000000000e+01
1.200000000000000000e+02 1.103789126853377311e+01 3.055555555555555358e+01 2.777777777777777679e+00 1.100000000000000000e+01
1.210000000000000000e+02 1.157331136738056010e+01 3.055555555555555358e+01 2.777777777777777679e+00 1.100000000000000000e+01
1.220000000000000000e+02 1.132619439868204303e+01 3.055555555555555358e+01 2.777777777777777679e+00 1.100000000000000000e+01
1.230000000000000000e+02 1.050247116968698435e+01 1.944444444444444642e+01 2.777777777777777679e+00 7.000000000000000000e+00
1.240000000000000000e+02 1.116144975288303165e+01 1.666666666666666430e+01 2.777777777777777679e+00 6.000000000000000000e+00
1.250000000000000000e+02 9.390444810543657539e+00 1.666666666666666430e+01 8.333333333333332149e+00 6.000000000000000000e+00
1.260000000000000000e+02 1.017298187808896159e+01 1.111111111111111072e+01 1.111111111111111072e+01 4.000000000000000000e+00
1.270000000000000000e+02 9.514003294892916074e+00 1.388888888888888928e+01 1.388888888888888928e+01 5.000000000000000000e+00
1.280000000000000000e+02 9.761120263591433144e+00 5.555555555555555358e+00 2.500000000000000000e+01 2.000000000000000000e+00
1.290000000000000000e+02 9.761120263591433144e+00 0.000000000000000000e+00 8.333333333333332149e+00 -6.000000000000000000e+03
